0,1
23124.617157307817,31.0
23124.617219804648,27.0
23124.61728230148,23.0
23124.61734479831,39.0
23124.61740729514,35.0
23124.617469791974,-11.0
23124.617532288805,29.0
23124.617594785635,62.0
23124.617657282466,26.0
23124.6177197793,47.0
23124.61778227613,69.0
23124.61784477296,58.0
23124.617907269792,56.0
23124.617969766623,71.0
23124.618032263457,79.0
23124.618094760288,52.0
23124.61815725712,38.0
23124.61821975395,40.0
23124.61828225078,28.0
23124.618344747614,35.0
23124.618407244445,41.0
23124.618469741275,9.0
23124.618532238106,39.0
23124.618594734937,86.0
23124.61865723177,33.0
23124.6187197286,33.0
23124.618782225432,32.0
23124.618844722263,11.0
23124.618907219097,-1.0
23124.618969715928,11.0
23124.61903221276,2.0
23124.61909470959,-32.0
23124.61915720642,-30.0
23124.619219703254,-37.0
23124.619282200085,-40.0
23124.619344696916,-41.0
23124.619407193746,-48.0
23124.619469690577,-58.0
23124.61953218741,-55.0
23124.61959468424,-31.0
23124.619657181072,-31.0
23124.619719677903,-25.0
23124.619782174734,-33.0
23124.619844671568,-29.0
23124.6199071684,-23.0
23124.61996966523,-30.0
23124.62003216206,-40.0
23124.620094658894,-55.0
23124.620157155725,-55.0
23124.620219652556,-46.0
23124.620282149386,-32.0
23124.620344646217,-54.0
23124.62040714305,-52.0
23124.62046963988,-79.0
23124.620532136712,-53.0
23124.620594633543,11.0
23124.620657130374,-75.0
23124.620719627208,106.0
23124.62078212404,278.0
23124.62084462087,205.0
23124.6209071177,225.0
23124.62096961453,216.0
23124.621032111365,172.0
23124.621094608196,164.0
23124.621157105026,167.0
23124.621219601857,121.0
23124.62128209869,97.0
23124.62134459552,97.0
23124.621407092352,67.0
23124.621469589183,58.0
23124.621532086014,117.0
23124.621594582848,113.0
23124.62165707968,113.0
23124.62171957651,138.0
23124.62178207334,108.0
23124.62184457017,111.0
23124.621907067005,102.0
23124.621969563836,67.0
23124.622032060666,58.0
23124.622094557497,74.0
23124.622157054328,108.0
23124.622219551162,106.0
23124.622282047992,92.0
23124.622344544823,98.0
23124.622407041654,78.0
23124.622469538488,30.0
23124.62253203532,28.0
23124.62259453215,42.0
23124.62265702898,20.0
23124.62271952581,29.0
23124.622782022645,-16.0
23124.622844519476,-27.0
23124.622907016306,11.0
23124.622969513137,60.0
23124.623032009968,88.0
23124.623094506802,121.0
23124.623157003633,160.0
23124.623219500463,129.0
23124.623281997294,93.0
23124.623344494124,96.0
23124.62340699096,115.0
23124.62346948779,89.0
23124.62353198462,88.0
23124.62359448145,112.0
23124.623656978285,75.0
23124.623719475116,41.0
23124.623781971946,12.0
23124.623844468777,14.0
23124.623906965608,17.0
23124.623969462442,-10.0
23124.624031959273,-33.0
23124.624094456103,-68.0
23124.624156952934,-126.0
23124.624219449764,-141.0
23124.6242819466,-112.0
23124.62434444343,-140.0
23124.62440694026,-158.0
23124.62446943709,-167.0
23124.62453193392,-186.0
23124.624594430756,-176.0
23124.624656927586,-208.0
23124.624719424417,-212.0
23124.624781921248,-179.0
23124.624844418082,-138.0
23124.624906914913,-141.0
23124.624969411743,-162.0
23124.625031908574,-158.0
23124.625094405405,-175.0
23124.62515690224,-184.0
23124.62521939907,-209.0
23124.6252818959,-215.0
23124.62534439273,-199.0
23124.62540688956,-200.0
23124.625469386396,-236.0
23124.625531883226,-226.0
23124.625594380057,-178.0
23124.625656876888,-198.0
23124.62571937372,-207.0
23124.625781870553,-190.0
23124.625844367383,-219.0
23124.625906864214,-245.0
23124.625969361045,-241.0
23124.62603185788,-234.0
23124.62609435471,-215.0
23124.62615685154,-227.0
23124.62621934837,-213.0
23124.6262818452,-172.0
23124.626344342036,-166.0
23124.626406838866,-160.0
23124.626469335697,-183.0
23124.626531832528,-160.0
23124.62659432936,-126.0
23124.626656826193,-152.0
23124.626719323023,-151.0
23124.626781819854,-177.0
23124.626844316685,-169.0
23124.626906813515,-179.0
23124.62696931035,-197.0
23124.62703180718,-166.0
23124.62709430401,-178.0
23124.62715680084,-181.0
23124.627219297676,-144.0
23124.627281794506,-155.0
23124.627344291337,-161.0
23124.627406788168,-147.0
23124.627469285,-186.0
23124.627531781833,-150.0
23124.627594278663,-100.0
23124.627656775494,-140.0
23124.627719272325,-141.0
23124.627781769155,-127.0
23124.62784426599,-135.0
23124.62790676282,-128.0
23124.62796925965,-116.0
23124.62803175648,-114.0
23124.628094253312,-131.0
23124.628156750146,-147.0
23124.628219246977,-131.0
23124.628281743808,-123.0
23124.62834424064,-141.0
23124.628406737473,-103.0
23124.628469234303,-111.0
23124.628531731134,-119.0
23124.628594227965,-64.0
23124.628656724795,-95.0
23124.62871922163,-125.0
23124.62878171846,-102.0
23124.62884421529,-105.0
23124.62890671212,-130.0
23124.628969208952,-123.0
23124.629031705786,-93.0
23124.629094202617,-99.0
23124.629156699448,-89.0
23124.62921919628,-72.0
23124.62928169311,-100.0
23124.629344189943,-94.0
23124.629406686774,-62.0
23124.629469183605,-84.0
23124.629531680435,-63.0
23124.62959417727,-30.0
23124.6296566741,-56.0
23124.62971917093,-49.0
23124.62978166776,-37.0
23124.629844164592,-5.0
23124.629906661427,-21.0
23124.629969158257,-52.0
23124.630031655088,-34.0
23124.63009415192,-38.0
23124.63015664875,-49.0
23124.630219145583,-40.0
23124.630281642414,-50.0
23124.630344139245,-49.0
23124.630406636075,-32.0
23124.630469132906,-74.0
23124.63053162974,-83.0
23124.63059412657,-66.0
23124.6306566234,-47.0
23124.630719120232,-204.0
23124.630781617067,-404.0
23124.630844113897,-394.0
23124.630906610728,-386.0
23124.63096910756,-340.0
23124.63103160439,-307.0
23124.631094101223,-272.0
23124.631156598054,-232.0
23124.631219094885,-253.0
23124.631281591715,-251.0
23124.631344088546,-289.0
23124.63140658538,-275.0
23124.63146908221,-266.0
23124.63153157904,-273.0
23124.631594075872,-190.0
23124.631656572703,-223.0
23124.631719069537,-229.0
23124.631781566368,-209.0
23124.6318440632,-237.0
23124.63190656003,-248.0
23124.631969056863,-267.0
23124.632031553694,-220.0
23124.632094050525,-186.0
23124.632156547355,-189.0
23124.632219044186,-191.0
23124.63228154102,-223.0
23124.63234403785,-247.0
23124.63240653468,-227.0
23124.632469031512,-224.0
23124.632531528343,-156.0
23124.632594025177,-55.0
23124.632656522008,-73.0
23124.63271901884,-98.0
23124.63278151567,-104.0
23124.6328440125,-121.0
23124.632906509334,-130.0
23124.632969006165,-131.0
23124.633031502995,-164.0
23124.633093999826,-207.0
23124.63315649666,-249.0
23124.63321899349,-256.0
23124.63328149032,-185.0
23124.633343987152,-164.0
23124.633406483983,-195.0
23124.633468980817,-232.0
23124.633531477648,-227.0
23124.63359397448,-180.0
23124.63365647131,-193.0
23124.63371896814,-168.0
23124.633781464974,-160.0
23124.633843961805,-174.0
23124.633906458635,-146.0
23124.633968955466,-105.0
23124.634031452297,-75.0
23124.63409394913,-63.0
23124.63415644596,-56.0
23124.634218942792,-20.0
23124.634281439623,31.0
23124.634343936457,50.0
23124.634406433288,37.0
23124.63446893012,18.0
23124.63453142695,31.0
23124.63459392378,68.0
23124.634656420614,70.0
23124.634718917445,86.0
23124.634781414275,57.0
23124.634843911106,7.0
23124.634906407937,33.0
23124.63496890477,53.0
23124.6350314016,45.0
23124.635093898432,24.0
23124.635156395263,1.0
23124.635218892094,-5.0
23124.635281388928,52.0
23124.63534388576,72.0
23124.63540638259,69.0
23124.63546887942,46.0
23124.635531376254,27.0
23124.635593873085,55.0
23124.635656369916,41.0
23124.635718866746,79.0
23124.635781363577,82.0
23124.63584386041,62.0
23124.63590635724,54.0
23124.635968854072,36.0
23124.636031350903,7.0
23124.636093847734,27.0
23124.636156344568,75.0
23124.6362188414,70.0
23124.63628133823,49.0
23124.63634383506,31.0
23124.63640633189,16.0
23124.636468828725,-19.0
23124.636531325556,26.0
23124.636593822386,70.0
23124.636656319217,59.0
23124.63671881605,48.0
23124.63678131288,40.0
23124.636843809712,40.0
23124.636906306543,29.0
23124.636968803374,4.0
23124.637031300208,-7.0
23124.63709379704,14.0
23124.63715629387,17.0
23124.6372187907,-3.0
23124.63728128753,-11.0
23124.637343784365,-1.0
23124.637406281196,-11.0
23124.637468778026,-53.0
23124.637531274857,-40.0
23124.637593771688,-6.0
23124.637656268522,-33.0
23124.637718765352,-34.0
23124.637781262183,-50.0
23124.637843759014,-51.0
23124.637906255848,-44.0
23124.63796875268,-39.0
23124.63803124951,-25.0
23124.63809374634,-20.0
23124.63815624317,-12.0
23124.638218740005,-16.0
23124.638281236836,-15.0
23124.638343733666,-25.0
23124.638406230497,-27.0
23124.638468727328,-35.0
23124.638531224162,-31.0
23124.638593720993,-13.0
23124.638656217823,-26.0
23124.638718714654,-16.0
23124.638781211484,-23.0
23124.63884370832,-40.0
23124.63890620515,-28.0
23124.63896870198,-11.0
23124.63903119881,0.0
23124.639093695645,-24.0
23124.639156192476,-35.0
23124.639218689306,-24.0
23124.639281186137,-12.0
23124.639343682968,-2.0
23124.639406179802,1.0
23124.639468676633,-37.0
23124.639531173463,-47.0
23124.639593670294,-19.0
23124.639656167124,-23.0
23124.63971866396,-24.0
23124.63978116079,-24.0
23124.63984365762,-18.0
23124.63990615445,13.0
23124.63996865128,5.0
23124.640031148116,-13.0
23124.640093644946,6.0
23124.640156141777,-14.0
23124.640218638608,-8.0
23124.640281135442,13.0
23124.640343632273,-12.0
23124.640406129103,16.0
23124.640468625934,-6.0
23124.640531122765,-8.0
23124.6405936196,44.0
23124.64065611643,-27.0
23124.64071861326,136.0
23124.64078111009,330.0
23124.64084360692,259.0
23124.640906103756,213.0
23124.640968600586,182.0
23124.641031097417,151.0
23124.641093594248,150.0
23124.64115609108,141.0
23124.641218587913,123.0
23124.641281084743,78.0
23124.641343581574,63.0
23124.641406078405,107.0
23124.64146857524,65.0
23124.64153107207,90.0
23124.6415935689,156.0
23124.64165606573,119.0
23124.64171856256,98.0
23124.641781059396,128.0
23124.641843556226,110.0
23124.641906053057,93.0
23124.641968549888,102.0
23124.64203104672,99.0
23124.642093543553,82.0
23124.642156040383,59.0
23124.642218537214,92.0
23124.642281034045,68.0
23124.642343530875,22.0
23124.64240602771,34.0
23124.64246852454,4.0
23124.64253102137,-21.0
23124.6425935182,-35.0
23124.642656015036,-95.0
23124.642718511866,-93.0
23124.642781008697,-60.0
23124.642843505528,-55.0
23124.64290600236,-26.0
23124.642968499193,7.0
23124.643030996023,43.0
23124.643093492854,70.0
23124.643155989685,30.0
23124.643218486515,11.0
23124.64328098335,12.0
23124.64334348018,16.0
23124.64340597701,26.0
23124.64346847384,24.0
23124.643530970672,56.0
23124.643593467506,52.0
23124.643655964337,9.0
23124.643718461168,1.0
23124.643780958,-21.0
23124.643843454833,-50.0
23124.643905951663,-52.0
23124.643968448494,-55.0
23124.644030945325,-51.0
23124.644093442155,-52.0
23124.64415593899,-107.0
23124.64421843582,-151.0
23124.64428093265,-152.0
23124.64434342948,-169.0
23124.644405926312,-149.0
23124.644468423146,-152.0
23124.644530919977,-164.0
23124.644593416808,-133.0
23124.64465591364,-170.0
23124.64471841047,-173.0
23124.644780907303,-145.0
23124.644843404134,-153.0
23124.644905900965,-155.0
23124.644968397795,-168.0
23124.64503089463,-192.0
23124.64509339146,-158.0
23124.64515588829,-95.0
23124.64521838512,-71.0
23124.645280881952,-108.0
23124.645343378786,-152.0
23124.645405875617,-163.0
23124.645468372448,-192.0
23124.64553086928,-183.0
23124.64559336611,-124.0
23124.645655862943,-129.0
23124.645718359774,-150.0
23124.645780856605,-172.0
23124.645843353435,-178.0
23124.645905850266,-192.0
23124.6459683471,-211.0
23124.64603084393,-166.0
23124.64609334076,-121.0
23124.646155837592,-141.0
23124.646218334427,-144.0
23124.646280831257,-153.0
23124.646343328088,-154.0
23124.64640582492,-133.0
23124.64646832175,-158.0
23124.646530818583,-132.0
23124.646593315414,-76.0
23124.646655812245,-98.0
23124.646718309075,-80.0
23124.646780805906,-69.0
23124.64684330274,-90.0
23124.64690579957,-105.0
23124.6469682964,-98.0
23124.647030793232,-98.0
23124.647093290063,-107.0
23124.647155786897,-111.0
23124.647218283728,-105.0
23124.64728078056,-67.0
23124.64734327739,-62.0
23124.647405774223,-63.0
23124.647468271054,-69.0
23124.647530767885,-50.0
23124.647593264715,-17.0
23124.647655761546,-40.0
23124.64771825838,-47.0
23124.64778075521,-44.0
23124.64784325204,-69.0
23124.647905748872,-49.0
23124.647968245703,-32.0
23124.648030742537,-66.0
23124.648093239368,-90.0
23124.6481557362,-76.0
23124.64821823303,-63.0
23124.64828072986,-82.0
23124.648343226694,-67.0
23124.648405723525,-62.0
23124.648468220355,-82.0
23124.648530717186,-62.0
23124.64859321402,-47.0
23124.64865571085,-52.0
23124.64871820768,-72.0
23124.648780704512,-65.0
23124.648843201343,-39.0
23124.648905698177,-73.0
23124.648968195008,-80.0
23124.64903069184,-59.0
23124.64909318867,-59.0
23124.6491556855,-58.0
23124.649218182334,-70.0
23124.649280679165,-60.0
23124.649343175995,-75.0
23124.649405672826,-85.0
23124.649468169657,-100.0
23124.64953066649,-60.0
23124.64959316332,-6.0
23124.649655660152,-38.0
23124.649718156983,-41.0
23124.649780653817,-26.0
23124.649843150648,-32.0
23124.64990564748,-24.0
23124.64996814431,-19.0
23124.65003064114,-37.0
23124.650093137974,-29.0
23124.650155634805,-27.0
23124.650218131635,-49.0
23124.650280628466,-45.0
23124.650343125297,-24.0
23124.65040562213,-19.0
23124.65046811896,-44.0
23124.650530615792,-51.0
23124.650593112623,-25.0
23124.650655609454,9.0
23124.650718106288,-192.0
23124.65078060312,-397.0
23124.65084309995,-338.0
23124.65090559678,-358.0
23124.650968093614,-306.0
23124.651030590445,-211.0
23124.651093087276,-243.0
23124.651155584106,-242.0
23124.651218080937,-209.0
23124.65128057777,-227.0
23124.6513430746,-266.0
23124.651405571432,-256.0
23124.651468068263,-284.0
23124.651530565094,-305.0
23124.651593061928,-236.0
23124.65165555876,-220.0
23124.65171805559,-234.0
23124.65178055242,-225.0
23124.65184304925,-196.0
23124.651905546085,-202.0
23124.651968042916,-207.0
23124.652030539746,-182.0
23124.652093036577,-170.0
23124.65215553341,-213.0
23124.65221803024,-222.0
23124.652280527072,-180.0
23124.652343023903,-180.0
23124.652405520734,-164.0
23124.652468017568,-152.0
23124.6525305144,-110.0
23124.65259301123,-54.0
23124.65265550806,-58.0
23124.65271800489,-44.0
23124.652780501725,-55.0
23124.652842998556,-79.0
23124.652905495386,-89.0
23124.652967992217,-145.0
23124.653030489048,-167.0
23124.65309298588,-160.0
23124.653155482712,-166.0
23124.653217979543,-157.0
23124.653280476374,-153.0
23124.653342973208,-120.0
23124.65340547004,-73.0
23124.65346796687,-95.0
23124.6535304637,-69.0
23124.65359296053,-34.0
23124.653655457365,-82.0
23124.653717954196,-64.0
23124.653780451026,-64.0
23124.653842947857,-66.0
23124.653905444688,6.0
23124.653967941522,38.0
23124.654030438352,62.0
23124.654092935183,70.0
23124.654155432014,55.0
23124.654217928844,95.0
23124.65428042568,125.0
23124.65434292251,144.0
23124.65440541934,175.0
23124.65446791617,114.0
23124.654530413005,111.0
23124.654592909836,160.0
23124.654655406666,119.0
23124.654717903497,142.0
23124.654780400328,180.0
23124.654842897162,129.0
23124.654905393993,96.0
23124.654967890823,126.0
23124.655030387654,160.0
23124.655092884484,170.0
23124.65515538132,161.0
23124.65521787815,130.0
23124.65528037498,124.0
23124.65534287181,175.0
23124.65540536864,212.0
23124.655467865476,163.0
23124.655530362306,150.0
23124.655592859137,192.0
23124.655655355968,173.0
23124.655717852802,168.0
23124.655780349633,171.0
23124.655842846463,140.0
23124.655905343294,132.0
23124.655967840125,179.0
23124.65603033696,211.0
23124.65609283379,178.0
23124.65615533062,134.0
23124.65621782745,108.0
23124.65628032428,113.0
23124.656342821116,156.0
23124.656405317946,127.0
23124.656467814777,51.0
23124.656530311608,60.0
23124.65659280844,87.0
23124.656655305273,74.0
23124.656717802103,108.0
23124.656780298934,120.0
23124.656842795765,86.0
23124.6569052926,49.0
23124.65696778943,16.0
23124.65703028626,39.0
23124.65709278309,63.0
23124.65715527992,57.0
23124.657217776756,72.0
23124.657280273586,43.0
23124.657342770417,18.0
23124.657405267248,31.0
23124.65746776408,-11.0
23124.657530260913,9.0
23124.657592757743,55.0
23124.657655254574,4.0
23124.657717751405,20.0
23124.657780248235,13.0
23124.65784274507,-15.0
23124.6579052419,18.0
23124.65796773873,19.0
23124.65803023556,12.0
23124.658092732396,16.0
23124.658155229226,21.0
23124.658217726057,12.0
23124.658280222888,-16.0
23124.65834271972,-17.0
23124.658405216553,-9.0
23124.658467713383,-46.0
23124.658530210214,-16.0
23124.658592707045,7.0
23124.658655203875,-24.0
23124.65871770071,-25.0
23124.65878019754,-37.0
23124.65884269437,-16.0
23124.6589051912,-20.0
23124.658967688032,-34.0
23124.659030184866,-17.0
23124.659092681697,-8.0
23124.659155178528,-23.0
23124.65921767536,-9.0
23124.659280172193,-12.0
23124.659342669023,-34.0
23124.659405165854,-6.0
23124.659467662685,-4.0
23124.659530159515,-1.0
23124.65959265635,20.0
23124.65965515318,-5.0
23124.65971765001,7.0
23124.65978014684,-6.0
23124.659842643672,-16.0
23124.659905140506,-13.0
23124.659967637337,-25.0
23124.660030134168,2.0
23124.660092631,17.0
23124.66015512783,-11.0
23124.660217624663,1.0
23124.660280121494,8.0
23124.660342618325,-14.0
23124.660405115155,-2.0
23124.66046761199,-32.0
23124.66053010882,16.0
23124.66059260565,50.0
23124.66065510248,-33.0
23124.660717599312,169.0
23124.660780096146,349.0
23124.660842592977,286.0
23124.660905089808,280.0
23124.66096758664,263.0
23124.66103008347,236.0
23124.661092580303,224.0
23124.661155077134,209.0
23124.661217573965,211.0
23124.661280070795,198.0
23124.661342567626,201.0
23124.66140506446,216.0
23124.66146756129,172.0
23124.66153005812,185.0
23124.661592554952,241.0
23124.661655051787,226.0
23124.661717548617,186.0
23124.661780045448,190.0
23124.66184254228,187.0
23124.66190503911,171.0
23124.661967535943,168.0
23124.662030032774,174.0
23124.662092529605,179.0
23124.662155026435,137.0
23124.662217523266,138.0
23124.6622800201,152.0
23124.66234251693,141.0
23124.66240501376,145.0
23124.662467510592,122.0
23124.662530007423,117.0
23124.662592504257,124.0
23124.662655001088,80.0
23124.66271749792,32.0
23124.66277999475,36.0
23124.662842491583,75.0
23124.662904988414,82.0
23124.662967485245,124.0
23124.663029982075,156.0
23124.663092478906,168.0
23124.66315497574,185.0
23124.66321747257,172.0
23124.6632799694,137.0
23124.663342466232,123.0
23124.663404963063,133.0
23124.663467459897,107.0
23124.663529956728,118.0
23124.66359245356,173.0
23124.66365495039,145.0
23124.66371744722,120.0
23124.663779944054,125.0
23124.663842440885,114.0
23124.663904937715,83.0
23124.663967434546,67.0
23124.66402993138,65.0
23124.66409242821,46.0
23124.66415492504,9.0
23124.664217421872,-23.0
23124.664279918703,-42.0
23124.664342415537,-50.0
23124.664404912368,-55.0
23124.6644674092,-72.0
23124.66452990603,-44.0
23124.66459240286,-35.0
23124.664654899694,-58.0
23124.664717396525,-29.0
23124.664779893355,-45.0
23124.664842390186,-42.0
23124.664904887017,-57.0
23124.66496738385,-78.0
23124.66502988068,-22.0
23124.665092377512,1.0
23124.665154874343,-2.0
23124.665217371177,36.0
23124.665279868008,32.0
23124.66534236484,-27.0
23124.66540486167,-53.0
23124.6654673585,-104.0
23124.665529855334,-92.0
23124.665592352165,-11.0
23124.665654848995,-35.0
23124.665717345826,-49.0
23124.665779842657,-55.0
23124.66584233949,-53.0
23124.66590483632,-50.0
23124.665967333152,-63.0
23124.666029829983,-44.0
23124.666092326814,-10.0
23124.666154823648,-17.0
23124.66621732048,-28.0
23124.66627981731,-28.0
23124.66634231414,-55.0
23124.666404810974,-26.0
23124.666467307805,-29.0
23124.666529804636,-46.0
23124.666592301466,-23.0
23124.666654798297,-52.0
23124.66671729513,-47.0
23124.66677979196,-53.0
23124.666842288792,-47.0
23124.666904785623,-53.0
23124.666967282454,-78.0
23124.667029779288,-75.0
23124.66709227612,-78.0
23124.66715477295,-63.0
23124.66721726978,-44.0
23124.66727976661,-54.0
23124.667342263445,-53.0
23124.667404760276,-26.0
23124.667467257106,-65.0
23124.667529753937,-39.0
23124.66759225077,-10.0
23124.6676547476,-47.0
23124.667717244432,-38.0
23124.667779741263,-46.0
23124.667842238094,-35.0
23124.667904734928,-36.0
23124.66796723176,-22.0
23124.66802972859,-15.0
23124.66809222542,-23.0
23124.66815472225,-36.0
23124.668217219085,-44.0
23124.668279715916,-19.0
23124.668342212746,-19.0
23124.668404709577,-27.0
23124.668467206408,-28.0
23124.66852970324,-20.0
23124.668592200072,-6.0
23124.668654696903,-22.0
23124.668717193734,-39.0
23124.668779690568,-13.0
23124.6688421874,-15.0
23124.66890468423,-31.0
23124.66896718106,-8.0
23124.66902967789,-17.0
23124.669092174725,-2.0
23124.669154671556,-11.0
23124.669217168386,-25.0
23124.669279665217,-8.0
23124.669342162048,-26.0
23124.669404658882,-21.0
23124.669467155712,-14.0
23124.669529652543,-27.0
23124.669592149374,-15.0
23124.669654646204,-7.0
23124.66971714304,4.0
23124.66977963987,-4.0
23124.6698421367,3.0
23124.66990463353,1.0
23124.669967130365,11.0
23124.670029627196,25.0
23124.670092124026,-5.0
23124.670154620857,19.0
23124.670217117688,32.0
23124.670279614522,22.0
23124.670342111353,20.0
23124.670404608183,7.0
23124.670467105014,3.0
23124.670529601844,29.0
23124.67059209868,30.0
23124.67065459551,37.0
23124.67071709234,-148.0
23124.67077958917,-370.0
23124.670842086,-308.0
23124.670904582836,-274.0
23124.670967079666,-251.0
23124.671029576497,-229.0
23124.671092073328,-239.0
23124.671154570162,-219.0
23124.671217066993,-198.0
23124.671279563823,-196.0
23124.671342060654,-213.0
23124.671404557484,-180.0
23124.67146705432,-173.0
23124.67152955115,-165.0
23124.67159204798,-132.0
23124.67165454481,-159.0
23124.67171704164,-134.0
23124.671779538476,-129.0
23124.671842035306,-111.0
23124.671904532137,-97.0
23124.671967028968,-106.0
23124.6720295258,-81.0
23124.672092022633,-79.0
23124.672154519463,-44.0
23124.672217016294,-44.0
23124.672279513125,-56.0
23124.67234200996,-35.0
23124.67240450679,-8.0
23124.67246700362,-42.0
23124.67252950045,-15.0
23124.67259199728,42.0
23124.672654494116,13.0
23124.672716990946,35.0
23124.672779487777,48.0
23124.672841984608,43.0
23124.67290448144,-1.0
23124.672966978273,-38.0
23124.673029475103,-16.0
23124.673091971934,-28.0
23124.673154468765,-23.0
23124.673216965595,4.0
23124.67327946243,-4.0
23124.67334195926,-19.0
23124.67340445609,-11.0
23124.67346695292,-29.0
23124.673529449756,-21.0
23124.673591946586,20.0
23124.673654443417,1.0
23124.673716940248,6.0
23124.67377943708,45.0
23124.673841933913,69.0
23124.673904430743,85.0
23124.673966927574,91.0
23124.674029424405,103.0
23124.674091921235,110.0
23124.67415441807,95.0
23124.6742169149,109.0
23124.67427941173,129.0
23124.67434190856,143.0
23124.674404405392,180.0
23124.674466902226,172.0
23124.674529399057,160.0
23124.674591895888,170.0
23124.67465439272,156.0
23124.674716889553,142.0
23124.674779386383,148.0
23124.674841883214,213.0
23124.674904380045,220.0
23124.674966876875,200.0
23124.67502937371,215.0
23124.67509187054,182.0
23124.67515436737,150.0
23124.6752168642,192.0
23124.675279361032,214.0
23124.675341857866,226.0
23124.675404354697,245.0
23124.675466851528,206.0
23124.67552934836,179.0
23124.67559184519,209.0
23124.675654342023,209.0
23124.675716838854,171.0
23124.675779335685,195.0
23124.675841832515,232.0
23124.67590432935,204.0
23124.67596682618,190.0
23124.67602932301,202.0
23124.67609181984,217.0
23124.676154316672,235.0
23124.676216813506,232.0
23124.676279310337,191.0
23124.676341807168,156.0
23124.676404304,173.0
23124.67646680083,186.0
23124.676529297663,201.0
23124.676591794494,179.0
23124.676654291325,113.0
23124.676716788155,130.0
23124.676779284986,159.0
23124.67684178182,169.0
23124.67690427865,165.0
23124.67696677548,122.0
23124.677029272312,84.0
23124.677091769147,108.0
23124.677154265977,141.0
23124.677216762808,150.0
23124.67727925964,92.0
23124.67734175647,60.0
23124.677404253303,89.0
23124.677466750134,84.0
23124.677529246965,110.0
23124.677591743795,145.0
23124.677654240626,117.0
23124.67771673746,118.0
23124.67777923429,126.0
23124.67784173112,102.0
23124.677904227952,100.0
23124.677966724783,138.0
23124.678029221617,139.0
23124.678091718448,131.0
23124.67815421528,145.0
23124.67821671211,149.0
23124.678279208943,152.0
23124.678341705774,145.0
23124.678404202605,139.0
23124.678466699435,99.0
23124.678529196266,122.0
23124.6785916931,159.0
23124.67865418993,90.0
23124.67871668676,86.0
23124.678779183592,111.0
23124.678841680423,88.0
23124.678904177257,86.0
23124.678966674088,106.0
23124.67902917092,88.0
23124.67909166775,72.0
23124.67915416458,112.0
23124.679216661414,123.0
23124.679279158245,105.0
23124.679341655075,113.0
23124.679404151906,119.0
23124.67946664874,68.0
23124.67952914557,97.0
23124.6795916424,149.0
23124.679654139232,71.0
23124.679716636063,70.0
23124.679779132897,97.0
23124.679841629728,83.0
23124.67990412656,74.0
23124.67996662339,78.0
23124.68002912022,77.0
23124.680091617054,74.0
23124.680154113885,80.0
23124.680216610715,89.0
23124.680279107546,67.0
23124.680341604377,46.0
23124.68040410121,97.0
23124.68046659804,63.0
23124.680529094872,63.0
23124.680591591703,124.0
23124.680654088537,71.0
23124.680716585368,274.0
23124.6807790822,397.0
23124.68084157903,286.0
23124.68090407586,284.0
23124.680966572694,285.0
23124.681029069525,263.0
23124.681091566355,288.0
23124.681154063186,286.0
23124.681216560017,282.0
23124.68127905685,269.0
23124.68134155368,256.0
23124.681404050512,244.0
23124.681466547343,185.0
23124.681529044174,223.0
23124.681591541008,258.0
23124.68165403784,222.0
23124.68171653467,205.0
23124.6817790315,215.0
23124.681841528334,212.0
23124.681904025165,186.0
23124.681966521995,208.0
23124.682029018826,222.0
23124.682091515657,204.0
23124.68215401249,201.0
23124.68221650932,184.0
23124.682279006152,192.0
23124.682341502983,187.0
23124.682403999814,182.0
23124.682466496648,157.0
23124.68252899348,132.0
23124.68259149031,142.0
23124.68265398714,79.0
23124.68271648397,30.0
23124.682778980805,27.0
23124.682841477636,21.0
23124.682903974466,48.0
23124.682966471297,110.0
23124.68302896813,142.0
23124.68309146496,166.0
23124.683153961792,164.0
23124.683216458623,158.0
23124.683278955454,177.0
23124.683341452288,143.0
23124.68340394912,126.0
23124.68346644595,139.0
23124.68352894278,135.0
23124.68359143961,144.0
23124.683653936445,107.0
23124.683716433276,96.0
23124.683778930106,101.0
23124.683841426937,88.0
23124.683903923768,64.0
23124.6839664206,32.0
23124.684028917432,-13.0
23124.684091414263,-10.0
23124.684153911094,-38.0
23124.684216407928,-50.0
23124.68427890476,-18.0
23124.68434140159,-48.0
23124.68440389842,-43.0
23124.68446639525,-95.0
23124.684528892085,-92.0
23124.684591388916,-8.0
23124.684653885746,-63.0
23124.684716382577,-93.0
23124.684778879408,-86.0
23124.684841376242,-60.0
23124.684903873072,-42.0
23124.684966369903,-73.0
23124.685028866734,-68.0
23124.685091363564,-58.0
23124.6851538604,-102.0
23124.68521635723,-125.0
23124.68527885406,-103.0
23124.68534135089,-124.0
23124.685403847725,-136.0
23124.685466344556,-152.0
23124.685528841386,-116.0
23124.685591338217,-78.0
23124.685653835048,-112.0
23124.685716331882,-112.0
23124.685778828713,-119.0
23124.685841325543,-134.0
23124.685903822374,-133.0
23124.685966319204,-162.0
23124.68602881604,-172.0
23124.68609131287,-139.0
23124.6861538097,-102.0
23124.68621630653,-61.0
23124.68627880336,-60.0
23124.686341300196,-65.0
23124.686403797026,-51.0
23124.686466293857,-102.0
23124.686528790688,-115.0
23124.686591287522,-87.0
23124.686653784353,-125.0
23124.686716281183,-113.0
23124.686778778014,-92.0
23124.686841274844,-76.0
23124.68690377168,-86.0
23124.68696626851,-100.0
23124.68702876534,-95.0
23124.68709126217,-120.0
23124.687153759,-74.0
23124.687216255836,-31.0
23124.687278752666,-78.0
23124.687341249497,-86.0
23124.687403746328,-90.0
23124.68746624316,-118.0
23124.687528739993,-74.0
23124.687591236823,-41.0
23124.687653733654,-53.0
23124.687716230485,-60.0
23124.68777872732,-67.0
23124.68784122415,-59.0
23124.68790372098,-58.0
23124.68796621781,-58.0
23124.68802871464,-74.0
23124.688091211476,-81.0
23124.688153708306,-70.0
23124.688216205137,-64.0
23124.688278701968,-44.0
23124.6883411988,-43.0
23124.688403695633,-51.0
23124.688466192463,-82.0
23124.688528689294,-83.0
23124.688591186125,-45.0
23124.688653682955,-70.0
23124.68871617979,-58.0
23124.68877867662,-57.0
23124.68884117345,-97.0
23124.68890367028,-83.0
23124.688966167116,-67.0
23124.689028663946,-77.0
23124.689091160777,-64.0
23124.689153657608,-58.0
23124.68921615444,-45.0
23124.689278651273,-47.0
23124.689341148103,-49.0
23124.689403644934,-24.0
23124.689466141765,-43.0
23124.689528638595,-37.0
23124.68959113543,-11.0
23124.68965363226,-36.0
23124.68971612909,-21.0
23124.68977862592,-28.0
23124.689841122752,-53.0
23124.689903619586,-17.0
23124.689966116417,-11.0
23124.690028613248,-36.0
23124.69009111008,-36.0
23124.690153606913,-44.0
23124.690216103743,-33.0
23124.690278600574,-45.0
23124.690341097405,-67.0
23124.690403594235,-47.0
23124.69046609107,-66.0
23124.6905285879,-74.0
23124.69059108473,-62.0
23124.69065358156,-16.0
23124.690716078392,-212.0
23124.690778575226,-418.0
23124.690841072057,-346.0
23124.690903568888,-325.0
23124.69096606572,-285.0
23124.69102856255,-256.0
23124.691091059383,-251.0
23124.691153556214,-210.0
23124.691216053045,-227.0
23124.691278549875,-230.0
23124.69134104671,-221.0
23124.69140354354,-188.0
23124.69146604037,-194.0
23124.6915285372,-223.0
23124.691591034032,-179.0
23124.691653530866,-215.0
23124.691716027697,-218.0
23124.691778524528,-206.0
23124.69184102136,-224.0
23124.69190351819,-228.0
23124.691966015023,-211.0
23124.692028511854,-194.0
23124.692091008685,-178.0
23124.692153505515,-159.0
23124.692216002346,-154.0
23124.69227849918,-149.0
23124.69234099601,-151.0
23124.69240349284,-152.0
23124.692465989672,-184.0
23124.692528486506,-158.0
23124.692590983337,-97.0
23124.692653480168,-83.0
23124.692715977,-58.0
23124.69277847383,-55.0
23124.692840970663,-73.0
23124.692903467494,-105.0
23124.692965964325,-141.0
23124.693028461155,-165.0
23124.693090957986,-160.0
23124.69315345482,-167.0
23124.69321595165,-180.0
23124.69327844848,-140.0
23124.693340945312,-139.0
23124.693403442143,-125.0
23124.693465938977,-124.0
23124.693528435808,-153.0
23124.69359093264,-120.0
23124.69365342947,-118.0
23124.693715926303,-134.0
23124.693778423134,-129.0
23124.693840919965,-110.0
23124.693903416795,-79.0
23124.693965913626,-87.0
23124.69402841046,-84.0
23124.69409090729,-42.0
23124.69415340412,-26.0
23124.694215900952,-16.0
23124.694278397783,3.0
23124.694340894617,18.0
23124.694403391448,31.0
23124.69446588828,-6.0
23124.69452838511,20.0
23124.69459088194,67.0
23124.694653378774,17.0
23124.694715875605,-2.0
23124.694778372435,4.0
23124.694840869266,-33.0
23124.6949033661,-24.0
23124.69496586293,-24.0
23124.69502835976,-43.0
23124.695090856592,-19.0
23124.695153353423,21.0
23124.695215850257,52.0
23124.695278347088,45.0
23124.69534084392,42.0
23124.69540334075,42.0
23124.69546583758,25.0
23124.695528334414,28.0
23124.695590831245,43.0
23124.695653328075,32.0
23124.695715824906,55.0
23124.695778321737,62.0
23124.69584081857,52.0
23124.6959033154,46.0
23124.695965812232,47.0
23124.696028309063,34.0
23124.696090805897,-17.0
23124.696153302728,-23.0
23124.69621579956,-17.0
23124.69627829639,-2.0
23124.69634079322,64.0
23124.696403290054,77.0
23124.696465786885,12.0
23124.696528283715,9.0
23124.696590780546,47.0
23124.696653277377,32.0
23124.69671577421,45.0
23124.69677827104,72.0
23124.696840767872,67.0
23124.696903264703,59.0
23124.696965761534,37.0
23124.697028258368,-5.0
23124.6970907552,14.0
23124.69715325203,33.0
23124.69721574886,36.0
23124.697278245694,52.0
23124.697340742525,48.0
23124.697403239355,19.0
23124.697465736186,-22.0
23124.697528233017,-1.0
23124.69759072985,41.0
23124.69765322668,22.0
23124.697715723512,16.0
23124.697778220343,37.0
23124.697840717174,14.0
23124.697903214008,-10.0
23124.69796571084,7.0
23124.69802820767,11.0
23124.6980907045,-11.0
23124.69815320133,-16.0
23124.698215698165,14.0
23124.698278194996,5.0
23124.698340691826,8.0
23124.698403188657,41.0
23124.69846568549,2.0
23124.69852818232,26.0
23124.698590679152,76.0
23124.698653175983,50.0
23124.698715672814,34.0
23124.698778169648,3.0
23124.69884066648,-8.0
23124.69890316331,6.0
23124.69896566014,6.0
23124.69902815697,-4.0
23124.699090653805,21.0
23124.699153150636,8.0
23124.699215647466,-20.0
23124.699278144297,-4.0
23124.699340641127,-25.0
23124.69940313796,-12.0
23124.699465634792,-43.0
23124.699528131623,-43.0
23124.699590628454,6.0
23124.699653125288,-23.0
23124.69971562212,-30.0
23124.69977811895,-52.0
23124.69984061578,-51.0
23124.69990311261,-44.0
23124.699965609445,-33.0
23124.700028106276,-7.0
23124.700090603106,-15.0
23124.700153099937,-33.0
23124.700215596768,-40.0
23124.7002780936,-33.0
23124.700340590432,-44.0
23124.700403087263,-33.0
23124.700465584094,-46.0
23124.700528080924,-40.0
23124.70059057776,-23.0
23124.70065307459,-66.0
23124.70071557142,151.0
23124.70077806825,340.0
23124.700840565085,266.0
23124.700903061916,222.0
23124.700965558746,203.0
23124.701028055577,176.0
23124.701090552408,178.0
23124.701153049242,154.0
23124.701215546072,168.0
23124.701278042903,182.0
23124.701340539734,173.0
23124.701403036564,180.0
23124.7014655334,106.0
23124.70152803023,106.0
23124.70159052706,164.0
23124.70165302389,153.0
23124.70171552072,160.0
23124.701778017556,184.0
23124.701840514386,178.0
23124.701903011217,172.0
23124.701965508048,147.0
23124.702028004882,111.0
23124.702090501713,105.0
23124.702152998543,97.0
23124.702215495374,96.0
23124.702277992204,94.0
23124.70234048904,108.0
23124.70240298587,139.0
23124.7024654827,103.0
23124.70252797953,71.0
23124.70259047636,68.0
23124.702652973196,15.0
23124.702715470026,-8.0
23124.702777966857,-43.0
23124.702840463688,-52.0
23124.70290296052,0.0
23124.702965457353,72.0
23124.703027954183,102.0
23124.703090451014,105.0
23124.703152947845,146.0
23124.70321544468,160.0
23124.70327794151,101.0
23124.70334043834,101.0
23124.70340293517,105.0
23124.703465432,56.0
23124.703527928836,84.0
23124.703590425666,113.0
23124.703652922497,73.0
23124.703715419328,63.0
23124.70377791616,31.0
23124.703840412993,15.0
23124.703902909823,3.0
23124.703965406654,-22.0
23124.704027903485,-36.0
23124.704090400315,-42.0
23124.70415289715,-51.0
23124.70421539398,-68.0
23124.70427789081,-82.0
23124.70434038764,-65.0
23124.704402884476,-57.0
23124.704465381306,-110.0
23124.704527878137,-90.0
23124.704590374968,-48.0
23124.7046528718,-86.0
23124.704715368633,-80.0
23124.704777865463,-64.0
23124.704840362294,-68.0
23124.704902859125,-49.0
23124.704965355955,-48.0
23124.70502785279,-56.0
23124.70509034962,-56.0
23124.70515284645,-61.0
23124.70521534328,-64.0
23124.705277840112,-93.0
23124.705340336946,-98.0
23124.705402833777,-83.0
23124.705465330608,-125.0
23124.70552782744,-135.0
23124.705590324273,-96.0
23124.705652821103,-116.0
23124.705715317934,-139.0
23124.705777814765,-95.0
23124.705840311595,-111.0
23124.70590280843,-163.0
23124.70596530526,-138.0
23124.70602780209,-127.0
23124.70609029892,-111.0
23124.706152795752,-103.0
23124.706215292586,-98.0
23124.706277789417,-80.0
23124.706340286248,-80.0
23124.70640278308,-69.0
23124.70646527991,-77.0
23124.706527776743,-74.0
23124.706590273574,-4.0
23124.706652770405,-30.0
23124.706715267235,-51.0
23124.70677776407,-30.0
23124.7068402609,-33.0
23124.70690275773,-36.0
23124.70696525456,-58.0
23124.707027751392,-54.0
23124.707090248226,-22.0
23124.707152745057,5.0
23124.707215241888,23.0
23124.70727773872,18.0
23124.70734023555,19.0
23124.707402732383,31.0
23124.707465229214,-8.0
23124.707527726045,-10.0
23124.707590222875,34.0
23124.707652719706,16.0
23124.70771521654,22.0
23124.70777771337,48.0
23124.7078402102,49.0
23124.707902707032,28.0
23124.707965203866,33.0
23124.708027700697,50.0
23124.708090197528,16.0
23124.70815269436,-5.0
23124.70821519119,21.0
23124.708277688023,20.0
23124.708340184854,22.0
23124.708402681685,29.0
23124.708465178515,9.0
23124.708527675346,53.0
23124.70859017218,78.0
23124.70865266901,28.0
23124.70871516584,24.0
23124.708777662672,37.0
23124.708840159503,44.0
23124.708902656337,60.0
23124.708965153168,71.0
23124.70902765,54.0
23124.70909014683,52.0
23124.709152643663,37.0
23124.709215140494,35.0
23124.709277637325,51.0
23124.709340134155,33.0
23124.709402630986,34.0
23124.70946512782,13.0
23124.70952762465,29.0
23124.70959012148,69.0
23124.709652618312,6.0
23124.709715115143,-2.0
23124.709777611977,36.0
23124.709840108808,48.0
23124.70990260564,19.0
23124.70996510247,9.0
23124.7100275993,24.0
23124.710090096134,-1.0
23124.710152592965,-3.0
23124.710215089795,20.0
23124.710277586626,22.0
23124.71034008346,16.0
23124.71040258029,22.0
23124.71046507712,9.0
23124.710527573952,11.0
23124.710590070783,38.0
23124.710652567617,45.0
23124.710715064448,-158.0
23124.71077756128,-340.0
23124.71084005811,-253.0
23124.71090255494,-262.0
23124.710965051774,-253.0
23124.711027548605,-187.0
23124.711090045435,-189.0
23124.711152542266,-170.0
23124.711215039097,-145.0
23124.71127753593,-126.0
23124.71134003276,-131.0
23124.711402529592,-121.0
23124.711465026423,-135.0
23124.711527523257,-163.0
23124.711590020088,-116.0
23124.71165251692,-135.0
23124.71171501375,-153.0
23124.71177751058,-108.0
23124.711840007414,-101.0
23124.711902504245,-109.0
23124.711965001075,-69.0
23124.712027497906,-47.0
23124.712089994737,-38.0
23124.71215249157,-10.0
23124.7122149884,-9.0
23124.712277485232,-13.0
23124.712339982063,-6.0
23124.712402478894,4.0
23124.712464975728,-31.0
23124.71252747256,-13.0
23124.71258996939,80.0
23124.71265246622,67.0
23124.712714963054,65.0
23124.712777459885,105.0
23124.712839956715,84.0
23124.712902453546,38.0
23124.712964950377,20.0
23124.71302744721,-5.0
23124.71308994404,-24.0
23124.713152440872,-13.0
23124.713214937703,-1.0
23124.713277434534,8.0
23124.713339931368,2.0
23124.7134024282,1.0
23124.71346492503,-46.0
23124.71352742186,-23.0
23124.71358991869,33.0
23124.713652415525,-10.0
23124.713714912355,12.0
23124.713777409186,62.0
23124.713839906017,51.0
23124.71390240285,57.0
23124.71396489968,91.0
23124.714027396512,122.0
23124.714089893343,121.0
23124.714152390174,134.0
23124.714214887008,177.0
23124.71427738384,195.0
23124.71433988067,185.0
23124.7144023775,186.0
23124.71446487433,167.0
23124.714527371165,172.0
23124.714589867996,208.0
23124.714652364826,201.0
23124.714714861657,184.0
23124.714777358487,171.0
23124.71483985532,159.0
23124.714902352152,156.0
23124.714964848983,182.0
23124.715027345814,164.0
23124.715089842648,139.0
23124.71515233948,143.0
23124.71521483631,165.0
23124.71527733314,170.0
23124.71533982997,181.0
23124.715402326805,226.0
23124.715464823636,187.0
23124.715527320466,177.0
23124.715589817297,264.0
23124.715652314128,250.0
23124.71571481096,204.0
23124.715777307792,210.0
23124.715839804623,206.0
23124.715902301454,166.0
23124.715964798284,169.0
23124.71602729512,166.0
23124.71608979195,136.0
23124.71615228878,137.0
23124.71621478561,123.0
23124.716277282445,120.0
23124.716339779276,130.0
23124.716402276106,166.0
23124.716464772937,148.0
23124.716527269768,162.0
23124.716589766602,197.0
23124.716652263432,146.0
23124.716714760263,126.0
23124.716777257094,126.0
23124.716839753924,94.0
23124.71690225076,106.0
23124.71696474759,147.0
23124.71702724442,145.0
23124.71708974125,138.0
23124.71715223808,144.0
23124.717214734916,160.0
23124.717277231746,117.0
23124.717339728577,97.0
23124.717402225408,125.0
23124.717464722242,51.0
23124.717527219073,33.0
23124.717589715903,106.0
23124.717652212734,106.0
23124.717714709564,125.0
23124.7177772064,134.0
23124.71783970323,105.0
23124.71790220006,90.0
23124.71796469689,87.0
23124.71802719372,82.0
23124.718089690556,94.0
23124.718152187386,105.0
23124.718214684217,95.0
23124.718277181048,96.0
23124.71833967788,93.0
23124.718402174713,69.0
23124.718464671543,28.0
23124.718527168374,45.0
23124.718589665204,84.0
23124.71865216204,59.0
23124.71871465887,44.0
23124.7187771557,40.0
23124.71883965253,34.0
23124.71890214936,30.0
23124.718964646196,28.0
23124.719027143026,30.0
23124.719089639857,22.0
23124.719152136688,18.0
23124.71921463352,16.0
23124.719277130353,24.0
23124.719339627183,37.0
23124.719402124014,33.0
23124.719464620845,4.0
23124.719527117675,16.0
23124.71958961451,71.0
23124.71965211134,38.0
23124.71971460817,14.0
23124.719777105,23.0
23124.719839601836,27.0
23124.719902098666,19.0
23124.719964595497,16.0
23124.720027092328,14.0
23124.72008958916,-1.0
23124.720152085993,-19.0
23124.720214582823,-16.0
23124.720277079654,-13.0
23124.720339576485,-24.0
23124.720402073315,-27.0
23124.72046457015,-84.0
23124.72052706698,-45.0
23124.72058956381,-4.0
23124.72065206064,-62.0
23124.720714557472,141.0
23124.720777054306,274.0
23124.720839551137,238.0
23124.720902047968,270.0
23124.7209645448,263.0
23124.721027041633,211.0
23124.721089538463,146.0
23124.721152035294,128.0
23124.721214532125,139.0
23124.721277028955,187.0
23124.72133952579,221.0
23124.72140202262,162.0
23124.72146451945,90.0
23124.72152701628,114.0
23124.721589513112,193.0
23124.721652009946,215.0
23124.721714506777,166.0
23124.721777003608,110.0
23124.72183950044,93.0
23124.72190199727,96.0
23124.721964494103,71.0
23124.722026990934,76.0
23124.722089487765,101.0
23124.722151984595,83.0
23124.72221448143,52.0
23124.72227697826,23.0
23124.72233947509,12.0
23124.72240197192,17.0
23124.722464468752,20.0
23124.722526965586,44.0
23124.722589462417,29.0
23124.722651959248,-26.0
23124.72271445608,-61.0
23124.72277695291,-84.0
23124.722839449743,-55.0
23124.722901946574,-15.0
23124.722964443405,58.0
23124.723026940235,136.0
23124.723089437066,136.0
23124.7231519339,111.0
23124.72321443073,101.0
23124.72327692756,79.0
23124.723339424392,59.0
23124.723401921226,70.0
23124.723464418057,71.0
23124.723526914888,70.0
23124.72358941172,105.0
23124.72365190855,83.0
23124.723714405383,45.0
23124.723776902214,27.0
23124.723839399045,0.0
23124.723901895875,-49.0
23124.723964392706,-55.0
23124.72402688954,-67.0
23124.72408938637,-91.0
23124.7241518832,-91.0
23124.724214380032,-83.0
23124.724276876863,-83.0
23124.724339373697,-84.0
23124.724401870528,-67.0
23124.72446436736,-118.0
23124.72452686419,-113.0
23124.724589361023,-56.0
23124.724651857854,-108.0
23124.724714354685,-142.0
23124.724776851515,-136.0
23124.724839348346,-146.0
23124.72490184518,-177.0
23124.72496434201,-152.0
23124.72502683884,-127.0
23124.725089335672,-143.0
23124.725151832503,-136.0
23124.725214329337,-120.0
23124.725276826168,-124.0
23124.725339323,-144.0
23124.72540181983,-127.0
23124.72546431666,-153.0
23124.725526813494,-157.0
23124.725589310325,-107.0
23124.725651807155,-132.0
23124.725714303986,-150.0
23124.72577680082,-130.0
23124.72583929765,-134.0
23124.72590179448,-166.0
23124.725964291312,-187.0
23124.726026788143,-192.0
23124.726089284977,-175.0
23124.726151781808,-154.0
23124.72621427864,-138.0
23124.72627677547,-156.0
23124.7263392723,-177.0
23124.726401769134,-167.0
23124.726464265965,-172.0
23124.726526762795,-164.0
23124.726589259626,-132.0
23124.726651756457,-155.0
23124.72671425329,-146.0
23124.72677675012,-128.0
23124.726839246952,-134.0
23124.726901743783,-165.0
23124.726964240617,-178.0
23124.727026737448,-122.0
23124.72708923428,-90.0
23124.72715173111,-110.0
23124.72721422794,-97.0
23124.727276724774,-110.0
23124.727339221605,-143.0
23124.727401718435,-113.0
23124.727464215266,-150.0
23124.727526712097,-154.0
23124.72758920893,-95.0
23124.72765170576,-110.0
23124.727714202592,-105.0
23124.727776699423,-114.0
23124.727839196254,-117.0
23124.727901693088,-98.0
23124.72796418992,-103.0
23124.72802668675,-87.0
23124.72808918358,-110.0
23124.728151680414,-117.0
23124.728214177245,-70.0
23124.728276674075,-83.0
23124.728339170906,-115.0
23124.728401667737,-93.0
23124.72846416457,-82.0
23124.7285266614,-76.0
23124.728589158232,-51.0
23124.728651655063,-66.0
23124.728714151894,-51.0
23124.728776648728,-57.0
23124.72883914556,-76.0
23124.72890164239,-58.0
23124.72896413922,-58.0
23124.72902663605,-65.0
23124.729089132885,-62.0
23124.729151629715,-47.0
23124.729214126546,-59.0
23124.729276623377,-36.0
23124.72933912021,-15.0
23124.72940161704,-12.0
23124.729464113872,-18.0
23124.729526610703,0.0
23124.729589107534,2.0
23124.729651604368,-28.0
23124.7297141012,-8.0
23124.72977659803,-2.0
23124.72983909486,2.0
23124.72990159169,-7.0
23124.729964088525,-3.0
23124.730026585356,10.0
23124.730089082186,1.0
23124.730151579017,-11.0
23124.730214075847,6.0
23124.73027657268,7.0
23124.730339069512,8.0
23124.730401566343,32.0
23124.730464063174,-16.0
23124.730526560008,-9.0
23124.73058905684,47.0
23124.73065155367,49.0
23124.7307140505,-162.0
23124.73077654733,-353.0
23124.730839044165,-295.0
23124.730901540996,-283.0
23124.730964037826,-279.0
23124.731026534657,-246.0
23124.731089031487,-232.0
23124.73115152832,-218.0
23124.731214025152,-211.0
23124.731276521983,-217.0
23124.731339018814,-226.0
23124.731401515644,-193.0
23124.73146401248,-164.0
23124.73152650931,-179.0
23124.73158900614,-168.0
23124.73165150297,-195.0
23124.731713999805,-199.0
23124.731776496636,-184.0
23124.731838993466,-173.0
23124.731901490297,-193.0
23124.731963987128,-192.0
23124.73202648396,-131.0
23124.732088980792,-135.0
23124.732151477623,-145.0
23124.732213974454,-142.0
23124.732276471284,-157.0
23124.73233896812,-174.0
23124.73240146495,-133.0
23124.73246396178,-159.0
23124.73252645861,-150.0
23124.73258895544,-52.0
23124.732651452276,-69.0
23124.732713949106,-58.0
23124.732776445937,-41.0
23124.732838942768,-74.0
23124.732901439602,-98.0
23124.732963936432,-150.0
23124.733026433263,-170.0
23124.733088930094,-154.0
23124.733151426924,-162.0
23124.73321392376,-153.0
23124.73327642059,-155.0
23124.73333891742,-157.0
23124.73340141425,-144.0
23124.73346391108,-195.0
23124.733526407916,-200.0
23124.733588904746,-155.0
23124.733651401577,-182.0
23124.733713898408,-179.0
23124.73377639524,-159.0
23124.733838892073,-135.0
23124.733901388903,-74.0
23124.733963885734,-60.0
23124.734026382564,-44.0
23124.7340888794,-20.0
23124.73415137623,-1.0
23124.73421387306,15.0
23124.73427636989,31.0
23124.73433886672,33.0
23124.734401363556,45.0
23124.734463860386,30.0
23124.734526357217,19.0
23124.734588854048,52.0
23124.73465135088,17.0
23124.734713847713,8.0
23124.734776344543,29.0
23124.734838841374,12.0
23124.734901338205,-16.0
23124.734963835035,14.0
23124.73502633187,42.0
23124.7350888287,24.0
23124.73515132553,3.0
23124.73521382236,17.0
23124.735276319196,25.0
23124.735338816026,7.0
23124.735401312857,24.0
23124.735463809688,25.0
23124.73552630652,43.0
23124.735588803353,79.0
23124.735651300183,42.0
23124.735713797014,32.0
23124.735776293845,39.0
23124.735838790675,44.0
23124.73590128751,42.0
23124.73596378434,55.0
23124.73602628117,60.0
23124.736088778,39.0
23124.736151274832,51.0
23124.736213771666,72.0
23124.736276268497,81.0
23124.736338765328,86.0
23124.73640126216,117.0
23124.736463758993,88.0
23124.736526255823,76.0
23124.736588752654,126.0
23124.736651249485,95.0
23124.736713746315,84.0
23124.73677624315,101.0
23124.73683873998,120.0
23124.73690123681,77.0
23124.73696373364,49.0
23124.737026230472,96.0
23124.737088727306,65.0
23124.737151224137,22.0
23124.737213720968,34.0
23124.7372762178,39.0
23124.73733871463,26.0
23124.737401211463,28.0
23124.737463708294,1.0
23124.737526205125,20.0
23124.737588701955,103.0
23124.73765119879,41.0
23124.73771369562,39.0
23124.73777619245,90.0
23124.73783868928,49.0
23124.737901186112,38.0
23124.737963682946,31.0
23124.738026179777,60.0
23124.738088676608,90.0
23124.73815117344,65.0
23124.73821367027,68.0
23124.738276167103,66.0
23124.738338663934,70.0
23124.738401160765,98.0
23124.738463657595,58.0
23124.738526154426,40.0
23124.73858865126,77.0
23124.73865114809,79.0
23124.73871364492,59.0
23124.738776141752,53.0
23124.738838638586,50.0
23124.738901135417,21.0
23124.738963632248,28.0
23124.73902612908,43.0
23124.73908862591,44.0
23124.739151122743,45.0
23124.739213619574,42.0
23124.739276116405,44.0
23124.739338613235,45.0
23124.739401110066,50.0
23124.7394636069,23.0
23124.73952610373,47.0
23124.73958860056,77.0
23124.739651097392,20.0
23124.739713594223,29.0
23124.739776091057,39.0
23124.739838587888,24.0
23124.73990108472,0.0
23124.73996358155,0.0
23124.740026078383,4.0
23124.740088575214,15.0
23124.740151072045,25.0
23124.740213568875,4.0
23124.740276065706,18.0
23124.74033856254,9.0
23124.74040105937,20.0
23124.7404635562,-15.0
23124.740526053032,8.0
23124.740588549863,51.0
23124.740651046697,-12.0
23124.740713543528,239.0
23124.74077604036,346.0
23124.74083853719,234.0
23124.74090103402,257.0
23124.740963530854,235.0
23124.741026027685,231.0
23124.741088524515,234.0
23124.741151021346,166.0
23124.74121351818,167.0
23124.74127601501,211.0
23124.74133851184,218.0
23124.741401008672,200.0
23124.741463505503,119.0
23124.741526002337,133.0
23124.741588499168,207.0
23124.741650996,199.0
23124.74171349283,175.0
23124.74177598966,138.0
23124.741838486494,107.0
23124.741900983325,108.0
23124.741963480155,108.0
23124.742025976986,84.0
23124.742088473817,44.0
23124.74215097065,35.0
23124.74221346748,63.0
23124.742275964312,84.0
23124.742338461143,88.0
23124.742400957977,66.0
23124.742463454808,17.0
23124.74252595164,-14.0
23124.74258844847,-11.0
23124.7426509453,-34.0
23124.742713442134,-54.0
23124.742775938965,-57.0
23124.742838435795,-57.0
23124.742900932626,-27.0
23124.742963429457,44.0
23124.74302592629,84.0
23124.74308842312,97.0
23124.743150919952,76.0
23124.743213416783,68.0
23124.743275913614,78.0
23124.743338410448,65.0
23124.74340090728,103.0
23124.74346340411,98.0
23124.74352590094,76.0
23124.743588397774,110.0
23124.743650894605,76.0
23124.743713391435,81.0
23124.743775888266,90.0
23124.743838385097,59.0
23124.74390088193,64.0
23124.74396337876,11.0
23124.744025875592,-48.0
23124.744088372423,-43.0
23124.744150869254,-75.0
23124.744213366088,-78.0
23124.74427586292,-73.0
23124.74433835975,-96.0
23124.74440085658,-88.0
23124.74446335341,-125.0
23124.744525850245,-136.0
23124.744588347075,-114.0
23124.744650843906,-146.0
23124.744713340737,-134.0
23124.74477583757,-110.0
23124.7448383344,-103.0
23124.744900831232,-100.0
23124.744963328063,-88.0
23124.745025824894,-79.0
23124.745088321728,-93.0
23124.74515081856,-132.0
23124.74521331539,-155.0
23124.74527581222,-159.0
23124.74533830905,-177.0
23124.745400805885,-158.0
23124.745463302716,-148.0
23124.745525799546,-130.0
23124.745588296377,-111.0
23124.745650793207,-125.0
23124.74571329004,-145.0
23124.745775786872,-170.0
23124.745838283703,-157.0
23124.745900780534,-144.0
23124.745963277368,-166.0
23124.7460257742,-176.0
23124.74608827103,-159.0
23124.74615076786,-142.0
23124.74621326469,-128.0
23124.746275761525,-108.0
23124.746338258356,-104.0
23124.746400755186,-100.0
23124.746463252017,-121.0
23124.746525748847,-126.0
23124.74658824568,-96.0
23124.746650742512,-124.0
23124.746713239343,-148.0
23124.746775736174,-158.0
23124.746838233004,-172.0
23124.74690072984,-168.0
23124.74696322667,-131.0
23124.7470257235,-135.0
23124.74708822033,-141.0
23124.747150717165,-130.0
23124.747213213996,-110.0
23124.747275710826,-104.0
23124.747338207657,-102.0
23124.747400704488,-101.0
23124.74746320132,-128.0
23124.747525698152,-77.0
23124.747588194983,-50.0
23124.747650691814,-82.0
23124.747713188644,-81.0
23124.74777568548,-90.0
23124.74783818231,-96.0
23124.74790067914,-83.0
23124.74796317597,-57.0
23124.7480256728,-65.0
23124.748088169636,-66.0
23124.748150666466,-66.0
23124.748213163297,-66.0
23124.748275660128,-65.0
23124.748338156962,-55.0
23124.748400653792,-41.0
23124.748463150623,-75.0
23124.748525647454,-36.0
23124.748588144284,4.0
23124.74865064112,-30.0
23124.74871313795,-29.0
23124.74877563478,-31.0
23124.74883813161,-26.0
23124.74890062844,-20.0
23124.748963125276,19.0
23124.749025622106,19.0
23124.749088118937,12.0
23124.749150615768,19.0
23124.7492131126,-5.0
23124.749275609433,18.0
23124.749338106263,28.0
23124.749400603094,35.0
23124.749463099924,5.0
23124.74952559676,18.0
23124.74958809359,92.0
23124.74965059042,61.0
23124.74971308725,57.0
23124.74977558408,72.0
23124.749838080916,55.0
23124.749900577746,54.0
23124.749963074577,54.0
23124.750025571408,80.0
23124.75008806824,89.0
23124.750150565073,81.0
23124.750213061903,71.0
23124.750275558734,72.0
23124.750338055564,75.0
23124.750400552395,65.0
23124.75046304923,42.0
23124.75052554606,44.0
23124.75058804289,88.0
23124.75065053972,68.0
23124.750713036556,-160.0
23124.750775533386,-317.0
23124.750838030217,-287.0
23124.750900527048,-241.0
23124.75096302388,-181.0
23124.751025520713,-146.0
23124.751088017543,-122.0
23124.751150514374,-146.0
23124.751213011205,-175.0
23124.751275508035,-180.0
23124.75133800487,-172.0
23124.7514005017,-131.0
23124.75146299853,-137.0
23124.75152549536,-142.0
23124.751587992192,-108.0
23124.751650489026,-139.0
23124.751712985857,-158.0
23124.751775482688,-159.0
23124.75183797952,-151.0
23124.751900476353,-133.0
23124.751962973183,-123.0
23124.752025470014,-93.0
23124.752087966845,-109.0
23124.752150463675,-121.0
23124.75221296051,-109.0
23124.75227545734,-128.0
23124.75233795417,-116.0
23124.752400451,-55.0
23124.752462947832,-69.0
23124.752525444666,-54.0
23124.752587941497,0.0
23124.752650438328,-4.0
23124.75271293516,20.0
23124.75277543199,18.0
23124.752837928823,13.0
23124.752900425654,-35.0
23124.752962922485,-127.0
23124.753025419315,-133.0
23124.75308791615,-123.0
23124.75315041298,-126.0
23124.75321290981,-96.0
23124.75327540664,-66.0
23124.753337903472,-79.0
23124.753400400306,-93.0
23124.753462897137,-120.0
23124.753525393968,-92.0
23124.7535878908,-29.0
23124.75365038763,-49.0
23124.753712884463,-37.0
23124.753775381294,-19.0
23124.753837878125,-12.0
23124.753900374955,10.0
23124.753962871786,12.0
23124.75402536862,27.0
23124.75408786545,55.0
23124.75415036228,80.0
23124.754212859112,107.0
23124.754275355946,133.0
23124.754337852777,134.0
23124.754400349608,118.0
23124.75446284644,98.0
23124.75452534327,111.0
23124.754587840103,110.0
23124.754650336934,95.0
23124.754712833765,101.0
23124.754775330595,104.0
23124.754837827426,95.0
23124.75490032426,99.0
23124.75496282109,123.0
23124.75502531792,119.0
23124.755087814752,106.0
23124.755150311583,138.0
23124.755212808417,122.0
23124.755275305248,100.0
23124.75533780208,143.0
23124.75540029891,147.0
23124.755462795743,122.0
23124.755525292574,152.0
23124.755587789405,176.0
23124.755650286235,142.0
23124.755712783066,149.0
23124.7557752799,150.0
23124.75583777673,137.0
23124.75590027356,120.0
23124.755962770392,145.0
23124.756025267223,160.0
23124.756087764057,147.0
23124.756150260888,146.0
23124.75621275772,150.0
23124.75627525455,154.0
23124.75633775138,141.0
23124.756400248214,174.0
23124.756462745045,145.0
23124.756525241875,151.0
23124.756587738706,185.0
23124.75665023554,116.0
23124.75671273237,126.0
23124.7567752292,160.0
23124.756837726032,163.0
23124.756900222863,164.0
23124.756962719697,165.0
23124.757025216528,156.0
23124.75708771336,138.0
23124.75715021019,117.0
23124.75721270702,121.0
23124.757275203854,139.0
23124.757337700685,118.0
23124.757400197515,112.0
23124.757462694346,89.0
23124.757525191177,97.0
23124.75758768801,118.0
23124.75765018484,102.0
23124.757712681672,102.0
23124.757775178503,82.0
23124.757837675337,92.0
23124.757900172168,85.0
23124.757962669,70.0
23124.75802516583,88.0
23124.75808766266,94.0
23124.758150159494,92.0
23124.758212656325,92.0
23124.758275153155,79.0
23124.758337649986,63.0
23124.758400146817,82.0
23124.75846264365,39.0
23124.75852514048,40.0
23124.758587637312,88.0
23124.758650134143,46.0
23124.758712630974,67.0
23124.758775127808,79.0
23124.75883762464,76.0
23124.75890012147,70.0
23124.7589626183,75.0
23124.759025115134,93.0
23124.759087611965,85.0
23124.759150108795,75.0
23124.759212605626,53.0
23124.759275102457,62.0
23124.75933759929,69.0
23124.75940009612,77.0
23124.759462592952,46.0
23124.759525089783,70.0
23124.759587586614,114.0
23124.759650083448,47.0
23124.75971258028,50.0
23124.75977507711,45.0
23124.75983757394,57.0
23124.75990007077,73.0
23124.759962567605,40.0
23124.760025064435,44.0
23124.760087561266,36.0
23124.760150058097,40.0
23124.76021255493,72.0
23124.76027505176,71.0
23124.760337548592,62.0
23124.760400045423,79.0
23124.760462542254,46.0
23124.760525039088,64.0
23124.76058753592,97.0
23124.76065003275,69.0
23124.76071252958,286.0
23124.76077502641,417.0
23124.760837523245,348.0
23124.760900020075,300.0
23124.760962516906,258.0
23124.761025013737,234.0
23124.761087510567,240.0
23124.7611500074,274.0
23124.761212504232,274.0
23124.761275001063,252.0
23124.761337497894,244.0
23124.761399994728,221.0
23124.76146249156,166.0
23124.76152498839,179.0
23124.76158748522,256.0
23124.76164998205,236.0
23124.761712478885,200.0
23124.761774975716,170.0
23124.761837472546,144.0
23124.761899969377,171.0
23124.761962466207,179.0
23124.76202496304,166.0
23124.762087459872,176.0
23124.762149956703,140.0
23124.762212453534,86.0
23124.762274950364,91.0
23124.7623374472,124.0
23124.76239994403,174.0
23124.76246244086,164.0
23124.76252493769,78.0
23124.762587434525,56.0
23124.762649931356,60.0
23124.762712428186,64.0
23124.762774925017,74.0
23124.762837421848,44.0
23124.76289991868,54.0
23124.762962415512,101.0
23124.763024912343,143.0
23124.763087409174,200.0
23124.763149906004,189.0
23124.76321240284,155.0
23124.76327489967,169.0
23124.7633373965,168.0
23124.76339989333,166.0
23124.76346239016,126.0
23124.763524886996,107.0
23124.763587383826,152.0
23124.763649880657,130.0
23124.763712377488,124.0
23124.763774874322,101.0
23124.763837371152,69.0
23124.763899867983,59.0
23124.763962364814,37.0
23124.764024861644,21.0
23124.76408735848,30.0
23124.76414985531,-7.0
23124.76421235214,-64.0
23124.76427484897,-58.0
23124.7643373458,-37.0
23124.764399842636,9.0
23124.764462339466,-39.0
23124.764524836297,-58.0
23124.764587333128,-34.0
23124.76464982996,-97.0
23124.764712326793,-71.0
23124.764774823623,-19.0
23124.764837320454,-11.0
23124.764899817284,-29.0
23124.76496231412,-49.0
23124.76502481095,-71.0
23124.76508730778,-87.0
23124.76514980461,-52.0
23124.76521230144,-26.0
23124.765274798276,-70.0
23124.765337295106,-83.0
23124.765399791937,-100.0
23124.765462288768,-186.0
23124.7655247856,-160.0
23124.765587282433,-97.0
23124.765649779263,-104.0
23124.765712276094,-100.0
23124.765774772924,-119.0
23124.765837269755,-146.0
23124.76589976659,-152.0
23124.76596226342,-150.0
23124.76602476025,-157.0
23124.76608725708,-128.0
23124.766149753916,-76.0
23124.766212250746,-86.0
23124.766274747577,-113.0
23124.766337244408,-93.0
23124.76639974124,-88.0
23124.766462238073,-123.0
23124.766524734903,-137.0
23124.766587231734,-104.0
23124.766649728565,-104.0
23124.766712225395,-105.0
23124.76677472223,-88.0
23124.76683721906,-101.0
23124.76689971589,-116.0
23124.76696221272,-87.0
23124.767024709552,-53.0
23124.767087206386,-51.0
23124.767149703217,-55.0
23124.767212200048,-46.0
23124.76727469688,-27.0
23124.767337193713,-16.0
23124.767399690543,-31.0
23124.767462187374,-61.0
23124.767524684205,-54.0
23124.767587181035,-13.0
23124.76764967787,-22.0
23124.7677121747,-44.0
23124.76777467153,-50.0
23124.76783716836,-61.0
23124.767899665192,-54.0
23124.767962162026,-45.0
23124.768024658857,-60.0
23124.768087155688,-58.0
23124.76814965252,-63.0
23124.76821214935,-52.0
23124.768274646183,-40.0
23124.768337143014,-59.0
23124.768399639845,-45.0
23124.768462136675,-57.0
23124.76852463351,-51.0
23124.76858713034,-17.0
23124.76864962717,-26.0
23124.768712124,-24.0
23124.768774620832,-41.0
23124.768837117666,-31.0
23124.768899614497,-14.0
23124.768962111328,-29.0
23124.76902460816,-45.0
23124.76908710499,-33.0
23124.769149601823,-5.0
23124.769212098654,-13.0
23124.769274595485,-22.0
23124.769337092315,-13.0
23124.769399589146,0.0
23124.76946208598,-19.0
23124.76952458281,-24.0
23124.76958707964,31.0
23124.769649576472,-5.0
23124.769712073306,-25.0
23124.769774570137,-2.0
23124.769837066968,-10.0
23124.7698995638,1.0
23124.76996206063,17.0
23124.770024557463,21.0
23124.770087054294,22.0
23124.770149551125,33.0
23124.770212047955,39.0
23124.770274544786,25.0
23124.77033704162,1.0
23124.77039953845,2.0
23124.77046203528,-1.0
23124.770524532112,-17.0
23124.770587028943,32.0
23124.770649525777,4.0
23124.770712022608,-260.0
23124.77077451944,-391.0
23124.77083701627,-296.0
23124.770899513103,-289.0
23124.770962009934,-287.0
23124.771024506765,-250.0
23124.771087003595,-247.0
23124.771149500426,-228.0
23124.77121199726,-200.0
23124.77127449409,-207.0
23124.77133699092,-208.0
23124.771399487752,-160.0
23124.771461984583,-161.0
23124.771524481417,-195.0
23124.771586978248,-163.0
23124.77164947508,-176.0
23124.77171197191,-178.0
23124.77177446874,-195.0
23124.771836965574,-196.0
23124.771899462405,-178.0
23124.771961959235,-152.0
23124.772024456066,-123.0
23124.7720869529,-117.0
23124.77214944973,-101.0
23124.77221194656,-93.0
23124.772274443392,-98.0
23124.772336940223,-112.0
23124.772399437057,-98.0
23124.772461933888,-110.0
23124.77252443072,-88.0
23124.77258692755,9.0
23124.77264942438,22.0
23124.772711921214,35.0
23124.772774418045,51.0
23124.772836914875,26.0
23124.772899411706,-5.0
23124.772961908537,-82.0
23124.77302440537,-117.0
23124.7730869022,-118.0
23124.773149399032,-132.0
23124.773211895863,-108.0
23124.773274392697,-72.0
23124.773336889528,-86.0
23124.77339938636,-112.0
23124.77346188319,-127.0
23124.77352438002,-99.0
23124.773586876854,-66.0
23124.773649373685,-96.0
23124.773711870515,-50.0
23124.773774367346,-21.0
23124.773836864177,-44.0
23124.77389936101,-23.0
23124.77396185784,17.0
23124.774024354672,27.0
23124.774086851503,28.0
23124.774149348334,26.0
23124.774211845168,17.0
23124.774274342,32.0
23124.77433683883,40.0
23124.77439933566,68.0
23124.774461832494,72.0
23124.774524329325,78.0
23124.774586826155,117.0
23124.774649322986,86.0
23124.774711819817,50.0
23124.77477431665,66.0
23124.77483681348,86.0
23124.774899310312,82.0
23124.774961807143,110.0
23124.775024303974,114.0
23124.775086800808,65.0
23124.77514929764,80.0
23124.77521179447,86.0
23124.7752742913,93.0
23124.77533678813,139.0
23124.775399284965,143.0
23124.775461781795,114.0
23124.775524278626,101.0
23124.775586775457,122.0
23124.77564927229,131.0
23124.77571176912,119.0
23124.775774265952,96.0
23124.775836762783,102.0
23124.775899259614,118.0
23124.775961756448,136.0
23124.77602425328,153.0
23124.77608675011,144.0
23124.77614924694,110.0
23124.77621174377,120.0
23124.776274240605,123.0
23124.776336737435,87.0
23124.776399234266,89.0
23124.776461731097,55.0
23124.776524227927,84.0
23124.77658672476,136.0
23124.776649221592,114.0
23124.776711718423,124.0
23124.776774215254,137.0
23124.776836712088,156.0
23124.77689920892,146.0
23124.77696170575,138.0
23124.77702420258,160.0
23124.77708669941,159.0
23124.777149196245,131.0
23124.777211693076,126.0
23124.777274189906,120.0
23124.777336686737,91.0
23124.777399183567,118.0
23124.7774616804,74.0
23124.777524177232,61.0
23124.777586674063,136.0
23124.777649170894,104.0
23124.777711667724,77.0
23124.77777416456,101.0
23124.77783666139,108.0
23124.77789915822,93.0
23124.77796165505,84.0
23124.778024151885,115.0
23124.778086648716,133.0
23124.778149145546,108.0
23124.778211642377,116.0
23124.778274139207,115.0
23124.77833663604,74.0
23124.778399132872,71.0
23124.778461629703,64.0
23124.778524126534,94.0
23124.778586623364,125.0
23124.7786491202,74.0
23124.77871161703,66.0
23124.77877411386,72.0
23124.77883661069,57.0
23124.77889910752,47.0
23124.778961604356,69.0
23124.779024101186,71.0
23124.779086598017,69.0
23124.779149094848,67.0
23124.77921159168,60.0
23124.779274088512,65.0
23124.779336585343,75.0
23124.779399082174,95.0
23124.779461579004,42.0
23124.77952407584,51.0
23124.77958657267,76.0
23124.7796490695,36.0
23124.77971156633,66.0
23124.77977406316,54.0
23124.779836559996,22.0
23124.779899056826,37.0
23124.779961553657,23.0
23124.780024050488,37.0
23124.78008654732,47.0
23124.780149044152,15.0
23124.780211540983,8.0
23124.780274037814,34.0
23124.780336534644,43.0
23124.78039903148,27.0
23124.78046152831,4.0
23124.78052402514,39.0
23124.78058652197,50.0
23124.7806490188,11.0
23124.780711515636,237.0
23124.780774012466,360.0
23124.780836509297,300.0
23124.780899006128,320.0
23124.78096150296,267.0
23124.781023999793,220.0
23124.781086496623,213.0
23124.781148993454,178.0
23124.781211490284,194.0
23124.781273987115,223.0
23124.78133648395,219.0
23124.78139898078,202.0
23124.78146147761,214.0
23124.78152397444,219.0
23124.781586471276,253.0
23124.781648968106,252.0
23124.781711464937,181.0
23124.781773961768,163.0
23124.7818364586,169.0
23124.781898955433,166.0
23124.781961452263,160.0
23124.782023949094,159.0
23124.782086445925,164.0
23124.782148942755,151.0
23124.78221143959,139.0
23124.78227393642,123.0
23124.78233643325,97.0
23124.78239893008,126.0
23124.782461426912,120.0
23124.782523923746,108.0
23124.782586420577,128.0
23124.782648917408,74.0
23124.78271141424,25.0
23124.782773911073,-9.0
23124.782836407903,5.0
23124.782898904734,63.0
23124.782961401565,132.0
23124.783023898395,152.0
23124.78308639523,124.0
23124.78314889206,77.0
23124.78321138889,66.0
23124.78327388572,118.0
23124.783336382552,123.0
23124.783398879386,122.0
23124.783461376217,115.0
23124.783523873048,83.0
23124.78358636988,107.0
23124.78364886671,91.0
23124.783711363543,81.0
23124.783773860374,108.0
23124.783836357205,77.0
23124.783898854035,4.0
23124.78396135087,-27.0
23124.7840238477,-31.0
23124.78408634453,-24.0
23124.78414884136,-15.0
23124.784211338192,-48.0
23124.784273835026,-122.0
23124.784336331857,-151.0
23124.784398828688,-116.0
23124.78446132552,-127.0
23124.78452382235,-122.0
23124.784586319183,-117.0
23124.784648816014,-181.0
23124.784711312845,-161.0
23124.784773809675,-137.0
23124.784836306506,-116.0
23124.78489880334,-119.0
23124.78496130017,-174.0
23124.785023797,-138.0
23124.785086293832,-88.0
23124.785148790666,-124.0
23124.785211287497,-138.0
23124.785273784328,-168.0
23124.78533628116,-173.0
23124.78539877799,-141.0
23124.785461274823,-148.0
23124.785523771654,-187.0
23124.785586268485,-207.0
23124.785648765315,-196.0
23124.785711262146,-190.0
23124.78577375898,-179.0
23124.78583625581,-167.0
23124.78589875264,-198.0
23124.785961249472,-228.0
23124.786023746303,-208.0
23124.786086243137,-158.0
23124.786148739968,-144.0
23124.7862112368,-125.0
23124.78627373363,-134.0
23124.786336230463,-186.0
23124.786398727294,-177.0
23124.786461224125,-184.0
23124.786523720955,-150.0
23124.786586217786,-88.0
23124.78664871462,-126.0
23124.78671121145,-171.0
23124.78677370828,-192.0
23124.786836205112,-159.0
23124.786898701943,-161.0
23124.786961198777,-118.0
23124.787023695608,-55.0
23124.78708619244,-79.0
23124.78714868927,-85.0
23124.7872111861,-93.0
23124.787273682934,-105.0
23124.787336179765,-106.0
23124.787398676595,-94.0
23124.787461173426,-98.0
23124.78752367026,-109.0
23124.78758616709,-96.0
23124.78764866392,-111.0
23124.787711160752,-96.0
23124.787773657583,-95.0
23124.787836154417,-105.0
23124.787898651248,-79.0
23124.78796114808,-77.0
23124.78802364491,-87.0
23124.78808614174,-86.0
23124.788148638574,-99.0
23124.788211135405,-110.0
23124.788273632235,-73.0
23124.788336129066,-84.0
23124.788398625897,-86.0
23124.78846112273,-99.0
23124.78852361956,-104.0
23124.788586116392,-59.0
23124.788648613223,-94.0
23124.788711110057,-104.0
23124.788773606888,-98.0
23124.78883610372,-102.0
23124.78889860055,-83.0
23124.78896109738,-70.0
23124.789023594214,-86.0
23124.789086091045,-77.0
23124.789148587875,-57.0
23124.789211084706,-52.0
23124.789273581537,-51.0
23124.78933607837,-46.0
23124.7893985752,-32.0
23124.789461072032,-61.0
23124.789523568863,-63.0
23124.789586065694,-16.0
23124.789648562528,-22.0
23124.78971105936,-43.0
23124.78977355619,-31.0
23124.78983605302,-45.0
23124.789898549854,-49.0
23124.789961046685,-13.0
23124.790023543515,-25.0
23124.790086040346,-39.0
23124.790148537177,-46.0
23124.79021103401,-60.0
23124.79027353084,-25.0
23124.790336027672,-21.0
23124.790398524503,-58.0
23124.790461021334,-54.0
23124.790523518168,-48.0
23124.790586015,-44.0
23124.79064851183,-65.0
23124.79071100866,-303.0
23124.79077350549,-425.0
23124.790836002325,-377.0
23124.790898499155,-353.0
23124.790960995986,-292.0
23124.791023492817,-289.0
23124.79108598965,-294.0
23124.79114848648,-268.0
23124.791210983312,-281.0
23124.791273480143,-270.0
23124.791335976974,-283.0
23124.791398473808,-276.0
23124.79146097064,-261.0
23124.79152346747,-284.0
23124.7915859643,-261.0
23124.79164846113,-268.0
23124.791710957965,-282.0
23124.791773454795,-281.0
23124.791835951626,-237.0
23124.791898448457,-251.0
23124.791960945287,-259.0
23124.79202344212,-202.0
23124.792085938952,-223.0
23124.792148435783,-217.0
23124.792210932614,-178.0
23124.792273429448,-182.0
23124.79233592628,-169.0
23124.79239842311,-157.0
23124.79246091994,-181.0
23124.79252341677,-147.0
23124.792585913605,-74.0
23124.792648410436,-100.0
23124.792710907266,-122.0
23124.792773404097,-127.0
23124.792835900927,-122.0
23124.79289839776,-141.0
23124.792960894592,-212.0
23124.793023391423,-234.0
23124.793085888254,-233.0
23124.793148385084,-228.0
23124.79321088192,-198.0
23124.79327337875,-174.0
23124.79333587558,-184.0
23124.79339837241,-177.0
23124.793460869245,-191.0
23124.793523366076,-225.0
23124.793585862906,-203.0
23124.793648359737,-204.0
23124.793710856567,-204.0
23124.7937733534,-175.0
23124.793835850232,-145.0
23124.793898347063,-102.0
23124.793960843894,-78.0
23124.794023340724,-69.0
23124.79408583756,-62.0
23124.79414833439,-69.0
23124.79421083122,-55.0
23124.79427332805,-40.0
23124.79433582488,-21.0
23124.794398321716,24.0
23124.794460818546,22.0
23124.794523315377,6.0
23124.794585812208,39.0
23124.79464830904,33.0
23124.794710805872,-10.0
23124.794773302703,-23.0
23124.794835799534,-12.0
23124.794898296364,6.0
23124.7949607932,17.0
23124.79502329003,-29.0
23124.79508578686,-24.0
23124.79514828369,-12.0
23124.79521078052,-12.0
23124.795273277356,50.0
23124.795335774186,64.0
23124.795398271017,80.0
23124.795460767848,76.0
23124.79552326468,46.0
23124.795585761512,74.0
23124.795648258343,55.0
23124.795710755174,65.0
23124.795773252004,84.0
23124.79583574884,86.0
23124.79589824567,56.0
23124.7959607425,66.0
23124.79602323933,73.0
23124.79608573616,79.0
23124.796148232996,85.0
23124.796210729826,45.0
23124.796273226657,57.0
23124.796335723488,48.0
23124.79639822032,33.0
23124.796460717153,18.0
23124.796523213983,49.0
23124.796585710814,99.0
23124.796648207644,87.0
23124.796710704475,60.0
23124.79677320131,46.0
23124.79683569814,53.0
23124.79689819497,23.0
23124.7969606918,22.0
23124.797023188636,55.0
23124.797085685466,60.0
23124.797148182297,64.0
23124.797210679128,61.0
23124.79727317596,34.0
23124.797335672793,0.0
23124.797398169623,7.0
23124.797460666454,-3.0
23124.797523163284,-8.0
23124.797585660115,28.0
23124.79764815695,-7.0
23124.79771065378,3.0
23124.79777315061,41.0
23124.79783564744,29.0
23124.797898144272,10.0
23124.797960641106,4.0
23124.798023137937,17.0
23124.798085634768,29.0
23124.7981481316,11.0
23124.798210628433,9.0
23124.798273125263,10.0
23124.798335622094,23.0
23124.798398118925,53.0
23124.798460615755,10.0
23124.79852311259,10.0
23124.79858560942,51.0
23124.79864810625,3.0
23124.79871060308,7.0
23124.798773099912,9.0
23124.798835596746,-3.0
23124.798898093577,-18.0
23124.798960590408,-25.0
23124.79902308724,-6.0
23124.79908558407,-11.0
23124.799148080903,-26.0
23124.799210577734,-35.0
23124.799273074565,-4.0
23124.799335571395,-6.0
23124.79939806823,-6.0
23124.79946056506,-12.0
23124.79952306189,-15.0
23124.79958555872,27.0
23124.799648055552,-1.0
23124.799710552386,-30.0
23124.799773049217,2.0
23124.799835546048,0.0
23124.79989804288,-18.0
23124.79996053971,-7.0
23124.800023036543,-20.0
23124.800085533374,-16.0
23124.800148030205,-25.0
23124.800210527035,-28.0
23124.800273023866,-17.0
23124.8003355207,-28.0
23124.80039801753,-22.0
23124.80046051436,-48.0
23124.800523011192,-19.0
23124.800585508026,-11.0
23124.800648004857,-13.0
23124.800710501688,257.0
23124.80077299852,346.0
23124.80083549535,271.0
23124.800897992183,272.0
23124.800960489014,241.0
23124.801022985845,227.0
23124.801085482675,206.0
23124.801147979506,206.0
23124.80121047634,217.0
23124.80127297317,206.0
23124.80133547,196.0
23124.801397966832,155.0
23124.801460463663,124.0
23124.801522960497,156.0
23124.801585457328,204.0
23124.80164795416,182.0
23124.80171045099,157.0
23124.801772947823,157.0
23124.801835444654,139.0
23124.801897941485,164.0
23124.801960438315,157.0
23124.802022935146,165.0
23124.80208543198,175.0
23124.80214792881,170.0
23124.80221042564,187.0
23124.802272922472,148.0
23124.802335419303,118.0
23124.802397916137,149.0
23124.802460412968,131.0
23124.8025229098,89.0
23124.80258540663,71.0
23124.80264790346,47.0
23124.802710400294,56.0
23124.802772897125,57.0
23124.802835393955,99.0
23124.802897890786,114.0
23124.80296038762,116.0
23124.80302288445,145.0
23124.80308538128,136.0
23124.803147878112,137.0
23124.803210374943,114.0
23124.803272871777,123.0
23124.803335368608,140.0
23124.80339786544,166.0
23124.80346036227,152.0
23124.8035228591,132.0
23124.803585355934,174.0
23124.803647852765,121.0
23124.803710349595,89.0
23124.803772846426,95.0
23124.803835343257,84.0
23124.80389784009,83.0
23124.80396033692,64.0
23124.804022833752,35.0
23124.804085330583,13.0
23124.804147827417,-47.0
23124.804210324248,-73.0
23124.80427282108,-43.0
23124.80433531791,-29.0
23124.80439781474,-18.0
23124.804460311574,-45.0
23124.804522808405,-64.0
23124.804585305235,-58.0
23124.804647802066,-75.0
23124.804710298897,-87.0
23124.80477279573,-65.0
23124.80483529256,-30.0
23124.804897789392,-42.0
23124.804960286223,-93.0
23124.805022783054,-94.0
23124.805085279888,-75.0
23124.80514777672,-66.0
23124.80521027355,-71.0
23124.80527277038,-88.0
23124.805335267214,-132.0
23124.805397764045,-137.0
23124.805460260875,-127.0
23124.805522757706,-125.0
23124.805585254537,-96.0
23124.80564775137,-142.0
23124.8057102482,-185.0
23124.805772745032,-174.0
23124.805835241863,-138.0
23124.805897738694,-121.0
23124.805960235528,-165.0
23124.80602273236,-168.0
23124.80608522919,-142.0
23124.80614772602,-138.0
23124.80621022285,-114.0
23124.806272719685,-107.0
23124.806335216515,-131.0
23124.806397713346,-120.0
23124.806460210177,-117.0
23124.80652270701,-77.0
23124.80658520384,-82.0
23124.806647700672,-137.0
23124.806710197503,-120.0
23124.806772694334,-89.0
23124.806835191168,-40.0
23124.806897688,-46.0
23124.80696018483,-71.0
23124.80702268166,-63.0
23124.80708517849,-85.0
23124.807147675325,-99.0
23124.807210172155,-62.0
23124.807272668986,-66.0
23124.807335165817,-67.0
23124.807397662647,-18.0
23124.80746015948,-24.0
23124.807522656312,-32.0
23124.807585153143,1.0
23124.807647649974,-8.0
23124.807710146808,-8.0
23124.80777264364,5.0
23124.80783514047,5.0
23124.8078976373,2.0
23124.80796013413,10.0
23124.808022630965,12.0
23124.808085127795,4.0
23124.808147624626,24.0
23124.808210121457,30.0
23124.808272618287,12.0
23124.80833511512,0.0
23124.808397611952,9.0
23124.808460108783,-8.0
23124.808522605614,12.0
23124.808585102444,74.0
23124.80864759928,6.0
23124.80871009611,-23.0
23124.80877259294,-5.0
23124.80883508977,-16.0
23124.808897586605,-16.0
23124.808960083436,2.0
23124.809022580266,18.0
23124.809085077097,17.0
23124.809147573927,34.0
23124.80921007076,49.0
23124.809272567592,22.0
23124.809335064423,3.0
23124.809397561254,37.0
23124.809460058084,19.0
23124.80952255492,12.0
23124.80958505175,61.0
23124.80964754858,51.0
23124.80971004541,13.0
23124.80977254224,22.0
23124.809835039076,19.0
23124.809897535906,-5.0
23124.809960032737,9.0
23124.810022529568,36.0
23124.8100850264,18.0
23124.810147523232,26.0
23124.810210020063,38.0
23124.810272516894,21.0
23124.810335013724,8.0
23124.81039751056,19.0
23124.81046000739,25.0
23124.81052250422,10.0
23124.81058500105,60.0
23124.81064749788,38.0
23124.810709994716,-225.0
23124.810772491546,-295.0
23124.810834988377,-213.0
23124.810897485208,-225.0
23124.81095998204,-155.0
23124.811022478872,-136.0
23124.811084975703,-165.0
23124.811147472534,-124.0
23124.811209969364,-135.0
23124.8112724662,-155.0
23124.81133496303,-152.0
23124.81139745986,-132.0
23124.81145995669,-163.0
23124.81152245352,-184.0
23124.811584950356,-139.0
23124.811647447186,-159.0
23124.811709944017,-146.0
23124.811772440848,-164.0
23124.81183493768,-188.0
23124.811897434513,-166.0
23124.811959931343,-144.0
23124.812022428174,-98.0
23124.812084925004,-107.0
23124.812147421835,-100.0
23124.81220991867,-75.0
23124.8122724155,-85.0
23124.81233491233,-66.0
23124.81239740916,-55.0
23124.812459905996,-71.0
23124.812522402826,-15.0
23124.812584899657,44.0
23124.812647396488,44.0
23124.81270989332,65.0
23124.812772390153,43.0
23124.812834886983,12.0
23124.812897383814,-21.0
23124.812959880644,-78.0
23124.813022377475,-95.0
23124.81308487431,-105.0
23124.81314737114,-111.0
23124.81320986797,-109.0
23124.8132723648,-134.0
23124.813334861632,-119.0
23124.813397358466,-114.0
23124.813459855297,-150.0
23124.813522352128,-123.0
23124.81358484896,-106.0
23124.813647345793,-114.0
23124.813709842623,-75.0
23124.813772339454,-62.0
23124.813834836285,-37.0
23124.813897333115,13.0
23124.81395982995,15.0
23124.81402232678,23.0
23124.81408482361,64.0
23124.81414732044,97.0
23124.814209817272,109.0
23124.814272314106,122.0
23124.814334810937,147.0
23124.814397307768,138.0
23124.8144598046,98.0
23124.81452230143,118.0
23124.814584798263,135.0
23124.814647295094,87.0
23124.814709791925,96.0
23124.814772288755,116.0
23124.81483478559,90.0
23124.81489728242,98.0
23124.81495977925,147.0
23124.81502227608,131.0
23124.815084772912,115.0
23124.815147269746,151.0
23124.815209766577,126.0
23124.815272263408,104.0
23124.81533476024,118.0
23124.81539725707,132.0
23124.815459753903,117.0
23124.815522250734,152.0
23124.815584747565,219.0
23124.815647244395,184.0
23124.815709741226,195.0
23124.81577223806,204.0
23124.81583473489,155.0
23124.81589723172,152.0
23124.815959728552,153.0
23124.816022225386,128.0
23124.816084722217,142.0
23124.816147219048,162.0
23124.81620971588,145.0
23124.81627221271,125.0
23124.816334709543,141.0
23124.816397206374,166.0
23124.816459703205,129.0
23124.816522200035,155.0
23124.816584696866,222.0
23124.8166471937,179.0
23124.81670969053,162.0
23124.81677218736,168.0
23124.816834684192,156.0
23124.816897181023,155.0
23124.816959677857,163.0
23124.817022174688,150.0
23124.81708467152,111.0
23124.81714716835,87.0
23124.817209665183,90.0
23124.817272162014,112.0
23124.817334658845,140.0
23124.817397155675,138.0
23124.817459652506,77.0
23124.81752214934,92.0
23124.81758464617,147.0
23124.817647143,110.0
23124.817709639832,106.0
23124.817772136663,111.0
23124.817834633497,96.0
23124.817897130328,98.0
23124.81795962716,83.0
23124.81802212399,83.0
23124.81808462082,116.0
23124.818147117654,98.0
23124.818209614485,104.0
23124.818272111315,121.0
23124.818334608146,99.0
23124.81839710498,106.0
23124.81845960181,60.0
23124.81852209864,72.0
23124.818584595472,108.0
23124.818647092303,41.0
23124.818709589137,47.0
23124.818772085968,81.0
23124.8188345828,86.0
23124.81889707963,63.0
23124.81895957646,60.0
23124.819022073294,66.0
23124.819084570125,50.0
23124.819147066955,32.0
23124.819209563786,31.0
23124.819272060617,49.0
23124.81933455745,52.0
23124.81939705428,70.0
23124.819459551112,24.0
23124.819522047943,21.0
23124.819584544777,66.0
23124.819647041608,8.0
23124.81970953844,3.0
23124.81977203527,11.0
23124.8198345321,-3.0
23124.819897028934,-17.0
23124.819959525765,-19.0
23124.820022022595,-5.0
23124.820084519426,-3.0
23124.820147016257,-13.0
23124.82020951309,-14.0
23124.82027200992,-18.0
23124.820334506752,-26.0
23124.820397003583,2.0
23124.820459500414,-36.0
23124.820521997248,-39.0
23124.82058449408,-24.0
23124.82064699091,6.0
23124.82070948774,239.0
23124.820771984574,289.0
23124.820834481405,226.0
23124.820896978235,205.0
23124.820959475066,192.0
23124.821021971897,204.0
23124.82108446873,193.0
23124.82114696556,168.0
23124.821209462392,177.0
23124.821271959223,187.0
23124.821334456054,185.0
23124.821396952888,177.0
23124.82145944972,150.0
23124.82152194655,153.0
23124.82158444338,197.0
23124.82164694021,164.0
23124.821709437045,143.0
23124.821771933875,147.0
23124.821834430706,117.0
23124.821896927537,113.0
23124.82195942437,88.0
23124.8220219212,95.0
23124.822084418032,102.0
23124.822146914863,107.0
23124.822209411694,81.0
23124.822271908528,68.0
23124.82233440536,67.0
23124.82239690219,59.0
23124.82245939902,56.0
23124.82252189585,0.0
23124.822584392685,-23.0
23124.822646889515,-71.0
23124.822709386346,-109.0
23124.822771883177,-85.0
23124.822834380007,-81.0
23124.82289687684,-41.0
23124.822959373672,15.0
23124.823021870503,38.0
23124.823084367334,61.0
23124.823146864168,66.0
23124.823209361,60.0
23124.82327185783,42.0
23124.82333435466,38.0
23124.82339685149,61.0
23124.823459348325,45.0
23124.823521845155,44.0
23124.823584341986,77.0
23124.823646838817,32.0
23124.823709335647,-5.0
23124.82377183248,-4.0
23124.823834329312,-19.0
23124.823896826143,-23.0
23124.823959322974,-46.0
23124.824021819804,-66.0
23124.82408431664,-68.0
23124.82414681347,-106.0
23124.8242093103,-97.0
23124.82427180713,-104.0
23124.824334303965,-140.0
23124.824396800796,-148.0
23124.824459297626,-202.0
23124.824521794457,-221.0
23124.824584291287,-147.0
23124.82464678812,-148.0
23124.824709284952,-165.0
23124.824771781783,-111.0
23124.824834278614,-109.0
23124.824896775444,-131.0
23124.82495927228,-148.0
23124.82502176911,-155.0
23124.82508426594,-161.0
23124.82514676277,-148.0
23124.8252092596,-149.0
23124.825271756436,-171.0
23124.825334253266,-139.0
23124.825396750097,-145.0
23124.825459246927,-220.0
23124.82552174376,-253.0
23124.825584240592,-223.0
23124.825646737423,-225.0
23124.825709234254,-206.0
23124.825771731084,-176.0
23124.82583422792,-192.0
23124.82589672475,-217.0
23124.82595922158,-235.0
23124.82602171841,-205.0
23124.82608421524,-200.0
23124.826146712076,-201.0
23124.826209208906,-159.0
23124.826271705737,-167.0
23124.826334202568,-178.0
23124.826396699398,-175.0
23124.826459196232,-204.0
23124.826521693063,-187.0
23124.826584189894,-131.0
23124.826646686724,-154.0
23124.82670918356,-172.0
23124.82677168039,-175.0
23124.82683417722,-178.0
23124.82689667405,-183.0
23124.82695917088,-156.0
23124.827021667716,-116.0
23124.827084164546,-129.0
23124.827146661377,-148.0
23124.827209158208,-150.0
23124.82727165504,-149.0
23124.827334151872,-135.0
23124.827396648703,-127.0
23124.827459145534,-135.0
23124.827521642364,-115.0
23124.827584139195,-89.0
23124.82764663603,-104.0
23124.82770913286,-129.0
23124.82777162969,-126.0
23124.82783412652,-119.0
23124.827896623356,-118.0
23124.827959120186,-110.0
23124.828021617017,-131.0
23124.828084113848,-121.0
23124.82814661068,-122.0
23124.828209107513,-131.0
23124.828271604343,-127.0
23124.828334101174,-132.0
23124.828396598004,-118.0
23124.828459094835,-142.0
23124.82852159167,-176.0
23124.8285840885,-132.0
23124.82864658533,-129.0
23124.82870908216,-152.0
23124.828771578992,-146.0
23124.828834075826,-147.0
23124.828896572657,-142.0
23124.828959069488,-157.0
23124.82902156632,-167.0
23124.829084063153,-160.0
23124.829146559983,-150.0
23124.829209056814,-141.0
23124.829271553645,-154.0
23124.829334050475,-152.0
23124.82939654731,-138.0
23124.82945904414,-153.0
23124.82952154097,-137.0
23124.8295840378,-125.0
23124.829646534632,-144.0
23124.829709031466,-127.0
23124.829771528297,-119.0
23124.829834025128,-138.0
23124.82989652196,-127.0
23124.82995901879,-112.0
23124.830021515623,-106.0
23124.830084012454,-104.0
23124.830146509285,-105.0
23124.830209006115,-85.0
23124.83027150295,-96.0
23124.83033399978,-111.0
23124.83039649661,-88.0
23124.83045899344,-77.0
23124.830521490272,-85.0
23124.830583987106,-48.0
23124.830646483937,-102.0
23124.830708980768,-348.0
23124.8307714776,-412.0
23124.83083397443,-353.0
23124.830896471263,-358.0
23124.830958968094,-324.0
23124.831021464925,-291.0
23124.831083961755,-275.0
23124.831146458586,-269.0
23124.83120895542,-252.0
23124.83127145225,-230.0
23124.83133394908,-234.0
23124.831396445912,-195.0
23124.831458942746,-214.0
23124.831521439577,-254.0
23124.831583936408,-223.0
23124.83164643324,-253.0
23124.83170893007,-252.0
23124.831771426903,-223.0
23124.831833923734,-202.0
23124.831896420565,-207.0
23124.831958917395,-194.0
23124.832021414226,-158.0
23124.83208391106,-178.0
23124.83214640789,-170.0
23124.83220890472,-136.0
23124.832271401552,-127.0
23124.832333898383,-131.0
23124.832396395217,-106.0
23124.832458892048,-121.0
23124.83252138888,-96.0
23124.83258388571,-32.0
23124.832646382543,-52.0
23124.832708879374,-31.0
23124.832771376205,-36.0
23124.832833873035,-67.0
23124.832896369866,-98.0
23124.8329588667,-135.0
23124.83302136353,-128.0
23124.83308386036,-136.0
23124.833146357192,-138.0
23124.833208854023,-129.0
23124.833271350857,-116.0
23124.833333847688,-90.0
23124.83339634452,-98.0
23124.83345884135,-132.0
23124.83352133818,-126.0
23124.833583835014,-69.0
23124.833646331845,-84.0
23124.833708828675,-67.0
23124.833771325506,-22.0
23124.83383382234,-41.0
23124.83389631917,-21.0
23124.833958816,15.0
23124.834021312832,24.0
23124.834083809663,56.0
23124.834146306497,70.0
23124.834208803328,74.0
23124.83427130016,78.0
23124.83433379699,82.0
23124.83439629382,118.0
23124.834458790654,116.0
23124.834521287485,102.0
23124.834583784315,113.0
23124.834646281146,68.0
23124.834708777977,64.0
23124.83477127481,99.0
23124.83483377164,113.0
23124.834896268472,84.0
23124.834958765303,93.0
23124.835021262137,118.0
23124.835083758968,104.0
23124.8351462558,109.0
23124.83520875263,82.0
23124.83527124946,82.0
23124.835333746294,89.0
23124.835396243125,107.0
23124.835458739955,88.0
23124.835521236786,72.0
23124.835583733617,149.0
23124.83564623045,119.0
23124.83570872728,92.0
23124.835771224112,106.0
23124.835833720943,115.0
23124.835896217774,122.0
23124.835958714608,116.0
23124.83602121144,124.0
23124.83608370827,124.0
23124.8361462051,91.0
23124.836208701934,88.0
23124.836271198765,124.0
23124.836333695595,91.0
23124.836396192426,85.0
23124.836458689257,69.0
23124.836521186087,57.0
23124.83658368292,121.0
23124.836646179752,118.0
23124.836708676583,109.0
23124.836771173414,110.0
23124.836833670248,128.0
23124.83689616708,110.0
23124.83695866391,87.0
23124.83702116074,102.0
23124.83708365757,72.0
23124.837146154405,65.0
23124.837208651235,97.0
23124.837271148066,114.0
23124.837333644897,100.0
23124.83739614173,92.0
23124.83745863856,59.0
23124.837521135392,47.0
23124.837583632223,102.0
23124.837646129054,101.0
23124.837708625884,80.0
23124.83777112272,78.0
23124.83783361955,89.0
23124.83789611638,109.0
23124.83795861321,100.0
23124.838021110045,79.0
23124.838083606875,68.0
23124.838146103706,73.0
23124.838208600537,87.0
23124.838271097367,95.0
23124.8383335942,65.0
23124.838396091032,69.0
23124.838458587863,65.0
23124.838521084694,44.0
23124.838583581528,96.0
23124.83864607836,72.0
23124.83870857519,34.0
23124.83877107202,45.0
23124.83883356885,38.0
23124.83889606568,42.0
23124.838958562515,54.0
23124.839021059346,47.0
23124.839083556177,40.0
23124.839146053007,21.0
23124.83920854984,43.0
23124.839271046672,24.0
23124.839333543503,-5.0
23124.839396040334,38.0
23124.839458537164,10.0
23124.839521034,-3.0
23124.83958353083,51.0
23124.83964602766,30.0
23124.83970852449,18.0
23124.839771021325,40.0
23124.839833518156,47.0
23124.839896014986,32.0
23124.839958511817,36.0
23124.840021008647,19.0
23124.840083505478,2.0
23124.840146002312,42.0
23124.840208499143,17.0
23124.840270995974,11.0
23124.840333492804,28.0
23124.84039598964,45.0
23124.84045848647,23.0
23124.8405209833,35.0
23124.84058348013,59.0
23124.84064597696,83.0
23124.840708473796,334.0
23124.840770970626,385.0
23124.840833467457,329.0
23124.840895964287,327.0
23124.84095846112,251.0
23124.841020957952,248.0
23124.841083454783,281.0
23124.841145951614,234.0
23124.841208448444,235.0
23124.841270945275,281.0
23124.84133344211,259.0
23124.84139593894,255.0
23124.84145843577,280.0
23124.8415209326,269.0
23124.841583429436,281.0
23124.841645926266,277.0
23124.841708423097,249.0
23124.841770919928,212.0
23124.841833416758,205.0
23124.841895913592,207.0
23124.841958410423,148.0
23124.842020907254,155.0
23124.842083404084,189.0
23124.84214590092,140.0
23124.84220839775,133.0
23124.84227089458,143.0
23124.84233339141,135.0
23124.84239588824,157.0
23124.842458385072,100.0
23124.842520881906,66.0
23124.842583378737,99.0
23124.842645875568,36.0
23124.8427083724,4.0
23124.842770869232,59.0
23124.842833366063,81.0
23124.842895862894,79.0
23124.842958359724,174.0
23124.843020856555,197.0
23124.84308335339,171.0
23124.84314585022,176.0
23124.84320834705,160.0
23124.84327084388,167.0
23124.843333340716,137.0
23124.843395837546,135.0
23124.843458334377,148.0
23124.843520831208,128.0
23124.84358332804,163.0
23124.84364582487,146.0
23124.843708321703,113.0
23124.843770818534,109.0
23124.843833315364,105.0
23124.843895812195,69.0
23124.84395830903,40.0
23124.84402080586,50.0
23124.84408330269,48.0
23124.84414579952,16.0
23124.844208296352,-4.0
23124.844270793186,-1.0
23124.844333290017,4.0
23124.844395786848,-2.0
23124.84445828368,-12.0
23124.844520780513,-11.0
23124.844583277343,3.0
23124.844645774174,-11.0
23124.844708271004,-46.0
23124.844770767835,-58.0
23124.844833264666,-17.0
23124.8448957615,-26.0
23124.84495825833,-44.0
23124.84502075516,-29.0
23124.845083251992,-32.0
23124.845145748826,-50.0
23124.845208245657,-55.0
23124.845270742488,-53.0
23124.84533323932,-23.0
23124.84539573615,-21.0
23124.845458232983,-51.0
23124.845520729814,-35.0
23124.845583226645,-15.0
23124.845645723475,-40.0
23124.84570822031,-51.0
23124.84577071714,-77.0
23124.84583321397,-93.0
23124.8458957108,-83.0
23124.845958207632,-70.0
23124.846020704463,-65.0
23124.846083201297,-40.0
23124.846145698128,-21.0
23124.84620819496,-24.0
23124.84627069179,-24.0
23124.846333188623,-60.0
23124.846395685454,-64.0
23124.846458182285,-102.0
23124.846520679115,-93.0
23124.846583175946,-11.0
23124.84664567278,-29.0
23124.84670816961,-47.0
23124.84677066644,-68.0
23124.846833163272,-54.0
23124.846895660106,-47.0
23124.846958156937,-74.0
23124.847020653768,-81.0
23124.8470831506,-82.0
23124.84714564743,-45.0
23124.84720814426,2.0
23124.847270641094,31.0
23124.847333137925,12.0
23124.847395634755,10.0
23124.847458131586,2.0
23124.84752062842,19.0
23124.84758312525,93.0
23124.84764562208,45.0
23124.847708118912,10.0
23124.847770615743,37.0
23124.847833112577,35.0
23124.847895609408,42.0
23124.84795810624,23.0
23124.84802060307,10.0
23124.848083099903,24.0
23124.848145596734,26.0
23124.848208093565,50.0
23124.848270590395,47.0
23124.848333087226,48.0
23124.848395584057,48.0
23124.84845808089,30.0
23124.84852057772,75.0
23124.848583074552,105.0
23124.848645571383,58.0
23124.848708068217,81.0
23124.848770565048,92.0
23124.84883306188,89.0
23124.84889555871,77.0
23124.84895805554,38.0
23124.849020552374,68.0
23124.849083049205,93.0
23124.849145546035,75.0
23124.849208042866,97.0
23124.8492705397,119.0
23124.84933303653,89.0
23124.84939553336,129.0
23124.849458030192,124.0
23124.849520527023,104.0
23124.849583023853,143.0
23124.849645520688,119.0
23124.84970801752,88.0
23124.84977051435,62.0
23124.84983301118,101.0
23124.849895508014,93.0
23124.849958004845,99.0
23124.850020501675,126.0
23124.850082998506,113.0
23124.850145495337,130.0
23124.85020799217,124.0
23124.850270489,95.0
23124.850332985832,113.0
23124.850395482663,147.0
23124.850457979497,101.0
23124.850520476328,90.0
23124.85058297316,157.0
23124.85064546999,85.0
23124.85070796682,-183.0
23124.85077046365,-225.0
23124.850832960485,-151.0
23124.850895457315,-207.0
23124.850957954146,-173.0
23124.851020450977,-130.0
23124.85108294781,-128.0
23124.85114544464,-115.0
23124.851207941472,-110.0
23124.851270438303,-100.0
23124.851332935134,-141.0
23124.851395431968,-139.0
23124.8514579288,-159.0
23124.85152042563,-149.0
23124.85158292246,-59.0
23124.851645419294,-89.0
23124.851707916125,-99.0
23124.851770412955,-96.0
23124.851832909786,-116.0
23124.851895406617,-135.0
23124.851957903447,-103.0
23124.85202040028,-72.0
23124.852082897112,-73.0
23124.852145393943,-50.0
23124.852207890774,-31.0
23124.852270387608,-59.0
23124.85233288444,-78.0
23124.85239538127,-62.0
23124.8524578781,-96.0
23124.85252037493,-36.0
23124.852582871765,51.0
23124.852645368595,58.0
23124.852707865426,79.0
23124.852770362257,73.0
23124.85283285909,40.0
23124.85289535592,-21.0
23124.852957852752,-53.0
23124.853020349583,-78.0
23124.853082846414,-98.0
23124.853145343244,-80.0
23124.85320784008,-74.0
23124.85327033691,-55.0
23124.85333283374,-36.0
23124.85339533057,-31.0
23124.853457827405,-41.0
23124.853520324235,-32.0
23124.853582821066,-7.0
23124.853645317897,-29.0
23124.853707814727,-20.0
23124.85377031156,-21.0
23124.853832808392,-3.0
23124.853895305223,16.0
23124.853957802054,16.0
23124.854020298888,66.0
23124.85408279572,124.0
23124.85414529255,131.0
23124.85420778938,129.0
23124.85427028621,133.0
23124.85433278304,116.0
23124.854395279875,124.0
23124.854457776706,145.0
23124.854520273537,154.0
23124.854582770367,143.0
23124.8546452672,113.0
23124.854707764032,154.0
23124.854770260863,139.0
23124.854832757694,121.0
23124.854895254524,150.0
23124.85495775136,130.0
23124.85502024819,118.0
23124.85508274502,137.0
23124.85514524185,134.0
23124.855207738685,133.0
23124.855270235515,154.0
23124.855332732346,145.0
23124.855395229177,175.0
23124.855457726007,175.0
23124.855520222838,152.0
23124.855582719672,184.0
23124.855645216503,188.0
23124.855707713334,179.0
23124.855770210164,145.0
23124.855832707,137.0
23124.85589520383,174.0
23124.85595770066,191.0
23124.85602019749,169.0
23124.85608269432,137.0
23124.856145191156,160.0
23124.856207687986,169.0
23124.856270184817,159.0
23124.856332681647,154.0
23124.85639517848,185.0
23124.856457675312,180.0
23124.856520172143,155.0
23124.856582668974,203.0
23124.856645165804,193.0
23124.856707662635,179.0
23124.85677015947,196.0
23124.8568326563,195.0
23124.85689515313,158.0
23124.85695764996,148.0
23124.857020146796,130.0
23124.857082643626,113.0
23124.857145140457,102.0
23124.857207637288,88.0
23124.857270134118,102.0
23124.857332630952,108.0
23124.857395127783,108.0
23124.857457624614,81.0
23124.857520121444,103.0
23124.85758261828,150.0
23124.85764511511,119.0
23124.85770761194,97.0
23124.85777010877,96.0
23124.8578326056,109.0
23124.857895102432,98.0
23124.857957599266,102.0
23124.858020096097,102.0
23124.858082592928,66.0
23124.85814508976,84.0
23124.858207586592,97.0
23124.858270083423,83.0
23124.858332580254,65.0
23124.858395077084,57.0
23124.858457573915,38.0
23124.85852007075,36.0
23124.85858256758,82.0
23124.85864506441,60.0
23124.85870756124,82.0
23124.858770058076,112.0
23124.858832554906,94.0
23124.858895051737,62.0
23124.858957548568,56.0
23124.8590200454,68.0
23124.85908254223,78.0
23124.859145039063,68.0
23124.859207535894,60.0
23124.859270032724,54.0
23124.859332529555,68.0
23124.85939502639,85.0
23124.85945752322,21.0
23124.85952002005,36.0
23124.85958251688,89.0
23124.859645013712,68.0
23124.859707510546,62.0
23124.859770007377,40.0
23124.859832504208,50.0
23124.85989500104,44.0
23124.859957497873,12.0
23124.860019994703,46.0
23124.860082491534,38.0
23124.860144988364,15.0
23124.860207485195,13.0
23124.860269982026,5.0
23124.86033247886,2.0
23124.86039497569,44.0
23124.86045747252,21.0
23124.860519969352,10.0
23124.860582466186,24.0
23124.860644963017,57.0
23124.860707459848,307.0
23124.86076995668,327.0
23124.86083245351,240.0
23124.860894950343,219.0
23124.860957447174,210.0
23124.861019944005,229.0
23124.861082440835,216.0
23124.86114493767,212.0
23124.8612074345,195.0
23124.86126993133,188.0
23124.86133242816,206.0
23124.861394924992,174.0
23124.861457421823,152.0
23124.861519918657,173.0
23124.861582415488,224.0
23124.86164491232,222.0
23124.86170740915,199.0
23124.861769905983,181.0
23124.861832402814,149.0
23124.861894899645,163.0
23124.861957396475,148.0
23124.862019893306,106.0
23124.86208239014,123.0
23124.86214488697,151.0
23124.8622073838,127.0
23124.862269880632,127.0
23124.862332377466,142.0
23124.862394874297,146.0
23124.862457371128,131.0
23124.86251986796,79.0
23124.86258236479,42.0
23124.86264486162,-17.0
23124.862707358454,-28.0
23124.862769855285,-1.0
23124.862832352115,10.0
23124.862894848946,25.0
23124.86295734578,83.0
23124.86301984261,130.0
23124.86308233944,113.0
23124.863144836272,101.0
23124.863207333103,97.0
23124.863269829937,101.0
23124.863332326768,109.0
23124.8633948236,120.0
23124.86345732043,94.0
23124.863519817263,93.0
23124.863582314094,136.0
23124.863644810925,98.0
23124.863707307755,71.0
23124.863769804586,66.0
23124.863832301417,32.0
23124.86389479825,25.0
23124.86395729508,9.0
23124.864019791912,-23.0
23124.864082288743,-45.0
23124.864144785577,-72.0
23124.864207282408,-78.0
23124.86426977924,-101.0
23124.86433227607,-126.0
23124.8643947729,-147.0
23124.864457269734,-182.0
23124.864519766565,-165.0
23124.864582263395,-135.0
23124.864644760226,-123.0
23124.86470725706,-100.0
23124.86476975389,-132.0
23124.86483225072,-141.0
23124.864894747552,-110.0
23124.864957244383,-113.0
23124.865019741213,-114.0
23124.865082238048,-57.0
23124.86514473488,-72.0
23124.86520723171,-120.0
23124.86526972854,-129.0
23124.865332225374,-114.0
23124.865394722205,-67.0
23124.865457219035,-91.0
23124.865519715866,-108.0
23124.865582212697,-73.0
23124.86564470953,-62.0
23124.86570720636,-71.0
23124.865769703192,-102.0
23124.865832200023,-109.0
23124.865894696857,-92.0
23124.865957193688,-86.0
23124.86601969052,-77.0
23124.86608218735,-73.0
23124.86614468418,-96.0
23124.86620718101,-110.0
23124.866269677845,-91.0
23124.866332174675,-105.0
23124.866394671506,-112.0
23124.866457168337,-132.0
23124.86651966517,-130.0
23124.866582162,-67.0
23124.866644658832,-80.0
23124.866707155663,-83.0
23124.866769652494,-83.0
23124.866832149328,-83.0
23124.86689464616,-99.0
23124.86695714299,-98.0
23124.86701963982,-65.0
23124.867082136654,-83.0
23124.867144633485,-78.0
23124.867207130315,-62.0
23124.867269627146,-68.0
23124.867332123977,-76.0
23124.867394620807,-61.0
23124.86745711764,-82.0
23124.867519614472,-104.0
23124.867582111303,-74.0
23124.867644608134,-89.0
23124.867707104968,-91.0
23124.8677696018,-54.0
23124.86783209863,-47.0
23124.86789459546,-77.0
23124.86795709229,-85.0
23124.868019589125,-91.0
23124.868082085955,-74.0
23124.868144582786,-77.0
23124.868207079617,-88.0
23124.86826957645,-70.0
23124.86833207328,-74.0
23124.868394570112,-61.0
23124.868457066943,-66.0
23124.868519563774,-69.0
23124.868582060604,-54.0
23124.86864455744,-75.0
23124.86870705427,-81.0
23124.8687695511,-81.0
23124.86883204793,-71.0
23124.868894544765,-88.0
23124.868957041595,-91.0
23124.869019538426,-65.0
23124.869082035257,-77.0
23124.869144532087,-86.0
23124.86920702892,-71.0
23124.869269525752,-51.0
23124.869332022583,-57.0
23124.869394519414,-75.0
23124.869457016248,-65.0
23124.86951951308,-39.0
23124.86958200991,-45.0
23124.86964450674,-43.0
23124.86970700357,-22.0
23124.8697695004,-37.0
23124.869831997235,-41.0
23124.869894494066,-44.0
23124.869956990897,-40.0
23124.870019487727,-29.0
23124.87008198456,-38.0
23124.870144481392,-60.0
23124.870206978223,-54.0
23124.870269475054,-41.0
23124.870331971884,-45.0
23124.87039446872,-41.0
23124.87045696555,-56.0
23124.87051946238,-69.0
23124.87058195921,-8.0
23124.870644456045,-60.0
23124.870706952875,-358.0
23124.870769449706,-410.0
23124.870831946537,-322.0
23124.870894443367,-356.0
23124.870956940198,-331.0
23124.871019437032,-314.0
23124.871081933863,-281.0
23124.871144430694,-226.0
23124.871206927524,-244.0
23124.87126942436,-268.0
23124.87133192119,-292.0
23124.87139441802,-254.0
23124.87145691485,-261.0
23124.87151941168,-271.0
23124.871581908516,-216.0
23124.871644405346,-258.0
23124.871706902177,-274.0
23124.871769399007,-236.0
23124.87183189584,-174.0
23124.871894392672,-174.0
23124.871956889503,-198.0
23124.872019386334,-210.0
23124.872081883164,-216.0
23124.872144379995,-177.0
23124.87220687683,-156.0
23124.87226937366,-142.0
23124.87233187049,-162.0
23124.87239436732,-195.0
23124.872456864156,-209.0
23124.872519360986,-140.0
23124.872581857817,-37.0
23124.872644354647,-23.0
23124.872706851478,-36.0
23124.872769348312,-54.0
23124.872831845143,-91.0
23124.872894341974,-149.0
23124.872956838804,-165.0
23124.87301933564,-146.0
23124.87308183247,-160.0
23124.8731443293,-151.0
23124.87320682613,-141.0
23124.87326932296,-156.0
23124.873331819792,-148.0
23124.873394316626,-139.0
23124.873456813457,-143.0
23124.873519310288,-122.0
23124.873581807118,-76.0
23124.873644303952,-91.0
23124.873706800783,-75.0
23124.873769297614,-53.0
23124.873831794444,-76.0
23124.873894291275,-41.0
23124.87395678811,5.0
23124.87401928494,4.0
23124.87408178177,31.0
23124.8741442786,78.0
23124.874206775436,95.0
23124.874269272266,101.0
23124.874331769097,117.0
23124.874394265928,89.0
23124.87445676276,49.0
23124.87451925959,54.0
23124.874581756423,65.0
23124.874644253254,42.0
23124.874706750084,79.0
23124.874769246915,68.0
23124.87483174375,46.0
23124.87489424058,82.0
23124.87495673741,68.0
23124.87501923424,55.0
23124.875081731072,69.0
23124.875144227906,69.0
23124.875206724737,66.0
23124.875269221568,48.0
23124.8753317184,78.0
23124.875394215233,112.0
23124.875456712063,84.0
23124.875519208894,70.0
23124.875581705724,107.0
23124.875644202555,84.0
23124.875706699386,70.0
23124.87576919622,89.0
23124.87583169305,114.0
23124.87589418988,117.0
23124.875956686712,85.0
23124.876019183546,73.0
23124.876081680377,92.0
23124.876144177208,92.0
23124.87620667404,97.0
23124.87626917087,88.0
23124.876331667703,68.0
23124.876394164534,96.0
23124.876456661365,67.0
23124.876519158195,48.0
23124.87658165503,86.0
23124.87664415186,78.0
23124.87670664869,94.0
23124.87676914552,106.0
23124.876831642352,83.0
23124.876894139183,69.0
23124.876956636017,91.0
23124.877019132848,75.0
23124.87708162968,43.0
23124.87714412651,47.0
23124.877206623343,46.0
23124.877269120174,28.0
23124.877331617005,55.0
23124.877394113835,65.0
23124.877456610666,30.0
23124.8775191075,31.0
23124.87758160433,62.0
23124.87764410116,39.0
23124.877706597992,20.0
23124.877769094826,25.0
23124.877831591657,20.0
23124.877894088488,31.0
23124.87795658532,33.0
23124.87801908215,17.0
23124.87808157898,15.0
23124.878144075814,22.0
23124.878206572645,32.0
23124.878269069475,27.0
23124.878331566306,17.0
23124.87839406314,40.0
23124.87845655997,7.0
23124.8785190568,-3.0
23124.878581553632,58.0
23124.878644050463,14.0
23124.878706547297,-31.0
23124.878769044128,-1.0
23124.87883154096,20.0
23124.87889403779,38.0
23124.878956534623,17.0
23124.879019031454,25.0
23124.879081528285,53.0
23124.879144025115,5.0
23124.879206521946,2.0
23124.879269018777,23.0
23124.87933151561,27.0
23124.87939401244,46.0
23124.879456509272,4.0
23124.879519006103,-2.0
23124.879581502937,62.0
23124.879643999768,26.0
23124.8797064966,34.0
23124.87976899343,38.0
23124.87983149026,30.0
23124.879893987094,41.0
23124.879956483925,26.0
23124.880018980755,40.0
23124.880081477586,29.0
23124.88014397442,25.0
23124.88020647125,30.0
23124.88026896808,36.0
23124.880331464912,11.0
23124.880393961743,17.0
23124.880456458573,-17.0
23124.880518955408,-6.0
23124.88058145224,29.0
23124.88064394907,51.0
23124.8807064459,284.0
23124.880768942734,317.0
23124.880831439565,260.0
23124.880893936395,243.0
23124.880956433226,200.0
23124.881018930057,233.0
23124.88108142689,233.0
23124.88114392372,172.0
23124.881206420552,167.0
23124.881268917383,157.0
23124.881331414217,146.0
23124.881393911048,179.0
23124.88145640788,179.0
23124.88151890471,176.0
23124.88158140154,210.0
23124.88164389837,155.0
23124.881706395205,128.0
23124.881768892035,172.0
23124.881831388866,175.0
23124.881893885697,162.0
23124.88195638253,114.0
23124.88201887936,92.0
23124.882081376192,108.0
23124.882143873023,88.0
23124.882206369854,110.0
23124.882268866688,129.0
23124.88233136352,83.0
23124.88239386035,117.0
23124.88245635718,75.0
23124.882518854014,45.0
23124.882581350845,90.0
23124.882643847675,33.0
23124.882706344506,20.0
23124.882768841337,54.0
23124.882831338167,70.0
23124.882893835,91.0
23124.882956331832,114.0
23124.883018828663,112.0
23124.883081325494,127.0
23124.883143822328,153.0
23124.88320631916,162.0
23124.88326881599,173.0
23124.88333131282,146.0
23124.88339380965,154.0
23124.883456306485,133.0
23124.883518803315,120.0
23124.883581300146,156.0
23124.883643796977,126.0
23124.88370629381,102.0
23124.88376879064,94.0
23124.883831287472,79.0
23124.883893784303,60.0
23124.883956281134,51.0
23124.884018777964,53.0
23124.8840812748,31.0
23124.88414377163,7.0
23124.88420626846,-32.0
23124.88426876529,-58.0
23124.884331262125,-41.0
23124.884393758955,-57.0
23124.884456255786,-126.0
23124.884518752617,-98.0
23124.884581249447,-67.0
23124.88464374628,-118.0
23124.884706243112,-102.0
23124.884768739943,-72.0
23124.884831236774,-73.0
23124.884893733608,-79.0
23124.88495623044,-36.0
23124.88501872727,-32.0
23124.8850812241,-63.0
23124.88514372093,-45.0
23124.88520621776,-58.0
23124.885268714595,-95.0
23124.885331211426,-130.0
23124.885393708257,-118.0
23124.885456205087,-143.0
23124.88551870192,-165.0
23124.885581198752,-115.0
23124.885643695583,-115.0
23124.885706192414,-131.0
23124.885768689244,-127.0
23124.88583118608,-112.0
23124.88589368291,-125.0
23124.88595617974,-137.0
23124.88601867657,-138.0
23124.8860811734,-116.0
23124.886143670235,-96.0
23124.886206167066,-128.0
23124.886268663897,-143.0
23124.886331160727,-141.0
23124.886393657558,-105.0
23124.886456154392,-112.0
23124.886518651223,-117.0
23124.886581148054,-94.0
23124.886643644884,-110.0
23124.88670614172,-106.0
23124.88676863855,-109.0
23124.88683113538,-112.0
23124.88689363221,-141.0
23124.88695612904,-115.0
23124.887018625875,-94.0
23124.887081122706,-101.0
23124.887143619537,-88.0
23124.887206116367,-100.0
23124.887268613198,-104.0
23124.887331110032,-93.0
23124.887393606863,-85.0
23124.887456103694,-108.0
23124.887518600524,-81.0
23124.887581097355,-46.0
23124.88764359419,-91.0
23124.88770609102,-78.0
23124.88776858785,-71.0
23124.88783108468,-88.0
23124.887893581516,-72.0
23124.887956078346,-82.0
23124.888018575177,-90.0
23124.888081072007,-80.0
23124.888143568838,-87.0
23124.888206065672,-93.0
23124.888268562503,-87.0
23124.888331059334,-93.0
23124.888393556164,-93.0
23124.888456052995,-95.0
23124.88851854983,-82.0
23124.88858104666,-41.0
23124.88864354349,-64.0
23124.88870604032,-66.0
23124.888768537152,-35.0
23124.888831033986,-45.0
23124.888893530817,-56.0
23124.888956027648,-68.0
23124.889018524478,-72.0
23124.889081021312,-47.0
23124.889143518143,-61.0
23124.889206014974,-77.0
23124.889268511804,-50.0
23124.889331008635,-52.0
23124.88939350547,-57.0
23124.8894560023,-53.0
23124.88951849913,-48.0
23124.88958099596,-11.0
23124.889643492792,-35.0
23124.889705989626,-53.0
23124.889768486457,-19.0
23124.889830983288,-13.0
23124.88989348012,-42.0
23124.88995597695,-43.0
23124.890018473783,-11.0
23124.890080970614,-14.0
23124.890143467444,-18.0
23124.890205964275,-22.0
23124.89026846111,-40.0
23124.89033095794,-32.0
23124.89039345477,-8.0
23124.8904559516,1.0
23124.890518448432,-48.0
23124.890580945266,-2.0
23124.890643442097,-36.0
23124.890705938928,-350.0
23124.89076843576,-408.0
23124.89083093259,-283.0
23124.890893429423,-291.0
23124.890955926254,-265.0
23124.891018423084,-246.0
23124.891080919915,-256.0
23124.891143416746,-221.0
23124.89120591358,-188.0
23124.89126841041,-145.0
23124.89133090724,-158.0
23124.891393404072,-187.0
23124.891455900906,-214.0
23124.891518397737,-228.0
23124.891580894568,-140.0
23124.8916433914,-135.0
23124.89170588823,-180.0
23124.891768385063,-202.0
23124.891830881894,-190.0
23124.891893378724,-164.0
23124.891955875555,-144.0
23124.892018372386,-119.0
23124.89208086922,-152.0
23124.89214336605,-173.0
23124.89220586288,-114.0
23124.892268359712,-87.0
23124.892330856543,-100.0
23124.892393353377,-118.0
23124.892455850208,-147.0
23124.89251834704,-83.0
23124.89258084387,13.0
23124.892643340703,14.0
23124.892705837534,-14.0
23124.892768334365,-39.0
23124.892830831195,-51.0
23124.892893328026,-60.0
23124.89295582486,-68.0
23124.89301832169,-113.0
23124.89308081852,-162.0
23124.893143315352,-165.0
23124.893205812183,-105.0
23124.893268309017,-66.0
23124.893330805848,-81.0
23124.89339330268,-96.0
23124.89345579951,-159.0
23124.89351829634,-142.0
23124.893580793174,-80.0
23124.893643290005,-109.0
23124.893705786835,-102.0
23124.893768283666,-81.0
23124.8938307805,-79.0
23124.89389327733,-73.0
23124.89395577416,-9.0
23124.894018270992,40.0
23124.894080767823,45.0
23124.894143264657,69.0
23124.894205761488,59.0
23124.89426825832,16.0
23124.89433075515,41.0
23124.89439325198,106.0
23124.894455748814,65.0
23124.894518245645,49.0
23124.894580742475,113.0
23124.894643239306,61.0
23124.894705736137,17.0
23124.89476823297,53.0
23124.8948307298,61.0
23124.894893226632,57.0
23124.894955723463,48.0
23124.895018220297,65.0
23124.895080717128,63.0
23124.89514321396,19.0
23124.89520571079,29.0
23124.89526820762,32.0
23124.895330704454,46.0
23124.895393201285,97.0
23124.895455698115,67.0
23124.895518194946,54.0
23124.895580691777,90.0
23124.89564318861,66.0
23124.89570568544,36.0
23124.895768182272,20.0
23124.895830679103,50.0
23124.895893175933,68.0
23124.895955672768,71.0
23124.8960181696,90.0
23124.89608066643,90.0
23124.89614316326,82.0
23124.896205660094,71.0
23124.896268156925,68.0
23124.896330653755,29.0
23124.896393150586,21.0
23124.896455647417,-8.0
23124.89651814425,-33.0
23124.89658064108,24.0
23124.896643137912,0.0
23124.896705634743,22.0
23124.896768131573,61.0
23124.896830628408,71.0
23124.89689312524,85.0
23124.89695562207,80.0
23124.8970181189,94.0
23124.89708061573,103.0
23124.897143112565,73.0
23124.897205609395,85.0
23124.897268106226,72.0
23124.897330603057,24.0
23124.89739309989,68.0
23124.89745559672,35.0
23124.897518093552,-1.0
23124.897580590383,64.0
23124.897643087214,43.0
23124.897705584048,29.0
23124.89776808088,27.0
23124.89783057771,29.0
23124.89789307454,49.0
23124.89795557137,39.0
23124.898018068205,45.0
23124.898080565035,41.0
23124.898143061866,14.0
23124.898205558697,47.0
23124.898268055527,63.0
23124.89833055236,26.0
23124.898393049192,40.0
23124.898455546023,14.0
23124.898518042854,20.0
23124.898580539688,72.0
23124.89864303652,16.0
23124.89870553335,-6.0
23124.89876803018,15.0
23124.89883052701,8.0
23124.898893023845,-2.0
23124.898955520675,-14.0
23124.899018017506,-14.0
23124.899080514337,4.0
23124.899143011167,22.0
23124.899205508,0.0
23124.899268004832,-28.0
23124.899330501663,-13.0
23124.899392998494,-3.0
23124.899455495324,-37.0
23124.89951799216,-13.0
23124.89958048899,40.0
23124.89964298582,-5.0
23124.89970548265,-22.0
23124.899767979485,4.0
23124.899830476315,-4.0
23124.899892973146,-27.0
23124.899955469977,-42.0
23124.900017966807,-37.0
23124.90008046364,-29.0
23124.900142960472,-43.0
23124.900205457303,-33.0
23124.900267954134,-34.0
23124.900330450964,-72.0
23124.9003929478,-41.0
23124.90045544463,-54.0
23124.90051794146,-42.0
23124.90058043829,-38.0
23124.90064293512,25.0
23124.900705431955,255.0
23124.900767928786,237.0
23124.900830425617,210.0
23124.900892922447,192.0
23124.90095541928,120.0
23124.901017916112,154.0
23124.901080412943,159.0
23124.901142909774,147.0
23124.901205406604,140.0
23124.90126790344,139.0
23124.90133040027,160.0
23124.9013928971,104.0
23124.90145539393,76.0
23124.90151789076,87.0
23124.901580387595,135.0
23124.901642884426,142.0
23124.901705381257,119.0
23124.901767878087,117.0
23124.901830374918,142.0
23124.901892871752,158.0
23124.901955368583,89.0
23124.902017865414,60.0
23124.902080362244,76.0
23124.90214285908,51.0
23124.90220535591,54.0
23124.90226785274,76.0
23124.90233034957,75.0
23124.9023928464,100.0
23124.902455343235,31.0
23124.902517840066,-17.0
23124.902580336897,16.0
23124.902642833727,-41.0
23124.902705330558,-47.0
23124.902767827392,-33.0
23124.902830324223,-34.0
23124.902892821054,23.0
23124.902955317884,53.0
23124.903017814715,72.0
23124.90308031155,95.0
23124.90314280838,93.0
23124.90320530521,80.0
23124.90326780204,52.0
23124.903330298876,41.0
23124.903392795706,54.0
23124.903455292537,32.0
23124.903517789367,55.0
23124.903580286198,105.0
23124.903642783032,55.0
23124.903705279863,32.0
23124.903767776694,14.0
23124.903830273524,-14.0
23124.903892770355,-18.0
23124.90395526719,-31.0
23124.90401776402,-39.0
23124.90408026085,-67.0
23124.90414275768,-91.0
23124.904205254512,-122.0
23124.904267751346,-143.0
23124.904330248177,-155.0
23124.904392745007,-116.0
23124.904455241838,-117.0
23124.904517738672,-139.0
23124.904580235503,-93.0
23124.904642732334,-103.0
23124.904705229164,-136.0
23124.904767725995,-142.0
23124.90483022283,-116.0
23124.90489271966,-134.0
23124.90495521649,-127.0
23124.90501771332,-94.0
23124.905080210152,-102.0
23124.905142706986,-119.0
23124.905205203817,-137.0
23124.905267700648,-167.0
23124.905330197478,-191.0
23124.90539269431,-177.0
23124.905455191143,-191.0
23124.905517687974,-220.0
23124.905580184804,-164.0
23124.905642681635,-150.0
23124.90570517847,-158.0
23124.9057676753,-147.0
23124.90583017213,-143.0
23124.90589266896,-131.0
23124.905955165792,-150.0
23124.906017662626,-146.0
23124.906080159457,-131.0
23124.906142656288,-160.0
23124.90620515312,-158.0
23124.90626764995,-116.0
23124.906330146783,-138.0
23124.906392643614,-169.0
23124.906455140444,-176.0
23124.906517637275,-174.0
23124.906580134106,-143.0
23124.90664263094,-137.0
23124.90670512777,-142.0
23124.9067676246,-163.0
23124.906830121432,-164.0
23124.906892618266,-148.0
23124.906955115097,-105.0
23124.907017611928,-60.0
23124.90708010876,-71.0
23124.90714260559,-81.0
23124.907205102423,-34.0
23124.907267599254,-15.0
23124.907330096084,-63.0
23124.907392592915,-55.0
23124.907455089746,-49.0
23124.90751758658,-63.0
23124.90758008341,-34.0
23124.90764258024,-49.0
23124.907705077072,-28.0
23124.907767573903,0.0
23124.907830070737,-25.0
23124.907892567568,-27.0
23124.9079550644,-35.0
23124.90801756123,-46.0
23124.908080058063,-22.0
23124.908142554894,-35.0
23124.908205051725,-30.0
23124.908267548555,-16.0
23124.908330045386,-34.0
23124.90839254222,-13.0
23124.90845503905,-33.0
23124.90851753588,-46.0
23124.908580032712,-6.0
23124.908642529543,0.0
23124.908705026377,-14.0
23124.908767523208,-34.0
23124.90883002004,-39.0
23124.90889251687,-31.0
23124.9089550137,-27.0
23124.909017510534,-8.0
23124.909080007365,-1.0
23124.909142504195,-3.0
23124.909205001026,-4.0
23124.90926749786,-27.0
23124.90932999469,-29.0
23124.90939249152,-17.0
23124.909454988352,-26.0
23124.909517485183,-15.0
23124.909579982017,22.0
23124.909642478848,11.0
23124.90970497568,-7.0
23124.90976747251,11.0
23124.90982996934,3.0
23124.909892466174,-6.0
23124.909954963005,15.0
23124.910017459835,7.0
23124.910079956666,-3.0
23124.910142453497,-7.0
23124.91020495033,0.0
23124.91026744716,-4.0
23124.910329943992,-43.0
23124.910392440823,-8.0
23124.910454937657,-13.0
23124.910517434488,-47.0
23124.91057993132,37.0
23124.91064242815,-60.0
23124.91070492498,-320.0
23124.910767421814,-339.0
23124.910829918645,-280.0
23124.910892415475,-277.0
23124.910954912306,-256.0
23124.911017409137,-266.0
23124.91107990597,-262.0
23124.9111424028,-237.0
23124.911204899632,-206.0
23124.911267396463,-189.0
23124.911329893293,-188.0
23124.911392390128,-174.0
23124.91145488696,-214.0
23124.91151738379,-220.0
23124.91157988062,-178.0
23124.911642377454,-191.0
23124.911704874285,-172.0
23124.911767371115,-162.0
23124.911829867946,-138.0
23124.911892364777,-132.0
23124.91195486161,-148.0
23124.91201735844,-139.0
23124.912079855272,-123.0
23124.912142352103,-97.0
23124.912204848933,-64.0
23124.912267345768,-38.0
23124.9123298426,-60.0
23124.91239233943,-92.0
23124.91245483626,-110.0
23124.91251733309,-55.0
23124.912579829925,42.0
23124.912642326755,79.0
23124.912704823586,80.0
23124.912767320417,47.0
23124.91282981725,33.0
23124.91289231408,-10.0
23124.912954810912,-46.0
23124.913017307743,-23.0
23124.913079804573,-25.0
23124.913142301408,-50.0
23124.91320479824,-36.0
23124.91326729507,-25.0
23124.9133297919,10.0
23124.91339228873,16.0
23124.913454785565,-55.0
23124.913517282395,-92.0
23124.913579779226,-33.0
23124.913642276057,21.0
23124.913704772887,22.0
23124.91376726972,-27.0
23124.913829766552,-8.0
23124.913892263383,50.0
23124.913954760214,93.0
23124.914017257048,117.0
23124.91407975388,93.0
23124.91414225071,69.0
23124.91420474754,102.0
23124.91426724437,157.0
23124.914329741205,160.0
23124.914392238035,159.0
23124.914454734866,144.0
23124.914517231697,97.0
23124.914579728527,145.0
23124.91464222536,160.0
23124.914704722192,120.0
23124.914767219023,111.0
23124.914829715854,106.0
23124.914892212684,102.0
23124.91495470952,112.0
23124.91501720635,105.0
23124.91507970318,129.0
23124.91514220001,109.0
23124.915204696845,97.0
23124.915267193675,140.0
23124.915329690506,161.0
23124.915392187337,191.0
23124.915454684167,175.0
23124.915517181,138.0
23124.915579677832,175.0
23124.915642174663,164.0
23124.915704671494,142.0
23124.915767168324,183.0
23124.91582966516,190.0
23124.91589216199,152.0
23124.91595465882,136.0
23124.91601715565,97.0
23124.91607965248,108.0
23124.916142149315,152.0
23124.916204646146,167.0
23124.916267142977,168.0
23124.916329639807,171.0
23124.91639213664,130.0
23124.916454633472,57.0
23124.916517130303,94.0
23124.916579627134,164.0
23124.916642123964,147.0
23124.9167046208,170.0
23124.91676711763,168.0
23124.91682961446,162.0
23124.91689211129,152.0
23124.91695460812,97.0
23124.917017104955,85.0
23124.917079601786,98.0
23124.917142098617,107.0
23124.917204595447,124.0
23124.917267092278,144.0
23124.917329589112,134.0
23124.917392085943,153.0
23124.917454582774,145.0
23124.917517079604,116.0
23124.91757957644,175.0
23124.91764207327,146.0
23124.9177045701,120.0
23124.91776706693,163.0
23124.91782956376,177.0
23124.917892060595,170.0
23124.917954557426,157.0
23124.918017054257,167.0
23124.918079551087,168.0
23124.918142047918,147.0
23124.918204544752,172.0
23124.918267041583,185.0
23124.918329538414,167.0
23124.918392035244,187.0
23124.918454532075,163.0
23124.91851702891,172.0
23124.91857952574,219.0
23124.91864202257,169.0
23124.9187045194,142.0
23124.918767016236,163.0
23124.918829513066,166.0
23124.918892009897,143.0
23124.918954506727,124.0
23124.919017003558,172.0
23124.919079500392,173.0
23124.919141997223,155.0
23124.919204494054,196.0
23124.919266990884,179.0
23124.919329487715,163.0
23124.91939198455,182.0
23124.91945448138,145.0
23124.91951697821,133.0
23124.91957947504,185.0
23124.919641971872,167.0
23124.919704468706,171.0
23124.919766965537,146.0
23124.919829462367,138.0
23124.919891959198,153.0
23124.919954456032,128.0
23124.920016952863,140.0
23124.920079449694,142.0
23124.920141946524,136.0
23124.920204443355,157.0
23124.92026694019,165.0
23124.92032943702,158.0
23124.92039193385,178.0
23124.92045443068,128.0
23124.920516927512,128.0
23124.920579424346,146.0
23124.920641921177,204.0
23124.920704418008,424.0
23124.920766914838,416.0
23124.92082941167,367.0
23124.920891908503,370.0
23124.920954405334,355.0
23124.921016902164,359.0
23124.921079398995,333.0
23124.92114189583,320.0
23124.92120439266,334.0
23124.92126688949,354.0
23124.92132938632,353.0
23124.921391883152,343.0
23124.921454379986,330.0
23124.921516876817,314.0
23124.921579373648,355.0
23124.92164187048,316.0
23124.92170436731,269.0
23124.921766864143,251.0
23124.921829360974,258.0
23124.921891857804,260.0
23124.921954354635,189.0
23124.922016851466,188.0
23124.9220793483,205.0
23124.92214184513,204.0
23124.92220434196,197.0
23124.922266838792,181.0
23124.922329335626,153.0
23124.922391832457,172.0
23124.922454329288,168.0
23124.92251682612,114.0
23124.92257932295,97.0
23124.922641819783,40.0
23124.922704316614,13.0
23124.922766813444,37.0
23124.922829310275,59.0
23124.922891807106,102.0
23124.92295430394,127.0
23124.92301680077,168.0
23124.9230792976,196.0
23124.923141794432,166.0
23124.923204291263,137.0
23124.923266788097,122.0
23124.923329284928,111.0
23124.92339178176,124.0
23124.92345427859,103.0
23124.923516775423,114.0
23124.923579272254,148.0
23124.923641769084,116.0
23124.923704265915,81.0
23124.923766762746,43.0
23124.92382925958,23.0
23124.92389175641,12.0
23124.92395425324,-7.0
23124.924016750072,4.0
23124.924079246903,27.0
23124.924141743737,-2.0
23124.924204240568,-35.0
23124.9242667374,-44.0
23124.92432923423,-67.0
23124.92439173106,-57.0
23124.924454227894,-47.0
23124.924516724725,-59.0
23124.924579221555,-48.0
23124.924641718386,-56.0
23124.92470421522,-59.0
23124.92476671205,-44.0
23124.92482920888,-39.0
23124.924891705712,-33.0
23124.924954202543,-44.0
23124.925016699377,-57.0
23124.925079196208,-48.0
23124.92514169304,-46.0
23124.92520418987,-38.0
23124.9252666867,-35.0
23124.925329183534,-71.0
23124.925391680365,-61.0
23124.925454177195,-78.0
23124.925516674026,-103.0
23124.925579170857,-74.0
23124.92564166769,-91.0
23124.92570416452,-55.0
23124.925766661352,-54.0
23124.925829158183,-91.0
23124.925891655017,-79.0
23124.925954151848,-115.0
23124.92601664868,-128.0
23124.92607914551,-111.0
23124.92614164234,-112.0
23124.926204139174,-113.0
23124.926266636005,-81.0
23124.926329132835,-56.0
23124.926391629666,-98.0
23124.926454126497,-114.0
23124.92651662333,-101.0
23124.92657912016,-81.0
23124.926641616992,-114.0
23124.926704113823,-113.0
23124.926766610653,-102.0
23124.926829107488,-105.0
23124.92689160432,-88.0
23124.92695410115,-56.0
23124.92701659798,-59.0
23124.927079094814,-99.0
23124.927141591645,-95.0
23124.927204088475,-71.0
23124.927266585306,-92.0
23124.927329082137,-96.0
23124.92739157897,-68.0
23124.9274540758,-98.0
23124.927516572632,-90.0
23124.927579069463,-52.0
23124.927641566293,-69.0
23124.927704063128,-58.0
23124.92776655996,-65.0
23124.92782905679,-58.0
23124.92789155362,-48.0
23124.92795405045,-75.0
23124.928016547285,-65.0
23124.928079044115,-56.0
23124.928141540946,-66.0
23124.928204037777,-51.0
23124.92826653461,-48.0
23124.92832903144,-71.0
23124.928391528272,-54.0
23124.928454025103,-106.0
23124.928516521933,-118.0
23124.928579018768,-31.0
23124.9286415156,-72.0
23124.92870401243,-88.0
23124.92876650926,-52.0
23124.92882900609,-59.0
23124.928891502925,-43.0
23124.928953999755,-55.0
23124.929016496586,-68.0
23124.929078993417,-61.0
23124.929141490247,-62.0
23124.92920398708,-39.0
23124.929266483912,-55.0
23124.929328980743,-51.0
23124.929391477574,-41.0
23124.929453974408,-84.0
23124.92951647124,-84.0
23124.92957896807,-59.0
23124.9296414649,-85.0
23124.92970396173,-94.0
23124.929766458565,-90.0
23124.929828955395,-77.0
23124.929891452226,-82.0
23124.929953949057,-80.0
23124.930016445887,-64.0
23124.93007894272,-65.0
23124.930141439552,-75.0
23124.930203936383,-64.0
23124.930266433214,-56.0
23124.930328930044,-79.0
23124.93039142688,-82.0
23124.93045392371,-78.0
23124.93051642054,-91.0
23124.93057891737,-26.0
23124.930641414205,-115.0
23124.930703911035,-396.0
23124.930766407866,-402.0
23124.930828904697,-348.0
23124.930891401527,-378.0
23124.93095389836,-324.0
23124.931016395192,-310.0
23124.931078892023,-294.0
23124.931141388854,-247.0
23124.931203885684,-231.0
23124.93126638252,-233.0
23124.93132887935,-241.0
23124.93139137618,-191.0
23124.93145387301,-226.0
23124.93151636984,-249.0
23124.931578866675,-189.0
23124.931641363506,-210.0
23124.931703860337,-241.0
23124.931766357167,-214.0
23124.931828854,-197.0
23124.931891350832,-209.0
23124.931953847663,-193.0
23124.932016344494,-160.0
23124.932078841324,-119.0
23124.93214133816,-108.0
23124.93220383499,-117.0
23124.93226633182,-119.0
23124.93232882865,-134.0
23124.93239132548,-136.0
23124.932453822315,-163.0
23124.932516319146,-116.0
23124.932578815977,-34.0
23124.932641312807,-15.0
23124.932703809638,7.0
23124.932766306472,-12.0
23124.932828803303,-63.0
23124.932891300134,-104.0
23124.932953796964,-129.0
23124.9330162938,-169.0
23124.93307879063,-182.0
23124.93314128746,-162.0
23124.93320378429,-138.0
23124.93326628112,-132.0
23124.933328777955,-157.0
23124.933391274786,-162.0
23124.933453771617,-158.0
23124.933516268447,-160.0
23124.933578765278,-91.0
23124.933641262112,-37.0
23124.933703758943,-57.0
23124.933766255774,-59.0
23124.933828752604,-62.0
23124.933891249435,-69.0
23124.93395374627,-14.0
23124.9340162431,21.0
23124.93407873993,35.0
23124.93414123676,45.0
23124.934203733595,25.0
23124.934266230426,37.0
23124.934328727257,93.0
23124.934391224087,121.0
23124.934453720918,95.0
23124.934516217752,73.0
23124.934578714583,91.0
23124.934641211414,53.0
23124.934703708244,70.0
23124.934766205075,84.0
23124.93482870191,53.0
23124.93489119874,31.0
23124.93495369557,32.0
23124.9350161924,54.0
23124.935078689232,47.0
23124.935141186066,80.0
23124.935203682897,65.0
23124.935266179727,41.0
23124.935328676558,70.0
23124.935391173392,99.0
23124.935453670223,72.0
23124.935516167054,58.0
23124.935578663884,78.0
23124.935641160715,56.0
23124.93570365755,78.0
23124.93576615438,119.0
23124.93582865121,97.0
23124.93589114804,57.0
23124.935953644872,86.0
23124.936016141706,119.0
23124.936078638537,103.0
23124.936141135368,91.0
23124.936203632198,83.0
23124.93626612903,68.0
23124.936328625863,78.0
23124.936391122694,122.0
23124.936453619524,100.0
23124.936516116355,63.0
23124.93657861319,76.0
23124.93664111002,59.0
23124.93670360685,92.0
23124.93676610368,109.0
23124.936828600512,115.0
23124.936891097346,97.0
23124.936953594177,36.0
23124.937016091008,58.0
23124.93707858784,62.0
23124.93714108467,68.0
23124.937203581503,112.0
23124.937266078334,82.0
23124.937328575164,42.0
23124.937391071995,60.0
23124.937453568826,56.0
23124.93751606566,47.0
23124.93757856249,83.0
23124.93764105932,56.0
23124.937703556152,45.0
23124.937766052986,56.0
23124.937828549817,43.0
23124.937891046648,24.0
23124.93795354348,2.0
23124.93801604031,-9.0
23124.938078537143,12.0
23124.938141033974,29.0
23124.938203530804,10.0
23124.938266027635,-3.0
23124.938328524466,-2.0
23124.9383910213,5.0
23124.93845351813,-7.0
23124.93851601496,13.0
23124.938578511792,41.0
23124.938641008623,-3.0
23124.938703505457,13.0
23124.938766002288,38.0
23124.93882849912,20.0
23124.93889099595,3.0
23124.938953492783,13.0
23124.939015989614,11.0
23124.939078486444,7.0
23124.939140983275,22.0
23124.939203480106,5.0
23124.93926597694,-9.0
23124.93932847377,2.0
23124.9393909706,7.0
23124.939453467432,-31.0
23124.939515964263,-32.0
23124.939578461097,14.0
23124.939640957928,-23.0
23124.93970345476,-12.0
23124.93976595159,1.0
23124.93982844842,-28.0
23124.939890945254,-2.0
23124.939953442085,-19.0
23124.940015938915,-42.0
23124.940078435746,-20.0
23124.94014093258,-24.0
23124.94020342941,-21.0
23124.94026592624,-28.0
23124.940328423072,-53.0
23124.940390919903,-34.0
23124.940453416737,-59.0
23124.940515913568,-35.0
23124.9405784104,-31.0
23124.94064090723,48.0
23124.94070340406,260.0
23124.940765900894,240.0
23124.940828397725,190.0
23124.940890894555,168.0
23124.940953391386,123.0
23124.941015888216,124.0
23124.94107838505,107.0
23124.94114088188,91.0
23124.941203378712,135.0
23124.941265875543,157.0
23124.941328372377,123.0
23124.941390869208,110.0
23124.94145336604,122.0
23124.94151586287,148.0
23124.9415783597,206.0
23124.941640856534,164.0
23124.941703353365,125.0
23124.941765850195,135.0
23124.941828347026,147.0
23124.941890843857,153.0
23124.94195334069,86.0
23124.94201583752,113.0
23124.942078334352,144.0
23124.942140831183,81.0
23124.942203328013,72.0
23124.942265824848,75.0
23124.94232832168,57.0
23124.94239081851,71.0
23124.94245331534,39.0
23124.942515812174,3.0
23124.942578309005,42.0
23124.942640805835,-23.0
23124.942703302666,-54.0
23124.942765799497,-15.0
23124.94282829633,-18.0
23124.94289079316,40.0
23124.942953289992,106.0
23124.943015786823,137.0
23124.943078283653,175.0
23124.943140780488,185.0
23124.94320327732,150.0
23124.94326577415,144.0
23124.94332827098,136.0
23124.94339076781,132.0
23124.943453264645,112.0
23124.943515761475,105.0
23124.943578258306,156.0
23124.943640755137,97.0
23124.94370325197,72.0
23124.9437657488,88.0
23124.943828245632,47.0
23124.943890742463,25.0
23124.943953239293,26.0
23124.944015736128,14.0
23124.94407823296,-7.0
23124.94414072979,9.0
23124.94420322662,-4.0
23124.94426572345,-28.0
23124.944328220285,-51.0
23124.944390717115,-72.0
23124.944453213946,-118.0
23124.944515710777,-103.0
23124.944578207607,-30.0
23124.94464070444,-36.0
23124.944703201272,-50.0
23124.944765698103,-19.0
23124.944828194934,-30.0
23124.944890691768,-60.0
23124.9449531886,-83.0
23124.94501568543,-118.0
23124.94507818226,-119.0
23124.94514067909,-80.0
23124.945203175925,-75.0
23124.945265672755,-74.0
23124.945328169586,-91.0
23124.945390666417,-108.0
23124.945453163247,-130.0
23124.94551566008,-153.0
23124.945578156912,-97.0
23124.945640653743,-104.0
23124.945703150574,-116.0
23124.945765647404,-111.0
23124.94582814424,-156.0
23124.94589064107,-181.0
23124.9459531379,-180.0
23124.94601563473,-180.0
23124.946078131565,-150.0
23124.946140628395,-121.0
23124.946203125226,-114.0
23124.946265622057,-147.0
23124.946328118887,-155.0
23124.94639061572,-117.0
23124.946453112552,-133.0
23124.946515609383,-121.0
23124.946578106214,-78.0
23124.946640603044,-127.0
23124.94670309988,-174.0
23124.94676559671,-156.0
23124.94682809354,-141.0
23124.94689059037,-149.0
23124.9469530872,-103.0
23124.947015584035,-114.0
23124.947078080866,-137.0
23124.947140577697,-112.0
23124.947203074527,-122.0
23124.94726557136,-111.0
23124.947328068192,-109.0
23124.947390565023,-121.0
23124.947453061854,-132.0
23124.947515558684,-133.0
23124.94757805552,-90.0
23124.94764055235,-90.0
23124.94770304918,-89.0
23124.94776554601,-64.0
23124.94782804284,-86.0
23124.947890539675,-99.0
23124.947953036506,-124.0
23124.948015533337,-104.0
23124.948078030167,-80.0
23124.948140526998,-101.0
23124.948203023832,-89.0
23124.948265520663,-90.0
23124.948328017494,-97.0
23124.948390514324,-106.0
23124.94845301116,-122.0
23124.94851550799,-105.0
23124.94857800482,-73.0
23124.94864050165,-92.0
23124.94870299848,-89.0
23124.948765495315,-81.0
23124.948827992146,-81.0
23124.948890488977,-60.0
23124.948952985807,-64.0
23124.949015482638,-63.0
23124.949077979472,-67.0
23124.949140476303,-77.0
23124.949202973134,-67.0
23124.949265469964,-62.0
23124.949327966795,-62.0
23124.94939046363,-75.0
23124.94945296046,-84.0
23124.94951545729,-80.0
23124.94957795412,-41.0
23124.949640450955,-55.0
23124.949702947786,-80.0
23124.949765444617,-65.0
23124.949827941447,-68.0
23124.949890438278,-58.0
23124.949952935112,-52.0
23124.950015431943,-42.0
23124.950077928774,-37.0
23124.950140425604,-72.0
23124.950202922435,-80.0
23124.95026541927,-56.0
23124.9503279161,-49.0
23124.95039041293,-26.0
23124.95045290976,-44.0
23124.950515406592,-80.0
23124.950577903426,2.0
23124.950640400257,-98.0
23124.950702897087,-339.0
23124.950765393918,-346.0
23124.950827890752,-279.0
23124.950890387583,-272.0
23124.950952884414,-253.0
23124.951015381244,-255.0
23124.951077878075,-233.0
23124.95114037491,-220.0
23124.95120287174,-248.0
23124.95126536857,-212.0
23124.9513278654,-207.0
23124.951390362232,-178.0
23124.951452859066,-196.0
23124.951515355897,-237.0
23124.951577852727,-177.0
23124.951640349558,-169.0
23124.95170284639,-192.0
23124.951765343223,-198.0
23124.951827840054,-176.0
23124.951890336884,-159.0
23124.951952833715,-183.0
23124.95201533055,-175.0
23124.95207782738,-145.0
23124.95214032421,-155.0
23124.95220282104,-154.0
23124.952265317872,-147.0
23124.952327814706,-136.0
23124.952390311537,-97.0
23124.952452808368,-122.0
23124.952515305198,-75.0
23124.95257780203,10.0
23124.952640298863,13.0
23124.952702795694,35.0
23124.952765292524,-2.0
23124.952827789355,-1.0
23124.952890286186,-23.0
23124.95295278302,-116.0
23124.95301527985,-131.0
23124.95307777668,-116.0
23124.953140273512,-126.0
23124.953202770346,-102.0
23124.953265267177,-83.0
23124.953327764008,-62.0
23124.95339026084,-39.0
23124.95345275767,-77.0
23124.953515254503,-78.0
23124.953577751334,-26.0
23124.953640248164,-50.0
23124.953702744995,-52.0
23124.953765241826,-35.0
23124.95382773866,-37.0
23124.95389023549,-9.0
23124.95395273232,28.0
23124.954015229152,52.0
23124.954077725983,84.0
23124.954140222817,99.0
23124.954202719648,117.0
23124.95426521648,115.0
23124.95432771331,88.0
23124.954390210143,72.0
23124.954452706974,72.0
23124.954515203804,96.0
23124.954577700635,132.0
23124.954640197466,133.0
23124.9547026943,114.0
23124.95476519113,85.0
23124.95482768796,72.0
23124.954890184792,67.0
23124.954952681623,74.0
23124.955015178457,121.0
23124.955077675288,130.0
23124.95514017212,119.0
23124.95520266895,134.0
23124.95526516578,102.0
23124.955327662614,108.0
23124.955390159445,173.0
23124.955452656275,172.0
23124.955515153106,153.0
23124.95557764994,167.0
23124.95564014677,126.0
23124.9557026436,100.0
23124.955765140432,125.0
23124.955827637263,163.0
23124.955890134097,145.0
23124.955952630928,132.0
23124.95601512776,120.0
23124.95607762459,107.0
23124.95614012142,122.0
23124.956202618254,137.0
23124.956265115085,132.0
23124.956327611915,86.0
23124.956390108746,76.0
23124.956452605576,96.0
23124.95651510241,118.0
23124.95657759924,168.0
23124.956640096072,121.0
23124.956702592903,77.0
23124.956765089737,97.0
23124.956827586568,134.0
23124.9568900834,156.0
23124.95695258023,122.0
23124.95701507706,100.0
23124.957077573894,80.0
23124.957140070725,86.0
23124.957202567555,130.0
23124.957265064386,112.0
23124.957327561217,68.0
23124.95739005805,64.0
23124.95745255488,22.0
23124.957515051712,19.0
23124.957577548543,79.0
23124.957640045373,52.0
23124.957702542208,34.0
23124.95776503904,41.0
23124.95782753587,48.0
23124.9578900327,50.0
23124.957952529534,41.0
23124.958015026365,41.0
23124.958077523195,44.0
23124.958140020026,52.0
23124.958202516857,61.0
23124.95826501369,48.0
23124.95832751052,30.0
23124.958390007352,35.0
23124.958452504183,12.0
23124.958515001013,1.0
23124.958577497848,68.0
23124.95863999468,51.0
23124.95870249151,28.0
23124.95876498834,56.0
23124.95882748517,47.0
23124.958889982005,39.0
23124.958952478835,56.0
23124.959014975666,61.0
23124.959077472497,51.0
23124.95913996933,38.0
23124.95920246616,51.0
23124.959264962992,57.0
23124.959327459823,43.0
23124.959389956653,32.0
23124.959452453488,-4.0
23124.95951495032,18.0
23124.95957744715,69.0
23124.95963994398,52.0
23124.95970244081,46.0
23124.959764937645,41.0
23124.959827434475,59.0
23124.959889931306,60.0
23124.959952428137,15.0
23124.960014924967,3.0
23124.9600774218,10.0
23124.960139918632,-3.0
23124.960202415463,19.0
23124.960264912293,33.0
23124.960327409128,17.0
23124.96038990596,42.0
23124.96045240279,15.0
23124.96051489962,48.0
23124.96057739645,51.0
23124.960639893285,109.0
23124.960702390115,378.0
23124.960764886946,359.0
23124.960827383777,301.0
23124.960889880607,316.0
23124.96095237744,240.0
23124.961014874272,219.0
23124.961077371103,219.0
23124.961139867934,190.0
23124.961202364764,192.0
23124.9612648616,243.0
23124.96132735843,254.0
23124.96138985526,236.0
23124.96145235209,214.0
23124.961514848925,208.0
23124.961577345755,277.0
23124.961639842586,246.0
23124.961702339417,206.0
23124.961764836247,195.0
23124.96182733308,198.0
23124.961889829912,190.0
23124.961952326743,125.0
23124.962014823574,132.0
23124.962077320404,143.0
23124.96213981724,128.0
23124.96220231407,117.0
23124.9622648109,110.0
23124.96232730773,119.0
23124.96238980456,150.0
23124.962452301395,103.0
23124.962514798226,70.0
23124.962577295057,91.0
23124.962639791887,0.0
23124.96270228872,-35.0
23124.962764785552,8.0
23124.962827282383,17.0
23124.962889779214,43.0
23124.962952276044,110.0
23124.96301477288,147.0
23124.96307726971,135.0
23124.96313976654,131.0
23124.96320226337,138.0
23124.9632647602,115.0
23124.963327257035,101.0
23124.963389753866,119.0
23124.963452250697,103.0
23124.963514747527,103.0
23124.963577244358,162.0
23124.963639741192,128.0
23124.963702238023,57.0
23124.963764734854,39.0
23124.963827231684,40.0
23124.96388972852,21.0
23124.96395222535,-9.0
23124.96401472218,-12.0
23124.96407721901,-24.0
23124.96413971584,-56.0
23124.964202212675,-66.0
23124.964264709506,-94.0
23124.964327206337,-125.0
23124.964389703167,-106.0
23124.964452199998,-149.0
23124.964514696832,-164.0
23124.964577193663,-102.0
23124.964639690494,-113.0
23124.964702187324,-122.0
23124.964764684155,-92.0
23124.96482718099,-94.0
23124.96488967782,-115.0
23124.96495217465,-106.0
23124.96501467148,-94.0
23124.965077168315,-90.0
23124.965139665146,-114.0
23124.965202161977,-117.0
23124.965264658807,-123.0
23124.965327155638,-187.0
23124.965389652472,-205.0
23124.965452149303,-207.0
23124.965514646134,-191.0
23124.965577142964,-165.0
23124.965639639795,-164.0
23124.96570213663,-161.0
23124.96576463346,-167.0
23124.96582713029,-162.0
23124.96588962712,-178.0
23124.965952123952,-185.0
23124.966014620786,-186.0
23124.966077117617,-202.0
23124.966139614447,-180.0
23124.966202111278,-164.0
23124.966264608112,-145.0
23124.966327104943,-154.0
23124.966389601774,-166.0
23124.966452098604,-166.0
23124.966514595435,-179.0
23124.96657709227,-161.0
23124.9666395891,-173.0
23124.96670208593,-202.0
23124.96676458276,-203.0
23124.966827079592,-176.0
23124.966889576426,-166.0
23124.966952073257,-138.0
23124.967014570087,-152.0
23124.967077066918,-167.0
23124.96713956375,-111.0
23124.967202060583,-94.0
23124.967264557414,-114.0
23124.967327054244,-114.0
23124.967389551075,-113.0
23124.96745204791,-129.0
23124.96751454474,-103.0
23124.96757704157,-65.0
23124.9676395384,-78.0
23124.967702035232,-95.0
23124.967764532066,-83.0
23124.967827028897,-80.0
23124.967889525728,-105.0
23124.967952022558,-100.0
23124.96801451939,-96.0
23124.968077016223,-103.0
23124.968139513054,-69.0
23124.968202009884,-67.0
23124.968264506715,-87.0
23124.968327003546,-79.0
23124.96838950038,-64.0
23124.96845199721,-64.0
23124.96851449404,-87.0
23124.968576990872,-57.0
23124.968639487706,-77.0
23124.968701984537,-87.0
23124.968764481368,-57.0
23124.9688269782,-41.0
23124.96888947503,-34.0
23124.968951971863,-40.0
23124.969014468694,-54.0
23124.969076965524,-67.0
23124.969139462355,-54.0
23124.969201959186,-72.0
23124.96926445602,-60.0
23124.96932695285,-36.0
23124.96938944968,-54.0
23124.969451946512,-66.0
23124.969514443343,-61.0
23124.969576940177,-21.0
23124.969639437008,-31.0
23124.96970193384,-46.0
23124.96976443067,-47.0
23124.969826927503,-43.0
23124.969889424334,-31.0
23124.969951921164,-41.0
23124.970014417995,-33.0
23124.970076914826,-41.0
23124.97013941166,-47.0
23124.97020190849,-34.0
23124.97026440532,-53.0
23124.970326902152,-62.0
23124.970389398983,-50.0
23124.970451895817,-57.0
23124.970514392648,-95.0
23124.97057688948,-20.0
23124.97063938631,-108.0
23124.97070188314,-351.0
23124.970764379974,-351.0
23124.970826876804,-341.0
23124.970889373635,-338.0
23124.970951870466,-281.0
23124.9710143673,-284.0
23124.97107686413,-278.0
23124.97113936096,-247.0
23124.971201857792,-250.0
23124.971264354623,-237.0
23124.971326851457,-223.0
23124.971389348288,-209.0
23124.97145184512,-220.0
23124.97151434195,-223.0
23124.97157683878,-204.0
23124.971639335614,-188.0
23124.971701832445,-172.0
23124.971764329275,-164.0
23124.971826826106,-169.0
23124.971889322936,-163.0
23124.97195181977,-132.0
23124.9720143166,-139.0
23124.972076813432,-130.0
23124.972139310263,-108.0
23124.972201807097,-113.0
23124.972264303928,-128.0
23124.97232680076,-128.0
23124.97238929759,-129.0
23124.97245179442,-147.0
23124.972514291254,-107.0
23124.972576788085,2.0
23124.972639284915,38.0
23124.972701781746,-4.0
23124.972764278577,-32.0
23124.97282677541,-49.0
23124.97288927224,-102.0
23124.972951769072,-146.0
23124.973014265903,-162.0
23124.973076762733,-175.0
23124.973139259568,-200.0
23124.9732017564,-178.0
23124.97326425323,-149.0
23124.97332675006,-184.0
23124.973389246894,-171.0
23124.973451743725,-183.0
23124.973514240555,-208.0
23124.973576737386,-150.0
23124.973639234217,-133.0
23124.97370173105,-127.0
23124.97376422788,-111.0
23124.973826724712,-57.0
23124.973889221543,-36.0
23124.973951718373,-63.0
23124.974014215208,-33.0
23124.97407671204,6.0
23124.97413920887,2.0
23124.9742017057,-4.0
23124.97426420253,18.0
23124.974326699365,2.0
23124.974389196195,-26.0
23124.974451693026,-26.0
23124.974514189857,-26.0
23124.97457668669,5.0
23124.97463918352,20.0
23124.974701680352,29.0
23124.974764177183,12.0
23124.974826674013,27.0
23124.974889170848,59.0
23124.97495166768,30.0
23124.97501416451,34.0
23124.97507666134,49.0
23124.97513915817,36.0
23124.975201655005,69.0
23124.975264151835,101.0
23124.975326648666,82.0
23124.975389145497,111.0
23124.975451642327,128.0
23124.97551413916,124.0
23124.975576635992,160.0
23124.975639132823,122.0
23124.975701629653,100.0
23124.975764126488,95.0
23124.97582662332,90.0
23124.97588912015,130.0
23124.97595161698,149.0
23124.97601411381,143.0
23124.976076610645,129.0
23124.976139107475,92.0
23124.976201604306,61.0
23124.976264101137,66.0
23124.976326597967,82.0
23124.9763890948,102.0
23124.976451591632,104.0
23124.976514088463,87.0
23124.976576585294,94.0
23124.976639082124,45.0
23124.97670157896,52.0
23124.97676407579,98.0
23124.97682657262,123.0
23124.97688906945,122.0
23124.976951566285,78.0
23124.977014063115,71.0
23124.977076559946,54.0
23124.977139056777,43.0
23124.977201553607,61.0
23124.97726405044,78.0
23124.977326547272,56.0
23124.977389044103,64.0
23124.977451540934,24.0
23124.977514037764,21.0
23124.9775765346,83.0
23124.97763903143,40.0
23124.97770152826,61.0
23124.97776402509,75.0
23124.97782652192,42.0
23124.977889018755,49.0
23124.977951515586,33.0
23124.978014012417,26.0
23124.978076509247,53.0
23124.97813900608,60.0
23124.978201502912,25.0
23124.978263999743,38.0
23124.978326496574,34.0
23124.978388993404,46.0
23124.97845149024,26.0
23124.97851398707,-1.0
23124.9785764839,52.0
23124.97863898073,24.0
23124.97870147756,29.0
23124.978763974395,57.0
23124.978826471226,35.0
23124.978888968057,32.0
23124.978951464887,44.0
23124.979013961718,46.0
23124.979076458552,28.0
23124.979138955383,14.0
23124.979201452214,-18.0
23124.979263949044,20.0
23124.97932644588,57.0
23124.97938894271,30.0
23124.97945143954,19.0
23124.97951393637,7.0
23124.9795764332,56.0
23124.979638930035,51.0
23124.979701426866,33.0
23124.979763923697,54.0
23124.979826420527,31.0
23124.979888917358,39.0
23124.979951414192,58.0
23124.980013911023,31.0
23124.980076407854,29.0
23124.980138904684,26.0
23124.980201401515,14.0
23124.98026389835,24.0
23124.98032639518,14.0
23124.98038889201,33.0
23124.98045138884,14.0
23124.980513885675,7.0
23124.980576382506,30.0
23124.980638879337,118.0
23124.980701376167,294.0
23124.980763872998,281.0
23124.980826369832,267.0
23124.980888866663,274.0
23124.980951363494,216.0
23124.981013860324,207.0
23124.981076357155,182.0
23124.98113885399,161.0
23124.98120135082,158.0
23124.98126384765,193.0
23124.98132634448,188.0
23124.981388841312,175.0
23124.981451338146,150.0
23124.981513834977,112.0
23124.981576331807,152.0
23124.981638828638,114.0
23124.981701325472,116.0
23124.981763822303,138.0
23124.981826319134,127.0
23124.981888815964,168.0
23124.981951312795,149.0
23124.98201380963,125.0
23124.98207630646,128.0
23124.98213880329,94.0
23124.98220130012,94.0
23124.982263796952,118.0
23124.982326293786,86.0
23124.982388790617,93.0
23124.982451287447,80.0
23124.982513784278,41.0
23124.98257628111,87.0
23124.982638777943,52.0
23124.982701274774,13.0
23124.982763771604,25.0
23124.982826268435,24.0
23124.98288876527,56.0
23124.9829512621,122.0
23124.98301375893,121.0
23124.98307625576,117.0
23124.983138752592,125.0
23124.983201249426,96.0
23124.983263746257,98.0
23124.983326243088,107.0
23124.983388739918,128.0
23124.98345123675,126.0
23124.983513733583,129.0
23124.983576230414,184.0
23124.983638727244,157.0
23124.983701224075,121.0
23124.983763720906,114.0
23124.98382621774,97.0
23124.98388871457,88.0
23124.9839512114,61.0
23124.984013708232,33.0
23124.984076205066,32.0
23124.984138701897,32.0
23124.984201198728,-5.0
23124.98426369556,-18.0
23124.98432619239,-10.0
23124.984388689223,-21.0
23124.984451186054,-61.0
23124.984513682884,-26.0
23124.984576179715,11.0
23124.984638676546,-13.0
23124.98470117338,-18.0
23124.98476367021,-29.0
23124.98482616704,-38.0
23124.984888663872,-15.0
23124.984951160703,-29.0
23124.985013657537,-37.0
23124.985076154368,-7.0
23124.9851386512,-24.0
23124.98520114803,-67.0
23124.985263644863,-46.0
23124.985326141694,-56.0
23124.985388638524,-65.0
23124.985451135355,-76.0
23124.985513632186,-95.0
23124.98557612902,-31.0
23124.98563862585,-52.0
23124.98570112268,-66.0
23124.985763619512,-50.0
23124.985826116343,-68.0
23124.985888613177,-60.0
23124.985951110008,-69.0
23124.98601360684,-69.0
23124.98607610367,-59.0
23124.9861386005,-63.0
23124.986201097334,-71.0
23124.986263594164,-63.0
23124.986326090995,-68.0
23124.986388587826,-80.0
23124.98645108466,-86.0
23124.98651358149,-87.0
23124.98657607832,-65.0
23124.986638575152,-105.0
23124.986701071983,-96.0
23124.986763568817,-84.0
23124.986826065648,-81.0
23124.98688856248,-64.0
23124.98695105931,-61.0
23124.98701355614,-45.0
23124.987076052974,-68.0
23124.987138549805,-55.0
23124.987201046635,-46.0
23124.987263543466,-42.0
23124.987326040296,-20.0
23124.98738853713,-35.0
23124.98745103396,-55.0
23124.987513530792,-51.0
23124.987576027623,-9.0
23124.987638524457,-15.0
23124.987701021288,-31.0
23124.98776351812,-10.0
23124.98782601495,-17.0
23124.98788851178,-14.0
23124.987951008614,-10.0
23124.988013505445,-30.0
23124.988076002275,-17.0
23124.988138499106,-24.0
23124.988200995936,-9.0
23124.98826349277,11.0
23124.9883259896,7.0
23124.988388486432,17.0
23124.988450983263,-4.0
23124.988513480093,-6.0
23124.988575976928,45.0
23124.98863847376,22.0
23124.98870097059,22.0
23124.98876346742,37.0
23124.988825964254,21.0
23124.988888461085,39.0
23124.988950957915,40.0
23124.989013454746,25.0
23124.989075951577,30.0
23124.98913844841,17.0
23124.98920094524,-1.0
23124.989263442072,11.0
23124.989325938903,22.0
23124.989388435733,34.0
23124.989450932568,35.0
23124.9895134294,20.0
23124.98957592623,48.0
23124.98963842306,51.0
23124.98970091989,51.0
23124.989763416725,61.0
23124.989825913555,46.0
23124.989888410386,40.0
23124.989950907217,61.0
23124.99001340405,59.0
23124.99007590088,44.0
23124.990138397712,59.0
23124.990200894543,52.0
23124.990263391373,56.0
23124.990325888208,48.0
23124.99038838504,43.0
23124.99045088187,43.0
23124.9905133787,16.0
23124.99057587553,107.0
23124.990638372365,-10.0
23124.990700869195,-306.0
23124.990763366026,-267.0
23124.990825862857,-198.0
23124.990888359687,-226.0
23124.99095085652,-181.0
23124.991013353352,-186.0
23124.991075850183,-227.0
23124.991138347013,-219.0
23124.991200843848,-195.0
23124.99126334068,-191.0
23124.99132583751,-217.0
23124.99138833434,-147.0
23124.99145083117,-144.0
23124.991513328005,-187.0
23124.991575824835,-118.0
23124.991638321666,-169.0
23124.991700818497,-190.0
23124.991763315327,-171.0
23124.99182581216,-176.0
23124.991888308992,-165.0
23124.991950805823,-141.0
23124.992013302654,-142.0
23124.992075799484,-136.0
23124.99213829632,-111.0
23124.99220079315,-124.0
23124.99226328998,-88.0
23124.99232578681,-68.0
23124.992388283645,-65.0
23124.992450780475,-49.0
23124.992513277306,-20.0
23124.992575774137,36.0
23124.992638270967,51.0
23124.9927007678,51.0
23124.992763264632,36.0
23124.992825761463,-11.0
23124.992888258294,-52.0
23124.992950755124,-103.0
23124.99301325196,-117.0
23124.99307574879,-89.0
23124.99313824562,-97.0
23124.99320074245,-102.0
23124.99326323928,-105.0
23124.993325736115,-76.0
23124.993388232946,-80.0
23124.993450729777,-145.0
23124.993513226607,-137.0
23124.99357572344,-85.0
23124.993638220272,-76.0
23124.993700717103,-61.0
23124.993763213934,-56.0
23124.993825710764,-53.0
23124.9938882076,-7.0
23124.99395070443,18.0
23124.99401320126,15.0
23124.99407569809,53.0
23124.99413819492,69.0
23124.994200691755,75.0
23124.994263188586,94.0
23124.994325685417,98.0
23124.994388182247,99.0
23124.994450679078,100.0
23124.994513175912,98.0
23124.994575672743,110.0
23124.994638169574,92.0
23124.994700666404,99.0
23124.99476316324,102.0
23124.99482566007,95.0
23124.9948881569,84.0
23124.99495065373,62.0
23124.99501315056,57.0
23124.995075647395,65.0
23124.995138144226,73.0
23124.995200641057,79.0
23124.995263137887,95.0
23124.995325634718,88.0
23124.995388131552,93.0
23124.995450628383,74.0
23124.995513125214,66.0
23124.995575622044,109.0
23124.995638118875,101.0
23124.99570061571,79.0
23124.99576311254,94.0
23124.99582560937,106.0
23124.9958881062,101.0
23124.995950603035,137.0
23124.996013099866,106.0
23124.996075596697,79.0
23124.996138093527,83.0
23124.996200590358,66.0
23124.996263087192,58.0
23124.996325584023,73.0
23124.996388080854,78.0
23124.996450577684,73.0
23124.996513074515,114.0
23124.99657557135,164.0
23124.99663806818,141.0
23124.99670056501,122.0
23124.99676306184,133.0
23124.996825558672,118.0
23124.996888055506,66.0
23124.996950552337,52.0
23124.997013049167,71.0
23124.997075545998,117.0
23124.997138042832,140.0
23124.997200539663,97.0
23124.997263036494,99.0
23124.997325533324,113.0
23124.997388030155,99.0
23124.99745052699,62.0
23124.99751302382,65.0
23124.99757552065,110.0
23124.99763801748,101.0
23124.997700514312,89.0
23124.997763011146,86.0
23124.997825507977,87.0
23124.997888004807,74.0
23124.997950501638,66.0
23124.99801299847,67.0
23124.998075495303,54.0
23124.998137992134,34.0
23124.998200488964,44.0
23124.998262985795,62.0
23124.99832548263,63.0
23124.99838797946,67.0
23124.99845047629,9.0
23124.99851297312,1.0
23124.998575469952,95.0
23124.998637966786,60.0
23124.998700463617,11.0
23124.998762960447,4.0
23124.998825457278,3.0
23124.99888795411,13.0
23124.998950450943,6.0
23124.999012947774,7.0
23124.999075444604,-21.0
23124.999137941435,-22.0
23124.999200438266,4.0
23124.9992629351,-12.0
23124.99932543193,-17.0
23124.99938792876,-10.0
23124.999450425592,-38.0
23124.999512922426,-58.0
23124.999575419257,-17.0
23124.999637916088,0.0
23124.999700412918,0.0
23124.99976290975,-23.0
23124.999825406583,-39.0
23124.999887903414,-27.0
23124.999950400244,-30.0
23125.000012897075,-13.0
23125.000075393906,30.0
23125.00013789074,-6.0
23125.00020038757,-34.0
23125.0002628844,-10.0
23125.000325381232,-23.0
23125.000387878063,-27.0
23125.000450374897,-40.0
23125.000512871728,-41.0
23125.00057536856,-48.0
23125.00063786539,85.0
23125.000700362223,289.0
23125.000762859054,242.0
23125.000825355884,208.0
23125.000887852715,220.0
23125.000950349546,200.0
23125.00101284638,218.0
23125.00107534321,181.0
23125.00113784004,127.0
23125.001200336872,158.0
23125.001262833703,173.0
23125.001325330537,136.0
23125.001387827368,147.0
23125.0014503242,115.0
23125.00151282103,66.0
23125.00157531786,139.0
23125.001637814694,143.0
23125.001700311524,141.0
23125.001762808355,152.0
23125.001825305186,134.0
23125.00188780202,93.0
23125.00195029885,66.0
23125.00201279568,97.0
23125.002075292512,109.0
23125.002137789343,118.0
23125.002200286177,129.0
23125.002262783008,131.0
23125.00232527984,91.0
23125.00238777667,71.0
23125.0024502735,59.0
23125.002512770334,49.0
23125.002575267165,82.0
23125.002637763995,41.0
23125.002700260826,12.0
23125.002762757656,29.0
23125.00282525449,16.0
23125.00288775132,51.0
23125.002950248152,97.0
23125.003012744983,111.0
23125.003075241817,147.0
23125.003137738648,152.0
23125.00320023548,126.0
23125.00326273231,121.0
23125.00332522914,111.0
23125.003387725974,112.0
23125.003450222805,72.0
23125.003512719635,83.0
23125.003575216466,120.0
23125.003637713296,75.0
23125.00370021013,57.0
23125.00376270696,44.0
23125.003825203792,61.0
23125.003887700623,47.0
23125.003950197453,-14.0
23125.004012694288,-43.0
23125.00407519112,-73.0
23125.00413768795,-84.0
23125.00420018478,-123.0
23125.004262681614,-137.0
23125.004325178445,-123.0
23125.004387675275,-115.0
23125.004450172106,-132.0
23125.004512668937,-109.0
23125.00457516577,-43.0
23125.0046376626,-79.0
23125.004700159432,-78.0
23125.004762656263,-55.0
23125.004825153093,-63.0
23125.004887649928,-40.0
23125.00495014676,-79.0
23125.00501264359,-95.0
23125.00507514042,-70.0
23125.00513763725,-100.0
23125.005200134085,-86.0
23125.005262630915,-125.0
23125.005325127746,-161.0
23125.005387624577,-121.0
23125.00545012141,-151.0
23125.00551261824,-155.0
23125.005575115072,-76.0
23125.005637611903,-73.0
23125.005700108733,-81.0
23125.005762605568,-94.0
23125.0058251024,-91.0
23125.00588759923,-80.0
23125.00595009606,-112.0
23125.00601259289,-74.0
23125.006075089725,-56.0
23125.006137586555,-70.0
23125.006200083386,-62.0
23125.006262580217,-54.0
23125.006325077047,-53.0
23125.00638757388,-19.0
23125.006450070712,-18.0
23125.006512567543,-38.0
23125.006575064373,-12.0
23125.006637561208,-27.0
23125.00670005804,-50.0
23125.00676255487,-67.0
23125.0068250517,-79.0
23125.00688754853,-83.0
23125.006950045365,-76.0
23125.007012542195,-68.0
23125.007075039026,-64.0
23125.007137535857,-56.0
23125.007200032687,-30.0
23125.00726252952,-40.0
23125.007325026352,-50.0
23125.007387523183,-22.0
23125.007450020013,-49.0
23125.007512516844,-34.0
23125.00757501368,-2.0
23125.00763751051,-35.0
23125.00770000734,-26.0
23125.00776250417,-30.0
23125.007825001005,-40.0
23125.007887497835,-20.0
23125.007949994666,-3.0
23125.008012491497,-7.0
23125.008074988327,-1.0
23125.00813748516,17.0
23125.008199981992,11.0
23125.008262478823,6.0
23125.008324975654,14.0
23125.008387472484,7.0
23125.00844996932,-9.0
23125.00851246615,9.0
23125.00857496298,34.0
23125.00863745981,16.0
23125.00869995664,17.0
23125.008762453475,4.0
23125.008824950306,-5.0
23125.008887447137,8.0
23125.008949943967,0.0
23125.0090124408,20.0
23125.009074937632,21.0
23125.009137434463,9.0
23125.009199931294,25.0
23125.009262428124,26.0
23125.00932492496,21.0
23125.00938742179,21.0
23125.00944991862,-9.0
23125.00951241545,-18.0
23125.00957491228,49.0
23125.009637409115,36.0
23125.009699905946,28.0
23125.009762402777,52.0
23125.009824899607,50.0
23125.009887396438,39.0
23125.009949893272,14.0
23125.010012390103,16.0
23125.010074886934,30.0
23125.010137383764,4.0
23125.0101998806,-5.0
23125.01026237743,-1.0
23125.01032487426,-6.0
23125.01038737109,8.0
23125.01044986792,-26.0
23125.010512364755,-34.0
23125.010574861586,55.0
23125.010637358417,-111.0
23125.010699855247,-342.0
23125.010762352078,-293.0
23125.010824848912,-240.0
23125.010887345743,-242.0
23125.010949842574,-250.0
23125.011012339404,-261.0
23125.011074836235,-228.0
23125.01113733307,-196.0
23125.0111998299,-183.0
23125.01126232673,-184.0
23125.01132482356,-212.0
23125.011387320395,-195.0
23125.011449817226,-210.0
23125.011512314057,-234.0
23125.011574810887,-177.0
23125.011637307718,-163.0
23125.011699804552,-170.0
23125.011762301383,-182.0
23125.011824798214,-166.0
23125.011887295044,-164.0
23125.011949791875,-164.0
23125.01201228871,-137.0
23125.01207478554,-127.0
23125.01213728237,-133.0
23125.0121997792,-133.0
23125.012262276032,-94.0
23125.012324772866,-99.0
23125.012387269697,-115.0
23125.012449766527,-110.0
23125.012512263358,-72.0
23125.012574760192,-28.0
23125.012637257023,-21.0
23125.012699753854,-9.0
23125.012762250684,-22.0
23125.012824747515,-60.0
23125.01288724435,-117.0
23125.01294974118,-163.0
23125.01301223801,-176.0
23125.01307473484,-155.0
23125.013137231672,-156.0
23125.013199728506,-143.0
23125.013262225337,-120.0
23125.013324722167,-128.0
23125.013387218998,-98.0
23125.01344971583,-95.0
23125.013512212663,-108.0
23125.013574709494,-67.0
23125.013637206324,-81.0
23125.013699703155,-68.0
23125.01376219999,-11.0
23125.01382469682,-6.0
23125.01388719365,-5.0
23125.01394969048,18.0
23125.014012187312,40.0
23125.014074684146,52.0
23125.014137180977,51.0
23125.014199677807,80.0
23125.014262174638,93.0
23125.01432467147,78.0
23125.014387168303,114.0
23125.014449665134,95.0
23125.014512161964,63.0
23125.014574658795,135.0
23125.014637155626,149.0
23125.01469965246,113.0
23125.01476214929,122.0
23125.01482464612,101.0
23125.014887142952,63.0
23125.014949639786,100.0
23125.015012136617,132.0
23125.015074633448,112.0
23125.015137130278,125.0
23125.01519962711,159.0
23125.015262123943,167.0
23125.015324620774,173.0
23125.015387117604,193.0
23125.015449614435,176.0
23125.015512111266,159.0
23125.0155746081,193.0
23125.01563710493,194.0
23125.01569960176,161.0
23125.015762098592,162.0
23125.015824595423,164.0
23125.015887092257,146.0
23125.015949589088,150.0
23125.01601208592,139.0
23125.01607458275,121.0
23125.016137079583,114.0
23125.016199576414,128.0
23125.016262073244,124.0
23125.016324570075,100.0
23125.016387066906,113.0
23125.01644956374,118.0
23125.01651206057,117.0
23125.0165745574,150.0
23125.016637054232,148.0
23125.016699551063,148.0
23125.016762047897,163.0
23125.016824544728,183.0
23125.01688704156,154.0
23125.01694953839,131.0
23125.01701203522,150.0
23125.017074532054,122.0
23125.017137028884,112.0
23125.017199525715,108.0
23125.017262022546,75.0
23125.01732451938,53.0
23125.01738701621,80.0
23125.01744951304,61.0
23125.017512009872,39.0
23125.017574506703,96.0
23125.017637003537,95.0
23125.017699500368,64.0
23125.0177619972,35.0
23125.01782449403,43.0
23125.01788699086,59.0
23125.017949487694,46.0
23125.018011984524,27.0
23125.018074481355,22.0
23125.018136978186,10.0
23125.018199475016,13.0
23125.01826197185,16.0
23125.01832446868,20.0
23125.018386965512,47.0
23125.018449462343,5.0
23125.018511959177,3.0
23125.018574456008,60.0
23125.01863695284,15.0
23125.01869944967,-22.0
23125.0187619465,-7.0
23125.018824443334,2.0
23125.018886940165,-11.0
23125.018949436995,11.0
23125.019011933826,13.0
23125.019074430656,7.0
23125.01913692749,23.0
23125.01919942432,29.0
23125.019261921152,24.0
23125.019324417983,-9.0
23125.019386914813,-4.0
23125.019449411648,7.0
23125.01951190848,-14.0
23125.01957440531,29.0
23125.01963690214,11.0
23125.019699398974,-26.0
23125.019761895805,-15.0
23125.019824392635,-41.0
23125.019886889466,-34.0
23125.019949386297,-24.0
23125.02001188313,-24.0
23125.02007437996,-19.0
23125.020136876792,-42.0
23125.020199373623,-20.0
23125.020261870453,-22.0
23125.020324367288,-40.0
23125.02038686412,-37.0
23125.02044936095,-30.0
23125.02051185778,10.0
23125.02057435461,-22.0
23125.020636851445,119.0
23125.020699348275,330.0
23125.020761845106,252.0
23125.020824341937,190.0
23125.02088683877,243.0
23125.0209493356,242.0
23125.021011832432,235.0
23125.021074329263,235.0
23125.021136826093,170.0
23125.021199322928,175.0
23125.02126181976,227.0
23125.02132431659,217.0
23125.02138681342,179.0
23125.02144931025,149.0
23125.021511807085,162.0
23125.021574303915,221.0
23125.021636800746,196.0
23125.021699297577,168.0
23125.021761794407,126.0
23125.02182429124,120.0
23125.021886788072,171.0
23125.021949284903,137.0
23125.022011781733,120.0
23125.022074278568,88.0
23125.0221367754,62.0
23125.02219927223,93.0
23125.02226176906,117.0
23125.02232426589,120.0
23125.022386762725,96.0
23125.022449259555,15.0
23125.022511756386,-8.0
23125.022574253217,67.0
23125.022636750047,39.0
23125.02269924688,-8.0
23125.022761743712,-16.0
23125.022824240543,-16.0
23125.022886737373,23.0
23125.022949234204,91.0
23125.02301173104,158.0
23125.02307422787,150.0
23125.0231367247,99.0
23125.02319922153,85.0
23125.023261718365,104.0
23125.023324215195,96.0
23125.023386712026,141.0
23125.023449208857,143.0
23125.023511705687,71.0
23125.02357420252,94.0
23125.023636699352,63.0
23125.023699196183,5.0
23125.023761693014,27.0
23125.023824189844,22.0
23125.02388668668,0.0
23125.02394918351,-20.0
23125.02401168034,-59.0
23125.02407417717,-86.0
23125.024136674,-115.0
23125.024199170835,-82.0
23125.024261667666,-70.0
23125.024324164497,-95.0
23125.024386661327,-65.0
23125.02444915816,-92.0
23125.024511654992,-116.0
23125.024574151823,-90.0
23125.024636648654,-116.0
23125.024699145484,-117.0
23125.02476164232,-106.0
23125.02482413915,-95.0
23125.02488663598,-63.0
23125.02494913281,-76.0
23125.02501162964,-53.0
23125.025074126475,-32.0
23125.025136623306,-98.0
23125.025199120137,-132.0
23125.025261616967,-122.0
23125.025324113798,-139.0
23125.025386610632,-138.0
23125.025449107463,-126.0
23125.025511604294,-125.0
23125.025574101124,-91.0
23125.02563659796,-106.0
23125.02569909479,-145.0
23125.02576159162,-142.0
23125.02582408845,-130.0
23125.02588658528,-169.0
23125.025949082115,-187.0
23125.026011578946,-162.0
23125.026074075777,-156.0
23125.026136572607,-192.0
23125.026199069438,-204.0
23125.026261566272,-173.0
23125.026324063103,-168.0
23125.026386559934,-149.0
23125.026449056764,-161.0
23125.026511553595,-156.0
23125.02657405043,-113.0
23125.02663654726,-126.0
23125.02669904409,-134.0
23125.02676154092,-142.0
23125.026824037755,-169.0
23125.026886534586,-137.0
23125.026949031417,-101.0
23125.027011528247,-111.0
23125.027074025078,-94.0
23125.027136521912,-120.0
23125.027199018743,-120.0
23125.027261515574,-129.0
23125.027324012404,-158.0
23125.027386509235,-118.0
23125.02744900607,-114.0
23125.0275115029,-130.0
23125.02757399973,-66.0
23125.02763649656,-87.0
23125.027698993392,-123.0
23125.027761490226,-82.0
23125.027823987057,-74.0
23125.027886483887,-94.0
23125.027948980718,-64.0
23125.028011477552,-64.0
23125.028073974383,-70.0
23125.028136471214,-54.0
23125.028198968044,-72.0
23125.028261464875,-72.0
23125.02832396171,-68.0
23125.02838645854,-67.0
23125.02844895537,-74.0
23125.0285114522,-83.0
23125.028573949032,-48.0
23125.028636445866,-61.0
23125.028698942697,-87.0
23125.028761439527,-61.0
23125.028823936358,-63.0
23125.02888643319,-69.0
23125.028948930023,-38.0
23125.029011426854,-51.0
23125.029073923684,-47.0
23125.029136420515,-20.0
23125.02919891735,-38.0
23125.02926141418,-59.0
23125.02932391101,-64.0
23125.02938640784,-49.0
23125.029448904672,-42.0
23125.029511401506,-56.0
23125.029573898337,-16.0
23125.029636395167,-38.0
23125.029698891998,-51.0
23125.02976138883,-23.0
23125.029823885663,-53.0
23125.029886382494,-61.0
23125.029948879324,-55.0
23125.030011376155,-70.0
23125.030073872986,-68.0
23125.03013636982,-71.0
23125.03019886665,-77.0
23125.03026136348,-68.0
23125.030323860312,-66.0
23125.030386357146,-62.0
23125.030448853977,-78.0
23125.030511350808,-115.0
23125.030573847638,-47.0
23125.03063634447,-183.0
23125.030698841303,-410.0
23125.030761338134,-365.0
23125.030823834964,-327.0
23125.030886331795,-319.0
23125.030948828626,-290.0
23125.03101132546,-307.0
23125.03107382229,-316.0
23125.03113631912,-281.0
23125.031198815952,-258.0
23125.031261312783,-254.0
23125.031323809617,-248.0
23125.031386306448,-236.0
23125.031448803278,-265.0
23125.03151130011,-279.0
23125.031573796943,-217.0
23125.031636293774,-202.0
23125.031698790604,-213.0
23125.031761287435,-191.0
23125.031823784266,-223.0
23125.0318862811,-221.0
23125.03194877793,-198.0
23125.03201127476,-226.0
23125.032073771592,-155.0
23125.032136268423,-127.0
23125.032198765257,-158.0
23125.032261262088,-158.0
23125.03232375892,-148.0
23125.03238625575,-140.0
23125.03244875258,-136.0
23125.032511249414,-93.0
23125.032573746244,-33.0
23125.032636243075,-32.0
23125.032698739906,-32.0
23125.03276123674,-46.0
23125.03282373357,-78.0
23125.0328862304,-115.0
23125.032948727232,-148.0
23125.033011224063,-162.0
23125.033073720897,-167.0
23125.033136217728,-186.0
23125.03319871456,-179.0
23125.03326121139,-135.0
23125.03332370822,-129.0
23125.033386205054,-135.0
23125.033448701884,-157.0
23125.033511198715,-160.0
23125.033573695546,-127.0
23125.033636192376,-129.0
23125.03369868921,-112.0
23125.03376118604,-96.0
23125.033823682872,-50.0
23125.033886179703,-14.0
23125.033948676537,-39.0
23125.034011173368,-13.0
23125.0340736702,11.0
23125.03413616703,-17.0
23125.03419866386,-9.0
23125.034261160694,9.0
23125.034323657525,17.0
23125.034386154355,42.0
23125.034448651186,40.0
23125.034511148016,35.0
23125.03457364485,67.0
23125.03463614168,75.0
23125.034698638512,77.0
23125.034761135343,39.0
23125.034823632173,18.0
23125.034886129008,21.0
23125.03494862584,7.0
23125.03501112267,5.0
23125.0350736195,24.0
23125.035136116334,48.0
23125.035198613165,53.0
23125.035261109995,81.0
23125.035323606826,100.0
23125.035386103656,74.0
23125.03544860049,81.0
23125.03551109732,88.0
23125.035573594152,124.0
23125.035636090983,134.0
23125.035698587813,112.0
23125.035761084648,107.0
23125.03582358148,93.0
23125.03588607831,102.0
23125.03594857514,121.0
23125.03601107197,122.0
23125.036073568805,130.0
23125.036136065635,110.0
23125.036198562466,92.0
23125.036261059297,87.0
23125.03632355613,67.0
23125.03638605296,84.0
23125.036448549792,83.0
23125.036511046623,71.0
23125.036573543453,118.0
23125.036636040288,94.0
23125.03669853712,73.0
23125.03676103395,85.0
23125.03682353078,101.0
23125.03688602761,99.0
23125.036948524445,64.0
23125.037011021275,69.0
23125.037073518106,59.0
23125.037136014937,56.0
23125.037198511767,62.0
23125.0372610086,49.0
23125.037323505432,44.0
23125.037386002263,75.0
23125.037448499093,59.0
23125.037510995928,36.0
23125.03757349276,65.0
23125.03763598959,52.0
23125.03769848642,57.0
23125.03776098325,54.0
23125.037823480085,55.0
23125.037885976915,64.0
23125.037948473746,30.0
23125.038010970577,31.0
23125.038073467407,41.0
23125.03813596424,48.0
23125.038198461072,53.0
23125.038260957903,54.0
23125.038323454733,54.0
23125.038385951564,72.0
23125.0384484484,62.0
23125.03851094523,41.0
23125.03857344206,96.0
23125.03863593889,66.0
23125.038698435725,21.0
23125.038760932555,29.0
23125.038823429386,35.0
23125.038885926217,46.0
23125.038948423047,47.0
23125.03901091988,65.0
23125.039073416712,79.0
23125.039135913543,73.0
23125.039198410374,59.0
23125.039260907204,50.0
23125.03932340404,48.0
23125.03938590087,24.0
23125.0394483977,12.0
23125.03951089453,14.0
23125.03957339136,79.0
23125.039635888195,64.0
23125.039698385026,26.0
23125.039760881857,43.0
23125.039823378687,39.0
23125.03988587552,60.0
23125.039948372352,57.0
23125.040010869183,55.0
23125.040073366014,45.0
23125.040135862844,43.0
23125.04019835968,52.0
23125.04026085651,57.0
23125.04032335334,70.0
23125.04038585017,69.0
23125.040448347,17.0
23125.040510843835,0.0
23125.040573340666,43.0
23125.040635837497,187.0
23125.040698334327,347.0
23125.040760831158,330.0
23125.040823327992,337.0
23125.040885824823,304.0
23125.040948321654,239.0
23125.041010818484,227.0
23125.04107331532,203.0
23125.04113581215,214.0
23125.04119830898,241.0
23125.04126080581,249.0
23125.04132330264,226.0
23125.041385799475,187.0
23125.041448296306,174.0
23125.041510793137,189.0
23125.041573289967,259.0
23125.041635786798,252.0
23125.041698283632,239.0
23125.041760780463,214.0
23125.041823277294,170.0
23125.041885774124,170.0
23125.041948270955,145.0
23125.04201076779,173.0
23125.04207326462,193.0
23125.04213576145,131.0
23125.04219825828,116.0
23125.042260755115,126.0
23125.042323251946,132.0
23125.042385748777,150.0
23125.042448245607,132.0
23125.042510742438,70.0
23125.042573239272,58.0
23125.042635736103,34.0
23125.042698232934,38.0
23125.042760729764,62.0
23125.042823226595,70.0
23125.04288572343,72.0
23125.04294822026,118.0
23125.04301071709,179.0
23125.04307321392,199.0
23125.04313571075,157.0
23125.043198207586,107.0
23125.043260704417,141.0
23125.043323201247,163.0
23125.043385698078,177.0
23125.043448194912,141.0
23125.043510691743,94.0
23125.043573188574,125.0
23125.043635685404,127.0
23125.043698182235,107.0
23125.04376067907,87.0
23125.0438231759,66.0
23125.04388567273,51.0
23125.04394816956,25.0
23125.044010666392,43.0
23125.044073163226,55.0
23125.044135660057,-5.0
23125.044198156887,-51.0
23125.044260653718,-77.0
23125.04432315055,-84.0
23125.044385647383,-63.0
23125.044448144214,-58.0
23125.044510641044,-54.0
23125.044573137875,-72.0
23125.04463563471,-108.0
23125.04469813154,-104.0
23125.04476062837,-82.0
23125.0448231252,-57.0
23125.044885622032,-34.0
23125.044948118866,-38.0
23125.045010615697,-77.0
23125.045073112527,-81.0
23125.045135609358,-70.0
23125.04519810619,-79.0
23125.045260603023,-58.0
23125.045323099854,-37.0
23125.045385596684,-70.0
23125.045448093515,-106.0
23125.045510590346,-106.0
23125.04557308718,-47.0
23125.04563558401,-54.0
23125.04569808084,-57.0
23125.045760577672,-30.0
23125.045823074506,-49.0
23125.045885571337,-47.0
23125.045948068167,-81.0
23125.046010564998,-105.0
23125.04607306183,-89.0
23125.046135558663,-53.0
23125.046198055494,-47.0
23125.046260552324,-66.0
23125.046323049155,-50.0
23125.046385545986,-48.0
23125.04644804282,-82.0
23125.04651053965,-96.0
23125.04657303648,-54.0
23125.046635533312,-55.0
23125.046698030143,-82.0
23125.046760526977,-70.0
23125.046823023808,-77.0
23125.046885520638,-73.0
23125.04694801747,-33.0
23125.047010514303,-26.0
23125.047073011134,-7.0
23125.047135507964,14.0
23125.047198004795,8.0
23125.047260501626,8.0
23125.04732299846,-14.0
23125.04738549529,-7.0
23125.04744799212,-17.0
23125.047510488952,-45.0
23125.047572985783,-3.0
23125.047635482617,-15.0
23125.047697979448,-31.0
23125.04776047628,-26.0
23125.04782297311,-26.0
23125.04788546994,-19.0
23125.047947966774,-8.0
23125.048010463604,-27.0
23125.048072960435,-23.0
23125.048135457266,9.0
23125.0481979541,-20.0
23125.04826045093,-7.0
23125.04832294776,13.0
23125.048385444592,14.0
23125.048447941423,15.0
23125.048510438257,12.0
23125.048572935088,35.0
23125.04863543192,16.0
23125.04869792875,19.0
23125.04876042558,32.0
23125.048822922414,37.0
23125.048885419244,11.0
23125.048947916075,-11.0
23125.049010412906,6.0
23125.049072909736,8.0
23125.04913540657,7.0
23125.0491979034,9.0
23125.049260400232,20.0
23125.049322897063,6.0
23125.049385393897,37.0
23125.049447890728,20.0
23125.04951038756,-26.0
23125.04957288439,48.0
23125.04963538122,26.0
23125.049697878054,-9.0
23125.049760374884,17.0
23125.049822871715,24.0
23125.049885368546,29.0
23125.049947865376,0.0
23125.05001036221,-17.0
23125.05007285904,-13.0
23125.050135355872,-29.0
23125.050197852703,-16.0
23125.050260349533,-6.0
23125.050322846368,-25.0
23125.0503853432,-9.0
23125.05044784003,-11.0
23125.05051033686,-50.0
23125.050572833694,13.0
23125.050635330525,-161.0
23125.050697827355,-374.0
23125.050760324186,-291.0
23125.050822821016,-265.0
23125.05088531785,-267.0
23125.05094781468,-243.0
23125.051010311512,-231.0
23125.051072808343,-221.0
23125.051135305173,-222.0
23125.051197802008,-217.0
23125.05126029884,-222.0
23125.05132279567,-215.0
23125.0513852925,-189.0
23125.05144778933,-200.0
23125.051510286165,-210.0
23125.051572782995,-167.0
23125.051635279826,-138.0
23125.051697776657,-150.0
23125.05176027349,-141.0
23125.05182277032,-160.0
23125.051885267152,-152.0
23125.051947763983,-113.0
23125.052010260813,-104.0
23125.052072757648,-136.0
23125.05213525448,-146.0
23125.05219775131,-99.0
23125.05226024814,-81.0
23125.05232274497,-77.0
23125.052385241805,-64.0
23125.052447738635,-53.0
23125.052510235466,-21.0
23125.052572732297,32.0
23125.052635229127,30.0
23125.05269772596,15.0
23125.052760222792,32.0
23125.052822719623,18.0
23125.052885216453,-20.0
23125.052947713288,-54.0
23125.05301021012,-101.0
23125.05307270695,-108.0
23125.05313520378,-82.0
23125.05319770061,-101.0
23125.053260197445,-95.0
23125.053322694275,-39.0
23125.053385191106,-52.0
23125.053447687937,-106.0
23125.053510184767,-115.0
23125.0535726816,-62.0
23125.053635178432,-53.0
23125.053697675263,-21.0
23125.053760172093,1.0
23125.053822668924,-30.0
23125.05388516576,-21.0
23125.05394766259,10.0
23125.05401015942,48.0
23125.05407265625,91.0
23125.054135153085,112.0
23125.054197649915,96.0
23125.054260146746,89.0
23125.054322643577,88.0
23125.054385140407,115.0
23125.05444763724,115.0
23125.054510134072,101.0
23125.054572630903,141.0
23125.054635127733,98.0
23125.054697624564,84.0
23125.0547601214,124.0
23125.05482261823,101.0
23125.05488511506,86.0
23125.05494761189,82.0
23125.05501010872,80.0
23125.055072605555,114.0
23125.055135102386,78.0
23125.055197599217,48.0
23125.055260096047,73.0
23125.05532259288,85.0
23125.055385089712,135.0
23125.055447586543,134.0
23125.055510083374,106.0
23125.055572580204,133.0
23125.05563507704,111.0
23125.05569757387,110.0
23125.0557600707,95.0
23125.05582256753,49.0
23125.05588506436,79.0
23125.055947561195,104.0
23125.056010058026,86.0
23125.056072554857,111.0
23125.056135051687,122.0
23125.056197548518,119.0
23125.056260045352,123.0
23125.056322542183,105.0
23125.056385039014,120.0
23125.056447535844,77.0
23125.05651003268,36.0
23125.05657252951,106.0
23125.05663502634,78.0
23125.05669752317,59.0
23125.05676002,92.0
23125.056822516835,53.0
23125.056885013666,29.0
23125.056947510497,59.0
23125.057010007327,87.0
23125.057072504158,87.0
23125.057135000992,98.0
23125.057197497823,68.0
23125.057259994654,35.0
23125.057322491484,61.0
23125.057384988315,63.0
23125.05744748515,19.0
23125.05750998198,2.0
23125.05757247881,71.0
23125.05763497564,56.0
23125.057697472475,13.0
23125.057759969306,35.0
23125.057822466137,37.0
23125.057884962967,22.0
23125.057947459798,36.0
23125.058009956632,30.0
23125.058072453463,25.0
23125.058134950294,54.0
23125.058197447124,39.0
23125.058259943955,24.0
23125.05832244079,39.0
23125.05838493762,56.0
23125.05844743445,25.0
23125.05850993128,12.0
23125.05857242811,78.0
23125.058634924946,45.0
23125.058697421777,2.0
23125.058759918607,11.0
23125.058822415438,-1.0
23125.058884912272,-13.0
23125.058947409103,8.0
23125.059009905934,24.0
23125.059072402764,24.0
23125.059134899595,37.0
23125.05919739643,18.0
23125.05925989326,33.0
23125.05932239009,30.0
23125.05938488692,15.0
23125.059447383752,15.0
23125.059509880586,1.0
23125.059572377417,48.0
23125.059634874247,39.0
23125.059697371078,28.0
23125.05975986791,36.0
23125.059822364743,18.0
23125.059884861574,0.0
23125.059947358404,15.0
23125.060009855235,28.0
23125.06007235207,4.0
23125.0601348489,10.0
23125.06019734573,14.0
23125.06025984256,-10.0
23125.060322339392,-6.0
23125.060384836226,-6.0
23125.060447333057,-11.0
23125.060509829887,-2.0
23125.060572326718,-1.0
23125.06063482355,173.0
23125.060697320383,319.0
23125.060759817214,253.0
23125.060822314044,223.0
23125.060884810875,193.0
23125.060947307706,191.0
23125.06100980454,233.0
23125.06107230137,237.0
23125.0611347982,205.0
23125.061197295032,204.0
23125.061259791866,232.0
23125.061322288697,186.0
23125.061384785527,130.0
23125.061447282358,146.0
23125.06150977919,116.0
23125.061572276023,171.0
23125.061634772854,199.0
23125.061697269684,164.0
23125.061759766515,160.0
23125.061822263346,131.0
23125.06188476018,146.0
23125.06194725701,74.0
23125.06200975384,29.0
23125.062072250672,86.0
23125.062134747503,82.0
23125.062197244337,115.0
23125.062259741168,144.0
23125.062322237998,112.0
23125.06238473483,82.0
23125.062447231663,35.0
23125.062509728494,-5.0
23125.062572225324,17.0
23125.062634722155,-50.0
23125.062697218986,-26.0
23125.06275971582,31.0
23125.06282221265,14.0
23125.06288470948,47.0
23125.062947206312,71.0
23125.063009703143,102.0
23125.063072199977,132.0
23125.063134696808,139.0
23125.06319719364,129.0
23125.06325969047,108.0
23125.0633221873,73.0
23125.063384684134,81.0
23125.063447180964,74.0
23125.063509677795,70.0
23125.063572174626,128.0
23125.06363467146,73.0
23125.06369716829,27.0
23125.06375966512,23.0
23125.063822161952,10.0
23125.063884658783,10.0
23125.063947155617,-32.0
23125.064009652448,-103.0
23125.06407214928,-104.0
23125.06413464611,-104.0
23125.06419714294,-73.0
23125.064259639774,-68.0
23125.064322136604,-140.0
23125.064384633435,-160.0
23125.064447130266,-168.0
23125.064509627096,-108.0
23125.06457212393,-31.0
23125.06463462076,-94.0
23125.064697117592,-142.0
23125.064759614423,-110.0
23125.064822111257,-79.0
23125.064884608088,-96.0
23125.06494710492,-106.0
23125.06500960175,-102.0
23125.06507209858,-135.0
23125.065134595414,-134.0
23125.065197092244,-83.0
23125.065259589075,-102.0
23125.065322085906,-173.0
23125.065384582736,-178.0
23125.06544707957,-160.0
23125.0655095764,-144.0
23125.065572073232,-89.0
23125.065634570063,-108.0
23125.065697066893,-158.0
23125.065759563728,-181.0
23125.06582206056,-165.0
23125.06588455739,-153.0
23125.06594705422,-130.0
23125.066009551054,-113.0
23125.066072047885,-158.0
23125.066134544715,-169.0
23125.066197041546,-133.0
23125.066259538376,-120.0
23125.06632203521,-123.0
23125.06638453204,-111.0
23125.066447028872,-150.0
23125.066509525703,-183.0
23125.066572022533,-134.0
23125.066634519368,-128.0
23125.0666970162,-138.0
23125.06675951303,-127.0
23125.06682200986,-131.0
23125.06688450669,-117.0
23125.066947003525,-133.0
23125.067009500355,-150.0
23125.067071997186,-133.0
23125.067134494016,-127.0
23125.06719699085,-122.0
23125.06725948768,-115.0
23125.067321984512,-110.0
23125.067384481343,-101.0
23125.067446978173,-109.0
23125.067509475008,-123.0
23125.06757197184,-93.0
23125.06763446867,-103.0
23125.0676969655,-121.0
23125.06775946233,-109.0
23125.067821959165,-104.0
23125.067884455995,-107.0
23125.067946952826,-99.0
23125.068009449657,-112.0
23125.068071946487,-123.0
23125.06813444332,-111.0
23125.068196940152,-114.0
23125.068259436983,-101.0
23125.068321933813,-83.0
23125.068384430648,-85.0
23125.06844692748,-119.0
23125.06850942431,-122.0
23125.06857192114,-57.0
23125.06863441797,-84.0
23125.068696914805,-125.0
23125.068759411635,-92.0
23125.068821908466,-85.0
23125.068884405297,-112.0
23125.068946902127,-94.0
23125.06900939896,-96.0
23125.069071895792,-104.0
23125.069134392623,-78.0
23125.069196889453,-87.0
23125.069259386284,-81.0
23125.06932188312,-92.0
23125.06938437995,-88.0
23125.06944687678,-97.0
23125.06950937361,-116.0
23125.069571870445,-72.0
23125.069634367275,-66.0
23125.069696864106,-63.0
23125.069759360937,-56.0
23125.069821857767,-57.0
23125.0698843546,-42.0
23125.069946851432,-55.0
23125.070009348263,-63.0
23125.070071845093,-50.0
23125.070134341924,-46.0
23125.07019683876,-45.0
23125.07025933559,-43.0
23125.07032183242,-41.0
23125.07038432925,-31.0
23125.07044682608,-48.0
23125.070509322915,-93.0
23125.070571819746,-21.0
23125.070634316577,-198.0
23125.070696813407,-401.0
23125.07075931024,-344.0
23125.070821807072,-342.0
23125.070884303903,-309.0
23125.070946800734,-281.0
23125.071009297564,-295.0
23125.0710717944,-277.0
23125.07113429123,-247.0
23125.07119678806,-235.0
23125.07125928489,-236.0
23125.07132178172,-233.0
23125.071384278555,-229.0
23125.071446775386,-249.0
23125.071509272217,-261.0
23125.071571769047,-228.0
23125.071634265878,-224.0
23125.071696762712,-232.0
23125.071759259543,-239.0
23125.071821756374,-238.0
23125.071884253204,-216.0
23125.07194675004,-187.0
23125.07200924687,-183.0
23125.0720717437,-168.0
23125.07213424053,-133.0
23125.07219673736,-125.0
23125.072259234195,-117.0
23125.072321731026,-108.0
23125.072384227857,-77.0
23125.072446724687,-78.0
23125.072509221518,-106.0
23125.072571718352,4.0
23125.072634215183,47.0
23125.072696712014,-2.0
23125.072759208844,-38.0
23125.072821705675,-99.0
23125.07288420251,-116.0
23125.07294669934,-134.0
23125.07300919617,-171.0
23125.073071693,-151.0
23125.073134189835,-111.0
23125.073196686666,-87.0
23125.073259183497,-67.0
23125.073321680327,-67.0
23125.073384177158,-81.0
23125.073446673992,-109.0
23125.073509170823,-120.0
23125.073571667654,-67.0
23125.073634164484,-78.0
23125.073696661315,-92.0
23125.07375915815,-49.0
23125.07382165498,-26.0
23125.07388415181,-14.0
23125.07394664864,8.0
23125.07400914547,31.0
23125.074071642306,24.0
23125.074134139137,30.0
23125.074196635967,69.0
23125.074259132798,78.0
23125.074321629632,79.0
23125.074384126463,105.0
23125.074446623294,120.0
23125.074509120124,78.0
23125.074571616955,90.0
23125.07463411379,97.0
23125.07469661062,58.0
23125.07475910745,76.0
23125.07482160428,82.0
23125.074884101112,81.0
23125.074946597946,102.0
23125.075009094777,107.0
23125.075071591607,68.0
23125.075134088438,47.0
23125.07519658527,90.0
23125.075259082103,119.0
23125.075321578934,101.0
23125.075384075764,124.0
23125.075446572595,88.0
23125.07550906943,66.0
23125.07557156626,154.0
23125.07563406309,148.0
23125.07569655992,123.0
23125.075759056752,113.0
23125.075821553586,94.0
23125.075884050417,107.0
23125.075946547247,109.0
23125.076009044078,137.0
23125.07607154091,125.0
23125.076134037743,111.0
23125.076196534574,128.0
23125.076259031404,120.0
23125.076321528235,88.0
23125.076384025066,82.0
23125.0764465219,106.0
23125.07650901873,109.0
23125.07657151556,133.0
23125.076634012392,125.0
23125.076696509226,82.0
23125.076759006057,83.0
23125.076821502887,111.0
23125.076883999718,88.0
23125.07694649655,79.0
23125.077008993383,100.0
23125.077071490214,106.0
23125.077133987044,73.0
23125.077196483875,56.0
23125.077258980706,54.0
23125.07732147754,27.0
23125.07738397437,53.0
23125.0774464712,58.0
23125.077508968032,51.0
23125.077571464863,122.0
23125.077633961697,116.0
23125.077696458527,81.0
23125.077758955358,86.0
23125.07782145219,81.0
23125.077883949023,77.0
23125.077946445854,76.0
23125.078008942684,74.0
23125.078071439515,73.0
23125.078133936346,74.0
23125.07819643318,68.0
23125.07825893001,54.0
23125.07832142684,61.0
23125.078383923672,103.0
23125.078446420503,82.0
23125.078508917337,47.0
23125.078571414168,95.0
23125.078633910998,76.0
23125.07869640783,32.0
23125.07875890466,34.0
23125.078821401494,28.0
23125.078883898324,13.0
23125.078946395155,24.0
23125.079008891986,55.0
23125.07907138882,64.0
23125.07913388565,60.0
23125.07919638248,58.0
23125.079258879312,49.0
23125.079321376143,47.0
23125.079383872977,67.0
23125.079446369808,42.0
23125.07950886664,14.0
23125.07957136347,77.0
23125.0796338603,68.0
23125.079696357134,37.0
23125.079758853964,52.0
23125.079821350795,52.0
23125.079883847626,35.0
23125.079946344456,29.0
23125.08000884129,53.0
23125.08007133812,62.0
23125.080133834952,55.0
23125.080196331783,57.0
23125.080258828617,31.0
23125.080321325448,30.0
23125.08038382228,56.0
23125.08044631911,31.0
23125.08050881594,9.0
23125.080571312774,20.0
23125.080633809604,232.0
23125.080696306435,408.0
23125.080758803266,322.0
23125.080821300096,310.0
23125.08088379693,311.0
23125.08094629376,267.0
23125.081008790592,242.0
23125.081071287423,243.0
23125.081133784253,224.0
23125.081196281088,188.0
23125.08125877792,223.0
23125.08132127475,181.0
23125.08138377158,138.0
23125.081446268414,152.0
23125.081508765245,164.0
23125.081571262075,222.0
23125.081633758906,180.0
23125.081696255736,180.0
23125.08175875257,202.0
23125.0818212494,200.0
23125.081883746232,188.0
23125.081946243063,161.0
23125.082008739893,172.0
23125.082071236728,162.0
23125.08213373356,135.0
23125.08219623039,117.0
23125.08225872722,135.0
23125.08232122405,139.0
23125.082383720885,126.0
23125.082446217715,95.0
23125.082508714546,61.0
23125.082571211376,89.0
23125.08263370821,60.0
23125.08269620504,55.0
23125.082758701872,114.0
23125.082821198703,108.0
23125.082883695533,115.0
23125.082946192368,162.0
23125.0830086892,172.0
23125.08307118603,179.0
23125.08313368286,171.0
23125.08319617969,202.0
23125.083258676525,230.0
23125.083321173355,169.0
23125.083383670186,174.0
23125.083446167017,171.0
23125.083508663847,146.0
23125.08357116068,192.0
23125.083633657512,174.0
23125.083696154343,149.0
23125.083758651173,141.0
23125.083821148008,162.0
23125.08388364484,153.0
23125.08394614167,63.0
23125.0840086385,55.0
23125.08407113533,50.0
23125.084133632165,2.0
23125.084196128995,37.0
23125.084258625826,67.0
23125.084321122657,23.0
23125.084383619487,-5.0
23125.08444611632,-42.0
23125.084508613152,-64.0
23125.084571109983,-7.0
23125.084633606813,4.0
23125.084696103644,28.0
23125.08475860048,30.0
23125.08482109731,-26.0
23125.08488359414,-33.0
23125.08494609097,-15.0
23125.085008587805,18.0
23125.085071084635,45.0
23125.085133581466,8.0
23125.085196078297,-66.0
23125.085258575127,-72.0
23125.08532107196,-53.0
23125.085383568792,-34.0
23125.085446065623,-73.0
23125.085508562453,-142.0
23125.085571059284,-102.0
23125.08563355612,-98.0
23125.08569605295,-95.0
23125.08575854978,-64.0
23125.08582104661,-86.0
23125.08588354344,-125.0
23125.085946040275,-124.0
23125.086008537106,-59.0
23125.086071033937,-43.0
23125.086133530767,-60.0
23125.0861960276,-96.0
23125.086258524432,-87.0
23125.086321021263,-71.0
23125.086383518093,-55.0
23125.086446014924,-47.0
23125.08650851176,-101.0
23125.08657100859,-65.0
23125.08663350542,-51.0
23125.08669600225,-55.0
23125.08675849908,-53.0
23125.086820995915,-99.0
23125.086883492746,-95.0
23125.086945989577,-73.0
23125.087008486407,-72.0
23125.087070983238,-41.0
23125.087133480072,-15.0
23125.087195976903,-19.0
23125.087258473734,-36.0
23125.087320970564,-34.0
23125.0873834674,-3.0
23125.08744596423,-14.0
23125.08750846106,-30.0
23125.08757095789,9.0
23125.08763345472,10.0
23125.087695951555,-22.0
23125.087758448386,-22.0
23125.087820945217,-20.0
23125.087883442047,-18.0
23125.087945938878,6.0
23125.088008435712,9.0
23125.088070932543,-1.0
23125.088133429374,1.0
23125.088195926204,1.0
23125.088258423035,-15.0
23125.08832091987,9.0
23125.0883834167,41.0
23125.08844591353,9.0
23125.08850841036,5.0
23125.088570907195,43.0
23125.088633404026,42.0
23125.088695900857,38.0
23125.088758397687,52.0
23125.088820894518,44.0
23125.088883391352,32.0
23125.088945888183,34.0
23125.089008385014,42.0
23125.089070881844,46.0
23125.089133378675,43.0
23125.08919587551,31.0
23125.08925837234,24.0
23125.08932086917,-1.0
23125.089383366,-6.0
23125.08944586283,-28.0
23125.089508359666,-54.0
23125.089570856497,-3.0
23125.089633353327,-16.0
23125.089695850158,1.0
23125.089758346992,9.0
23125.089820843823,-5.0
23125.089883340654,2.0
23125.089945837484,3.0
23125.090008334315,14.0
23125.09007083115,-8.0
23125.09013332798,-10.0
23125.09019582481,-2.0
23125.09025832164,6.0
23125.09032081847,0.0
23125.090383315306,-17.0
23125.090445812137,-33.0
23125.090508308967,-44.0
23125.090570805798,39.0
23125.09063330263,-146.0
23125.090695799463,-358.0
23125.090758296294,-281.0
23125.090820793124,-278.0
23125.090883289955,-252.0
23125.09094578679,-240.0
23125.09100828362,-265.0
23125.09107078045,-219.0
23125.09113327728,-208.0
23125.091195774112,-235.0
23125.091258270946,-229.0
23125.091320767777,-224.0
23125.091383264607,-201.0
23125.091445761438,-216.0
23125.09150825827,-256.0
23125.091570755103,-217.0
23125.091633251934,-223.0
23125.091695748764,-219.0
23125.091758245595,-171.0
23125.091820742426,-171.0
23125.09188323926,-207.0
23125.09194573609,-187.0
23125.09200823292,-160.0
23125.092070729752,-146.0
23125.092133226586,-145.0
23125.092195723417,-156.0
23125.092258220247,-142.0
23125.092320717078,-128.0
23125.09238321391,-135.0
23125.092445710743,-120.0
23125.092508207574,-64.0
23125.092570704404,-19.0
23125.092633201235,-39.0
23125.092695698066,-62.0
23125.0927581949,-56.0
23125.09282069173,-75.0
23125.09288318856,-147.0
23125.092945685392,-182.0
23125.093008182223,-177.0
23125.093070679057,-160.0
23125.093133175887,-150.0
23125.093195672718,-143.0
23125.09325816955,-139.0
23125.093320666383,-167.0
23125.093383163214,-154.0
23125.093445660044,-135.0
23125.093508156875,-163.0
23125.093570653706,-144.0
23125.09363315054,-103.0
23125.09369564737,-99.0
23125.0937581442,-83.0
23125.093820641032,-30.0
23125.093883137863,14.0
23125.093945634697,38.0
23125.094008131528,43.0
23125.094070628358,36.0
23125.09413312519,56.0
23125.09419562202,54.0
23125.094258118854,53.0
23125.094320615684,47.0
23125.094383112515,42.0
23125.094445609346,39.0
23125.09450810618,29.0
23125.09457060301,87.0
23125.09463309984,77.0
23125.094695596672,61.0
23125.094758093503,74.0
23125.094820590337,66.0
23125.094883087168,60.0
23125.094945584,15.0
23125.09500808083,15.0
23125.09507057766,31.0
23125.095133074494,22.0
23125.095195571324,40.0
23125.095258068155,77.0
23125.095320564986,95.0
23125.095383061816,75.0
23125.09544555865,82.0
23125.09550805548,87.0
23125.095570552312,103.0
23125.095633049143,65.0
23125.095695545977,50.0
23125.095758042808,64.0
23125.09582053964,41.0
23125.09588303647,61.0
23125.0959455333,75.0
23125.096008030134,80.0
23125.096070526964,82.0
23125.096133023795,51.0
23125.096195520626,21.0
23125.096258017456,31.0
23125.09632051429,42.0
23125.09638301112,51.0
23125.096445507952,36.0
23125.096508004783,27.0
23125.096570501613,46.0
23125.096632998448,22.0
23125.09669549528,34.0
23125.09675799211,46.0
23125.09682048894,42.0
23125.096882985774,70.0
23125.096945482604,43.0
23125.097007979435,-4.0
23125.097070476266,24.0
23125.097132973096,30.0
23125.09719546993,30.0
23125.09725796676,25.0
23125.097320463592,-8.0
23125.097382960423,-8.0
23125.097445457253,-5.0
23125.097507954088,0.0
23125.09757045092,53.0
23125.09763294775,39.0
23125.09769544458,27.0
23125.09775794141,62.0
23125.097820438245,32.0
23125.097882935075,14.0
23125.097945431906,29.0
23125.098007928736,34.0
23125.09807042557,21.0
23125.0981329224,6.0
23125.098195419232,-7.0
23125.098257916063,-9.0
23125.098320412893,6.0
23125.098382909728,26.0
23125.09844540656,-13.0
23125.09850790339,-1.0
23125.09857040022,61.0
23125.09863289705,11.0
23125.098695393885,4.0
23125.098757890715,4.0
23125.098820387546,-33.0
23125.098882884377,-28.0
23125.098945381207,-18.0
23125.09900787804,-9.0
23125.099070374872,-18.0
23125.099132871703,-11.0
23125.099195368533,-6.0
23125.099257865368,-20.0
23125.0993203622,-25.0
23125.09938285903,-12.0
23125.09944535586,-34.0
23125.09950785269,-51.0
23125.099570349525,0.0
23125.099632846355,-30.0
23125.099695343186,-48.0
23125.099757840017,-42.0
23125.099820336847,-54.0
23125.09988283368,-58.0
23125.099945330512,-39.0
23125.100007827343,-18.0
23125.100070324173,-18.0
23125.100132821004,-27.0
23125.10019531784,-11.0
23125.10025781467,-21.0
23125.1003203115,-36.0
23125.10038280833,-13.0
23125.100445305165,-18.0
23125.100507801995,-33.0
23125.100570298826,-23.0
23125.100632795657,188.0
23125.100695292487,342.0
23125.10075778932,281.0
23125.100820286152,233.0
23125.100882782983,202.0
23125.100945279813,206.0
23125.101007776644,217.0
23125.10107027348,195.0
23125.10113277031,191.0
23125.10119526714,180.0
23125.10125776397,198.0
23125.1013202608,162.0
23125.101382757635,153.0
23125.101445254466,204.0
23125.101507751297,186.0
23125.101570248127,207.0
23125.10163274496,172.0
23125.101695241792,165.0
23125.101757738623,176.0
23125.101820235453,176.0
23125.101882732284,169.0
23125.10194522912,136.0
23125.10200772595,150.0
23125.10207022278,156.0
23125.10213271961,128.0
23125.10219521644,123.0
23125.102257713275,136.0
23125.102320210106,116.0
23125.102382706937,99.0
23125.102445203767,52.0
23125.102507700598,-19.0
23125.102570197432,-2.0
23125.102632694263,-36.0
23125.102695191094,-78.0
23125.102757687924,-69.0
23125.10282018476,-28.0
23125.10288268159,46.0
23125.10294517842,78.0
23125.10300767525,89.0
23125.10307017208,104.0
23125.103132668915,94.0
23125.103195165746,90.0
23125.103257662577,124.0
23125.103320159407,119.0
23125.103382656238,108.0
23125.103445153072,89.0
23125.103507649903,85.0
23125.103570146734,92.0
23125.103632643564,40.0
23125.103695140395,33.0
23125.10375763723,17.0
23125.10382013406,28.0
23125.10388263089,15.0
23125.10394512772,-11.0
23125.104007624555,-3.0
23125.104070121386,-27.0
23125.104132618217,-4.0
23125.104195115047,-44.0
23125.104257611878,-70.0
23125.104320108712,-30.0
23125.104382605543,-77.0
23125.104445102374,-117.0
23125.104507599204,-130.0
23125.104570096035,-87.0
23125.10463259287,-55.0
23125.1046950897,-62.0
23125.10475758653,-39.0
23125.10482008336,-49.0
23125.10488258019,-55.0
23125.104945077026,-67.0
23125.105007573857,-99.0
23125.105070070687,-84.0
23125.105132567518,-78.0
23125.105195064352,-80.0
23125.105257561183,-63.0
23125.105320058014,-65.0
23125.105382554844,-113.0
23125.105445051675,-139.0
23125.10550754851,-130.0
23125.10557004534,-98.0
23125.10563254217,-77.0
23125.105695039,-87.0
23125.10575753583,-90.0
23125.105820032666,-100.0
23125.105882529497,-131.0
23125.105945026327,-136.0
23125.106007523158,-103.0
23125.10607001999,-77.0
23125.106132516823,-56.0
23125.106195013654,-63.0
23125.106257510484,-103.0
23125.106320007315,-100.0
23125.10638250415,-99.0
23125.10644500098,-88.0
23125.10650749781,-51.0
23125.10656999464,-12.0
23125.106632491472,-84.0
23125.106694988306,-123.0
23125.106757485137,-75.0
23125.106819981967,-67.0
23125.106882478798,-30.0
23125.10694497563,-6.0
23125.107007472463,-32.0
23125.107069969294,-45.0
23125.107132466124,-47.0
23125.107194962955,-39.0
23125.107257459786,-39.0
23125.10731995662,-31.0
23125.10738245345,-26.0
23125.10744495028,-46.0
23125.107507447112,-27.0
23125.107569943946,18.0
23125.107632440777,-7.0
23125.107694937607,-33.0
23125.107757434438,-20.0
23125.10781993127,-16.0
23125.107882428103,-36.0
23125.107944924934,-36.0
23125.108007421764,-32.0
23125.108069918595,-32.0
23125.108132415426,-1.0
23125.10819491226,5.0
23125.10825740909,-22.0
23125.10831990592,-19.0
23125.108382402752,-18.0
23125.108444899583,-36.0
23125.108507396417,-4.0
23125.108569893247,35.0
23125.108632390078,13.0
23125.10869488691,-3.0
23125.108757383743,15.0
23125.108819880574,1.0
23125.108882377404,3.0
23125.108944874235,27.0
23125.109007371066,13.0
23125.1090698679,16.0
23125.10913236473,-14.0
23125.10919486156,-13.0
23125.109257358392,33.0
23125.109319855223,23.0
23125.109382352057,36.0
23125.109444848888,2.0
23125.109507345718,-29.0
23125.10956984255,51.0
23125.10963233938,57.0
23125.109694836214,19.0
23125.109757333044,52.0
23125.109819829875,69.0
23125.109882326706,34.0
23125.10994482354,43.0
23125.11000732037,55.0
23125.1100698172,49.0
23125.110132314032,60.0
23125.110194810863,49.0
23125.110257307697,50.0
23125.110319804528,62.0
23125.11038230136,76.0
23125.11044479819,44.0
23125.11050729502,-8.0
23125.110569791854,89.0
23125.110632288684,-108.0
23125.110694785515,-332.0
23125.110757282346,-231.0
23125.110819779176,-224.0
23125.11088227601,-248.0
23125.11094477284,-224.0
23125.111007269672,-212.0
23125.111069766503,-202.0
23125.111132263337,-195.0
23125.111194760168,-182.0
23125.111257257,-167.0
23125.11131975383,-151.0
23125.11138225066,-114.0
23125.111444747494,-140.0
23125.111507244324,-171.0
23125.111569741155,-138.0
23125.111632237986,-127.0
23125.111694734816,-158.0
23125.11175723165,-158.0
23125.11181972848,-156.0
23125.111882225312,-166.0
23125.111944722143,-134.0
23125.112007218973,-106.0
23125.112069715808,-85.0
23125.11213221264,-49.0
23125.11219470947,-76.0
23125.1122572063,-73.0
23125.112319703134,-47.0
23125.112382199964,-91.0
23125.112444696795,-87.0
23125.112507193626,-32.0
23125.112569690456,33.0
23125.11263218729,45.0
23125.11269468412,7.0
23125.112757180952,-11.0
23125.112819677783,-27.0
23125.112882174613,-79.0
23125.112944671448,-108.0
23125.11300716828,-92.0
23125.11306966511,-102.0
23125.11313216194,-112.0
23125.11319465877,-105.0
23125.113257155605,-88.0
23125.113319652435,-80.0
23125.113382149266,-75.0
23125.113444646096,-72.0
23125.11350714293,-76.0
23125.11356963976,-51.0
23125.113632136592,-59.0
23125.113694633423,-33.0
23125.113757130253,11.0
23125.113819627088,25.0
23125.11388212392,69.0
23125.11394462075,61.0
23125.11400711758,61.0
23125.11406961441,98.0
23125.114132111245,84.0
23125.114194608075,77.0
23125.114257104906,121.0
23125.114319601736,137.0
23125.114382098567,144.0
23125.1144445954,129.0
23125.114507092232,108.0
23125.114569589063,162.0
23125.114632085893,149.0
23125.114694582728,148.0
23125.11475707956,154.0
23125.11481957639,131.0
23125.11488207322,158.0
23125.11494457005,138.0
23125.115007066885,122.0
23125.115069563715,151.0
23125.115132060546,151.0
23125.115194557377,179.0
23125.115257054207,181.0
23125.11531955104,171.0
23125.115382047872,211.0
23125.115444544703,187.0
23125.115507041533,180.0
23125.115569538364,228.0
23125.1156320352,198.0
23125.11569453203,175.0
23125.11575702886,185.0
23125.11581952569,165.0
23125.115882022525,141.0
23125.115944519355,151.0
23125.116007016186,148.0
23125.116069513017,136.0
23125.116132009847,138.0
23125.11619450668,135.0
23125.116257003512,140.0
23125.116319500343,133.0
23125.116381997173,175.0
23125.116444494004,168.0
23125.11650699084,125.0
23125.11656948767,179.0
23125.1166319845,160.0
23125.11669448133,130.0
23125.11675697816,133.0
23125.116819474995,134.0
23125.116881971826,141.0
23125.116944468657,151.0
23125.117006965487,165.0
23125.11706946232,140.0
23125.117131959152,102.0
23125.117194455983,100.0
23125.117256952813,95.0
23125.117319449644,117.0
23125.11738194648,150.0
23125.11744444331,133.0
23125.11750694014,109.0
23125.11756943697,139.0
23125.1176319338,117.0
23125.117694430635,125.0
23125.117756927466,148.0
23125.117819424297,109.0
23125.117881921127,123.0
23125.117944417958,122.0
23125.118006914792,101.0
23125.118069411623,100.0
23125.118131908454,90.0
23125.118194405284,94.0
23125.11825690212,98.0
23125.11831939895,85.0
23125.11838189578,78.0
23125.11844439261,68.0
23125.11850688944,60.0
23125.118569386275,116.0
23125.118631883106,104.0
23125.118694379937,82.0
23125.118756876767,90.0
23125.118819373598,57.0
23125.118881870432,59.0
23125.118944367263,51.0
23125.119006864094,50.0
23125.119069360924,58.0
23125.119131857755,43.0
23125.11919435459,37.0
23125.11925685142,42.0
23125.11931934825,39.0
23125.11938184508,58.0
23125.119444341915,27.0
23125.119506838746,11.0
23125.119569335577,51.0
23125.119631832407,34.0
23125.119694329238,32.0
23125.119756826072,20.0
23125.119819322903,16.0
23125.119881819734,-3.0
23125.119944316564,-6.0
23125.120006813395,35.0
23125.12006931023,21.0
23125.12013180706,4.0
23125.12019430389,16.0
23125.12025680072,19.0
23125.12031929755,11.0
23125.120381794386,17.0
23125.120444291217,19.0
23125.120506788047,-10.0
23125.120569284878,35.0
23125.120631781712,204.0
23125.120694278543,311.0
23125.120756775374,300.0
23125.120819272204,311.0
23125.120881769035,282.0
23125.12094426587,244.0
23125.1210067627,249.0
23125.12106925953,238.0
23125.12113175636,205.0
23125.12119425319,203.0
23125.121256750026,211.0
23125.121319246857,163.0
23125.121381743687,175.0
23125.121444240518,182.0
23125.12150673735,139.0
23125.121569234183,207.0
23125.121631731014,183.0
23125.121694227844,154.0
23125.121756724675,177.0
23125.12181922151,165.0
23125.12188171834,129.0
23125.12194421517,116.0
23125.122006712,122.0
23125.12206920883,101.0
23125.122131705666,93.0
23125.122194202497,98.0
23125.122256699327,127.0
23125.122319196158,135.0
23125.12238169299,136.0
23125.122444189823,103.0
23125.122506686654,47.0
23125.122569183484,37.0
23125.122631680315,17.0
23125.122694177146,23.0
23125.12275667398,36.0
23125.12281917081,55.0
23125.12288166764,104.0
23125.122944164472,134.0
23125.123006661306,133.0
23125.123069158137,153.0
23125.123131654967,170.0
23125.123194151798,145.0
23125.12325664863,139.0
23125.123319145463,142.0
23125.123381642294,167.0
23125.123444139124,129.0
23125.123506635955,113.0
23125.123569132786,169.0
23125.12363162962,104.0
23125.12369412645,91.0
23125.12375662328,112.0
23125.123819120112,70.0
23125.123881616943,53.0
23125.123944113777,32.0
23125.124006610607,-1.0
23125.124069107438,-29.0
23125.12413160427,-47.0
23125.124194101103,-70.0
23125.124256597934,-88.0
23125.124319094764,-101.0
23125.124381591595,-121.0
23125.124444088426,-105.0
23125.12450658526,-109.0
23125.12456908209,-62.0
23125.12463157892,-70.0
23125.124694075752,-112.0
23125.124756572583,-58.0
23125.124819069417,-23.0
23125.124881566247,-51.0
23125.124944063078,-48.0
23125.12500655991,-41.0
23125.12506905674,-65.0
23125.125131553574,-85.0
23125.125194050404,-86.0
23125.125256547235,-115.0
23125.125319044066,-156.0
23125.1253815409,-128.0
23125.12544403773,-143.0
23125.12550653456,-163.0
23125.125569031392,-79.0
23125.125631528223,-95.0
23125.125694025057,-144.0
23125.125756521888,-124.0
23125.125819018718,-128.0
23125.12588151555,-144.0
23125.12594401238,-139.0
23125.126006509214,-132.0
23125.126069006044,-125.0
23125.126131502875,-116.0
23125.126193999706,-109.0
23125.126256496536,-88.0
23125.12631899337,-102.0
23125.1263814902,-85.0
23125.126443987032,-97.0
23125.126506483863,-149.0
23125.126568980697,-81.0
23125.126631477528,-80.0
23125.12669397436,-117.0
23125.12675647119,-103.0
23125.12681896802,-105.0
23125.126881464854,-97.0
23125.126943961684,-105.0
23125.127006458515,-120.0
23125.127068955346,-96.0
23125.127131452176,-113.0
23125.12719394901,-125.0
23125.12725644584,-90.0
23125.127318942672,-75.0
23125.127381439503,-72.0
23125.127443936333,-85.0
23125.127506433168,-73.0
23125.12756893,-32.0
23125.12763142683,-51.0
23125.12769392366,-62.0
23125.127756420494,-52.0
23125.127818917324,-82.0
23125.127881414155,-94.0
23125.127943910986,-69.0
23125.128006407816,-75.0
23125.12806890465,-77.0
23125.12813140148,-75.0
23125.128193898312,-96.0
23125.128256395143,-71.0
23125.128318891973,-75.0
23125.128381388808,-81.0
23125.12844388564,-67.0
23125.12850638247,-84.0
23125.1285688793,-50.0
23125.12863137613,-56.0
23125.128693872965,-81.0
23125.128756369795,-64.0
23125.128818866626,-53.0
23125.128881363456,-67.0
23125.12894386029,-63.0
23125.12900635712,-77.0
23125.129068853952,-90.0
23125.129131350783,-50.0
23125.129193847613,-51.0
23125.129256344448,-67.0
23125.12931884128,-75.0
23125.12938133811,-64.0
23125.12944383494,-43.0
23125.12950633177,-70.0
23125.129568828605,-58.0
23125.129631325435,-32.0
23125.129693822266,-61.0
23125.129756319096,-73.0
23125.129818815927,-50.0
23125.12988131276,-53.0
23125.129943809592,-56.0
23125.130006306423,-56.0
23125.130068803253,-72.0
23125.130131300088,-66.0
23125.13019379692,-59.0
23125.13025629375,-61.0
23125.13031879058,-66.0
23125.13038128741,-64.0
23125.130443784245,-60.0
23125.130506281075,-73.0
23125.130568777906,-11.0
23125.130631274737,-212.0
23125.130693771567,-426.0
23125.1307562684,-352.0
23125.130818765232,-317.0
23125.130881262063,-285.0
23125.130943758893,-302.0
23125.131006255724,-312.0
23125.13106875256,-274.0
23125.13113124939,-281.0
23125.13119374622,-264.0
23125.13125624305,-231.0
23125.131318739885,-221.0
23125.131381236715,-230.0
23125.131443733546,-271.0
23125.131506230377,-306.0
23125.131568727207,-284.0
23125.13163122404,-240.0
23125.131693720872,-220.0
23125.131756217703,-236.0
23125.131818714533,-212.0
23125.131881211364,-181.0
23125.1319437082,-211.0
23125.13200620503,-197.0
23125.13206870186,-186.0
23125.13213119869,-178.0
23125.13219369552,-158.0
23125.132256192355,-147.0
23125.132318689186,-133.0
23125.132381186017,-150.0
23125.132443682847,-148.0
23125.13250617968,-120.0
23125.132568676512,-63.0
23125.132631173343,-45.0
23125.132693670173,-80.0
23125.132756167004,-71.0
23125.13281866384,-78.0
23125.13288116067,-136.0
23125.1329436575,-157.0
23125.13300615433,-144.0
23125.13306865116,-154.0
23125.133131147995,-175.0
23125.133193644826,-162.0
23125.133256141657,-161.0
23125.133318638487,-168.0
23125.133381135318,-139.0
23125.133443632152,-173.0
23125.133506128983,-190.0
23125.133568625813,-108.0
23125.133631122644,-86.0
23125.13369361948,-92.0
23125.13375611631,-66.0
23125.13381861314,-23.0
23125.13388110997,-12.0
23125.1339436068,-28.0
23125.134006103635,-17.0
23125.134068600466,-6.0
23125.134131097297,0.0
23125.134193594127,19.0
23125.134256090958,15.0
23125.134318587792,3.0
23125.134381084623,27.0
23125.134443581454,-5.0
23125.134506078284,-35.0
23125.134568575115,34.0
23125.13463107195,35.0
23125.13469356878,-14.0
23125.13475606561,-14.0
23125.13481856244,4.0
23125.134881059275,1.0
23125.134943556106,2.0
23125.135006052937,24.0
23125.135068549767,19.0
23125.135131046598,14.0
23125.135193543432,61.0
23125.135256040263,84.0
23125.135318537094,41.0
23125.135381033924,45.0
23125.135443530755,60.0
23125.13550602759,39.0
23125.13556852442,74.0
23125.13563102125,69.0
23125.13569351808,41.0
23125.13575601491,50.0
23125.135818511746,61.0
23125.135881008577,70.0
23125.135943505407,65.0
23125.136006002238,42.0
23125.136068499072,33.0
23125.136130995903,50.0
23125.136193492734,24.0
23125.136255989564,6.0
23125.136318486395,28.0
23125.13638098323,26.0
23125.13644348006,-5.0
23125.13650597689,-13.0
23125.13656847372,36.0
23125.13663097055,22.0
23125.136693467386,51.0
23125.136755964217,66.0
23125.136818461047,46.0
23125.136880957878,56.0
23125.13694345471,44.0
23125.137005951543,31.0
23125.137068448374,29.0
23125.137130945204,21.0
23125.137193442035,0.0
23125.13725593887,8.0
23125.1373184357,9.0
23125.13738093253,-22.0
23125.13744342936,-34.0
23125.13750592619,-55.0
23125.137568423026,-21.0
23125.137630919857,-15.0
23125.137693416687,-52.0
23125.137755913518,-28.0
23125.13781841035,-23.0
23125.137880907183,-34.0
23125.137943404014,-51.0
23125.138005900844,-49.0
23125.138068397675,-35.0
23125.138130894506,-36.0
23125.13819339134,-37.0
23125.13825588817,-51.0
23125.138318385,-47.0
23125.138380881832,-12.0
23125.138443378666,-20.0
23125.138505875497,-24.0
23125.138568372327,-9.0
23125.138630869158,-77.0
23125.13869336599,-138.0
23125.138755862823,-95.0
23125.138818359654,-37.0
23125.138880856484,-47.0
23125.138943353315,0.0
23125.139005850146,41.0
23125.13906834698,52.0
23125.13913084381,51.0
23125.13919334064,26.0
23125.139255837472,23.0
23125.139318334303,-23.0
23125.139380831137,-54.0
23125.139443327967,-89.0
23125.139505824798,-135.0
23125.13956832163,-63.0
23125.139630818463,-73.0
23125.139693315294,-68.0
23125.139755812124,-5.0
23125.139818308955,-3.0
23125.139880805786,-18.0
23125.13994330262,-33.0
23125.14000579945,-61.0
23125.14006829628,-107.0
23125.140130793112,-107.0
23125.140193289943,-86.0
23125.140255786777,-68.0
23125.140318283607,-52.0
23125.140380780438,-39.0
23125.14044327727,-60.0
23125.1405057741,-47.0
23125.140568270934,-14.0
23125.140630767764,174.0
23125.140693264595,319.0
23125.140755761426,243.0
23125.14081825826,205.0
23125.14088075509,161.0
23125.14094325192,141.0
23125.141005748752,149.0
23125.141068245583,151.0
23125.141130742417,145.0
23125.141193239248,143.0
23125.141255736078,171.0
23125.14131823291,153.0
23125.14138072974,150.0
23125.141443226574,166.0
23125.141505723404,139.0
23125.141568220235,187.0
23125.141630717066,150.0
23125.141693213896,82.0
23125.14175571073,91.0
23125.14181820756,101.0
23125.141880704392,64.0
23125.141943201223,27.0
23125.142005698057,44.0
23125.142068194888,62.0
23125.14213069172,83.0
23125.14219318855,88.0
23125.14225568538,93.0
23125.142318182214,93.0
23125.142380679044,90.0
23125.142443175875,48.0
23125.142505672706,-10.0
23125.142568169536,4.0
23125.14263066637,-28.0
23125.1426931632,-56.0
23125.142755660032,-38.0
23125.142818156863,-1.0
23125.142880653693,25.0
23125.142943150528,66.0
23125.14300564736,100.0
23125.14306814419,64.0
23125.14313064102,58.0
23125.143193137854,85.0
23125.143255634684,92.0
23125.143318131515,90.0
23125.143380628346,79.0
23125.143443125176,79.0
23125.14350562201,59.0
23125.14356811884,99.0
23125.143630615672,99.0
23125.143693112503,57.0
23125.143755609333,56.0
23125.143818106168,55.0
23125.143880603,40.0
23125.14394309983,-6.0
23125.14400559666,-37.0
23125.14406809349,-35.0
23125.144130590324,-58.0
23125.144193087155,-61.0
23125.144255583986,-63.0
23125.144318080816,-77.0
23125.14438057765,-72.0
23125.14444307448,-98.0
23125.144505571312,-118.0
23125.144568068143,-71.0
23125.144630564973,-63.0
23125.144693061808,-81.0
23125.14475555864,-76.0
23125.14481805547,-78.0
23125.1448805523,-96.0
23125.14494304913,-86.0
23125.145005545965,-69.0
23125.145068042795,-66.0
23125.145130539626,-82.0
23125.145193036456,-104.0
23125.145255533287,-78.0
23125.14531803012,-113.0
23125.145380526952,-162.0
23125.145443023783,-149.0
23125.145505520613,-170.0
23125.145568017448,-192.0
23125.14563051428,-180.0
23125.14569301111,-178.0
23125.14575550794,-186.0
23125.14581800477,-202.0
23125.145880501605,-223.0
23125.145942998435,-227.0
23125.146005495266,-185.0
23125.146067992097,-152.0
23125.146130488927,-184.0
23125.14619298576,-169.0
23125.146255482592,-149.0
23125.146317979423,-123.0
23125.146380476253,-96.0
23125.146442973084,-130.0
23125.14650546992,-142.0
23125.14656796675,-110.0
23125.14663046358,-112.0
23125.14669296041,-127.0
23125.146755457245,-117.0
23125.146817954075,-139.0
23125.146880450906,-151.0
23125.146942947737,-192.0
23125.147005444567,-199.0
23125.1470679414,-131.0
23125.147130438232,-119.0
23125.147192935063,-108.0
23125.147255431893,-96.0
23125.147317928724,-98.0
23125.14738042556,-91.0
23125.14744292239,-93.0
23125.14750541922,-100.0
23125.14756791605,-62.0
23125.14763041288,-59.0
23125.147692909715,-64.0
23125.147755406546,-59.0
23125.147817903377,-77.0
23125.147880400207,-83.0
23125.14794289704,-85.0
23125.148005393872,-86.0
23125.148067890703,-68.0
23125.148130387533,-85.0
23125.148192884364,-99.0
23125.1482553812,-83.0
23125.14831787803,-99.0
23125.14838037486,-69.0
23125.14844287169,-71.0
23125.14850536852,-102.0
23125.148567865355,-63.0
23125.148630362186,-72.0
23125.148692859017,-93.0
23125.148755355847,-80.0
23125.148817852678,-83.0
23125.148880349512,-81.0
23125.148942846343,-75.0
23125.149005343173,-62.0
23125.149067840004,-36.0
23125.14913033684,-56.0
23125.14919283367,-44.0
23125.1492553305,-15.0
23125.14931782733,-61.0
23125.14938032416,-44.0
23125.149442820995,-56.0
23125.149505317826,-89.0
23125.149567814657,-46.0
23125.149630311487,-52.0
23125.149692808318,-60.0
23125.149755305152,-56.0
23125.149817801983,-63.0
23125.149880298814,-54.0
23125.149942795644,-28.0
23125.150005292475,-36.0
23125.15006778931,-42.0
23125.15013028614,-12.0
23125.15019278297,-41.0
23125.1502552798,-29.0
23125.150317776635,-5.0
23125.150380273466,-36.0
23125.150442770297,-47.0
23125.150505267127,-39.0
23125.150567763958,21.0
23125.150630260792,-205.0
23125.150692757623,-396.0
23125.150755254454,-319.0
23125.150817751284,-311.0
23125.150880248115,-233.0
23125.15094274495,-193.0
23125.15100524178,-242.0
23125.15106773861,-235.0
23125.15113023544,-234.0
23125.15119273227,-222.0
23125.151255229106,-208.0
23125.151317725937,-200.0
23125.151380222767,-207.0
23125.151442719598,-232.0
23125.151505216432,-177.0
23125.151567713263,-137.0
23125.151630210094,-165.0
23125.151692706924,-193.0
23125.151755203755,-196.0
23125.15181770059,-193.0
23125.15188019742,-136.0
23125.15194269425,-103.0
23125.15200519108,-121.0
23125.15206768791,-125.0
23125.152130184746,-136.0
23125.152192681577,-141.0
23125.152255178407,-108.0
23125.152317675238,-79.0
23125.15238017207,-59.0
23125.152442668903,-71.0
23125.152505165734,-91.0
23125.152567662564,-10.0
23125.152630159395,26.0
23125.15269265623,23.0
23125.15275515306,24.0
23125.15281764989,-19.0
23125.15288014672,-76.0
23125.15294264355,-128.0
23125.153005140386,-122.0
23125.153067637217,-104.0
23125.153130134047,-113.0
23125.153192630878,-85.0
23125.15325512771,-56.0
23125.153317624543,-88.0
23125.153380121374,-85.0
23125.153442618204,-93.0
23125.153505115035,-116.0
23125.153567611866,-76.0
23125.1536301087,-44.0
23125.15369260553,-36.0
23125.15375510236,-30.0
23125.153817599192,-1.0
23125.153880096026,21.0
23125.153942592857,-7.0
23125.154005089687,14.0
23125.154067586518,68.0
23125.15413008335,57.0
23125.154192580183,75.0
23125.154255077014,124.0
23125.154317573844,116.0
23125.154380070675,102.0
23125.154442567506,101.0
23125.15450506434,117.0
23125.15456756117,144.0
23125.154630058,107.0
23125.154692554832,74.0
23125.154755051663,61.0
23125.154817548497,42.0
23125.154880045327,37.0
23125.154942542158,57.0
23125.15500503899,63.0
23125.155067535823,62.0
23125.155130032654,101.0
23125.155192529484,124.0
23125.155255026315,123.0
23125.155317523146,126.0
23125.15538001998,116.0
23125.15544251681,118.0
23125.15550501364,94.0
23125.155567510472,122.0
23125.155630007303,126.0
23125.155692504137,72.0
23125.155755000967,83.0
23125.155817497798,107.0
23125.15587999463,108.0
23125.15594249146,76.0
23125.156004988294,87.0
23125.156067485124,124.0
23125.156129981955,115.0
23125.156192478786,108.0
23125.15625497562,112.0
23125.15631747245,118.0
23125.15637996928,126.0
23125.156442466112,116.0
23125.156504962943,118.0
23125.156567459777,163.0
23125.156629956608,145.0
23125.156692453438,145.0
23125.15675495027,177.0
23125.1568174471,144.0
23125.156879943934,149.0
23125.156942440764,168.0
23125.157004937595,130.0
23125.157067434426,134.0
23125.157129931256,132.0
23125.15719242809,124.0
23125.15725492492,135.0
23125.157317421752,125.0
23125.157379918583,116.0
23125.157442415417,109.0
23125.157504912248,103.0
23125.15756740908,142.0
23125.15762990591,135.0
23125.15769240274,120.0
23125.157754899574,126.0
23125.157817396404,125.0
23125.157879893235,138.0
23125.157942390066,130.0
23125.158004886896,100.0
23125.15806738373,98.0
23125.15812988056,126.0
23125.158192377392,125.0
23125.158254874223,115.0
23125.158317371053,105.0
23125.158379867888,108.0
23125.15844236472,80.0
23125.15850486155,40.0
23125.15856735838,92.0
23125.158629855214,95.0
23125.158692352044,75.0
23125.158754848875,73.0
23125.158817345706,61.0
23125.158879842536,52.0
23125.15894233937,41.0
23125.1590048362,30.0
23125.159067333032,26.0
23125.159129829863,36.0
23125.159192326693,-12.0
23125.159254823528,-22.0
23125.15931732036,13.0
23125.15937981719,10.0
23125.15944231402,5.0
23125.15950481085,-5.0
23125.159567307684,13.0
23125.159629804515,26.0
23125.159692301346,11.0
23125.159754798176,4.0
23125.15981729501,18.0
23125.15987979184,3.0
23125.159942288672,2.0
23125.160004785503,10.0
23125.160067282333,-16.0
23125.160129779168,3.0
23125.160192276,24.0
23125.16025477283,7.0
23125.16031726966,-11.0
23125.16037976649,-17.0
23125.160442263325,0.0
23125.160504760155,-22.0
23125.160567256986,-13.0
23125.160629753816,203.0
23125.160692250647,330.0
23125.16075474748,241.0
23125.160817244312,230.0
23125.160879741143,256.0
23125.160942237973,244.0
23125.161004734808,254.0
23125.16106723164,258.0
23125.16112972847,207.0
23125.1611922253,176.0
23125.16125472213,188.0
23125.161317218965,173.0
23125.161379715795,182.0
23125.161442212626,193.0
23125.161504709456,166.0
23125.161567206287,215.0
23125.16162970312,168.0
23125.161692199952,138.0
23125.161754696783,188.0
23125.161817193613,192.0
23125.161879690444,152.0
23125.16194218728,118.0
23125.16200468411,110.0
23125.16206718094,81.0
23125.16212967777,84.0
23125.162192174605,126.0
23125.162254671435,120.0
23125.162317168266,55.0
23125.162379665097,67.0
23125.162442161927,39.0
23125.16250465876,-14.0
23125.162567155592,33.0
23125.162629652423,2.0
23125.162692149253,-4.0
23125.162754646084,30.0
23125.16281714292,63.0
23125.16287963975,90.0
23125.16294213658,91.0
23125.16300463341,111.0
23125.16306713024,130.0
23125.163129627075,131.0
23125.163192123906,126.0
23125.163254620737,147.0
23125.163317117567,151.0
23125.1633796144,141.0
23125.163442111232,137.0
23125.163504608063,125.0
23125.163567104893,147.0
23125.163629601724,111.0
23125.16369209856,71.0
23125.16375459539,65.0
23125.16381709222,56.0
23125.16387958905,34.0
23125.16394208588,41.0
23125.164004582715,48.0
23125.164067079546,32.0
23125.164129576377,38.0
23125.164192073207,9.0
23125.164254570038,-21.0
23125.164317066872,-13.0
23125.164379563703,-21.0
23125.164442060533,-47.0
23125.164504557364,-61.0
23125.1645670542,-19.0
23125.16462955103,-46.0
23125.16469204786,-78.0
23125.16475454469,-53.0
23125.16481704152,-52.0
23125.164879538355,-45.0
23125.164942035186,6.0
23125.165004532017,22.0
23125.165067028847,3.0
23125.165129525678,4.0
23125.165192022512,-26.0
23125.165254519343,-40.0
23125.165317016174,-41.0
23125.165379513004,-53.0
23125.165442009835,-71.0
23125.16550450667,-71.0
23125.1655670035,7.0
23125.16562950033,-2.0
23125.16569199716,-35.0
23125.165754493995,-43.0
23125.165816990826,-68.0
23125.165879487657,-49.0
23125.165941984487,-33.0
23125.166004481318,-41.0
23125.166066978152,-23.0
23125.166129474983,-14.0
23125.166191971814,-31.0
23125.166254468644,-30.0
23125.166316965475,-39.0
23125.16637946231,-20.0
23125.16644195914,-17.0
23125.16650445597,-16.0
23125.1665669528,18.0
23125.16662944963,-42.0
23125.166691946466,-46.0
23125.166754443297,-18.0
23125.166816940127,-38.0
23125.166879436958,-35.0
23125.166941933792,-22.0
23125.167004430623,-10.0
23125.167066927454,1.0
23125.167129424284,-11.0
23125.167191921115,-47.0
23125.16725441795,-27.0
23125.16731691478,-16.0
23125.16737941161,-30.0
23125.16744190844,5.0
23125.16750440527,-18.0
23125.167566902106,-7.0
23125.167629398937,-6.0
23125.167691895767,-32.0
23125.167754392598,-9.0
23125.16781688943,-1.0
23125.167879386263,-1.0
23125.167941883094,15.0
23125.168004379924,26.0
23125.168066876755,15.0
23125.16812937359,24.0
23125.16819187042,10.0
23125.16825436725,4.0
23125.16831686408,3.0
23125.16837936091,6.0
23125.168441857746,5.0
23125.168504354577,-31.0
23125.168566851407,29.0
23125.168629348238,30.0
23125.16869184507,-16.0
23125.168754341903,-7.0
23125.168816838734,-8.0
23125.168879335564,-8.0
23125.168941832395,2.0
23125.169004329226,5.0
23125.16906682606,-4.0
23125.16912932289,-14.0
23125.16919181972,-14.0
23125.16925431655,7.0
23125.169316813386,-10.0
23125.169379310217,-4.0
23125.169441807047,-8.0
23125.169504303878,-36.0
23125.16956680071,23.0
23125.169629297543,15.0
23125.169691794374,5.0
23125.169754291204,44.0
23125.169816788035,21.0
23125.169879284866,21.0
23125.1699417817,21.0
23125.17000427853,4.0
23125.17006677536,10.0
23125.170129272192,13.0
23125.170191769022,15.0
23125.170254265857,25.0
23125.170316762687,19.0
23125.170379259518,19.0
23125.17044175635,6.0
23125.170504253183,-26.0
23125.170566750014,36.0
23125.170629246844,-157.0
23125.170691743675,-336.0
23125.170754240506,-259.0
23125.17081673734,-249.0
23125.17087923417,-236.0
23125.170941731,-216.0
23125.171004227832,-193.0
23125.171066724663,-165.0
23125.171129221497,-150.0
23125.171191718327,-206.0
23125.171254215158,-259.0
23125.17131671199,-181.0
23125.17137920882,-135.0
23125.171441705654,-169.0
23125.171504202484,-194.0
23125.171566699315,-174.0
23125.171629196146,-166.0
23125.17169169298,-172.0
23125.17175418981,-136.0
23125.17181668664,-135.0
23125.171879183472,-136.0
23125.171941680303,-152.0
23125.172004177137,-149.0
23125.172066673967,-82.0
23125.172129170798,-71.0
23125.17219166763,-110.0
23125.17225416446,-114.0
23125.172316661294,-107.0
23125.172379158124,-61.0
23125.172441654955,-10.0
23125.172504151786,-12.0
23125.172566648616,-16.0
23125.17262914545,-3.0
23125.17269164228,36.0
23125.172754139112,14.0
23125.172816635943,-52.0
23125.172879132777,-98.0
23125.172941629608,-152.0
23125.173004126438,-136.0
23125.17306662327,-106.0
23125.1731291201,-94.0
23125.173191616934,-120.0
23125.173254113764,-148.0
23125.173316610595,-115.0
23125.173379107426,-95.0
23125.173441604256,-85.0
23125.17350410109,-79.0
23125.17356659792,-64.0
23125.173629094752,-83.0
23125.173691591583,-86.0
23125.173754088413,-39.0
23125.173816585248,1.0
23125.17387908208,13.0
23125.17394157891,10.0
23125.17400407574,17.0
23125.174066572574,23.0
23125.174129069404,29.0
23125.174191566235,58.0
23125.174254063066,67.0
23125.174316559896,91.0
23125.17437905673,134.0
23125.17444155356,78.0
23125.174504050392,57.0
23125.174566547223,129.0
23125.174629044053,104.0
23125.174691540888,83.0
23125.17475403772,96.0
23125.17481653455,68.0
23125.17487903138,69.0
23125.17494152821,77.0
23125.175004025044,61.0
23125.175066521875,67.0
23125.175129018706,96.0
23125.175191515536,107.0
23125.17525401237,150.0
23125.1753165092,167.0
23125.175379006032,174.0
23125.175441502863,168.0
23125.175503999693,111.0
23125.175566496528,148.0
23125.17562899336,126.0
23125.17569149019,96.0
23125.17575398702,141.0
23125.17581648385,140.0
23125.175878980685,145.0
23125.175941477515,160.0
23125.176003974346,176.0
23125.176066471176,158.0
23125.176128968007,114.0
23125.17619146484,114.0
23125.176253961672,121.0
23125.176316458503,111.0
23125.176378955333,115.0
23125.176441452168,95.0
23125.176503949,89.0
23125.17656644583,175.0
23125.17662894266,158.0
23125.17669143949,104.0
23125.176753936325,157.0
23125.176816433155,178.0
23125.176878929986,137.0
23125.176941426816,148.0
23125.177003923647,159.0
23125.17706642048,144.0
23125.177128917312,141.0
23125.177191414143,128.0
23125.177253910973,125.0
23125.177316407804,106.0
23125.17737890464,110.0
23125.17744140147,88.0
23125.1775038983,81.0
23125.17756639513,139.0
23125.177628891965,114.0
23125.177691388795,81.0
23125.177753885626,87.0
23125.177816382457,108.0
23125.177878879287,143.0
23125.17794137612,125.0
23125.178003872952,107.0
23125.178066369783,93.0
23125.178128866613,98.0
23125.178191363444,86.0
23125.17825386028,66.0
23125.17831635711,70.0
23125.17837885394,67.0
23125.17844135077,48.0
23125.1785038476,44.0
23125.178566344435,96.0
23125.178628841266,75.0
23125.178691338097,44.0
23125.178753834927,57.0
23125.17881633176,34.0
23125.178878828592,31.0
23125.178941325423,48.0
23125.179003822253,36.0
23125.179066319084,41.0
23125.17912881592,41.0
23125.17919131275,36.0
23125.17925380958,55.0
23125.17931630641,37.0
23125.17937880324,29.0
23125.179441300075,32.0
23125.179503796906,19.0
23125.179566293737,41.0
23125.179628790567,34.0
23125.179691287398,31.0
23125.179753784232,15.0
23125.179816281063,-6.0
23125.179878777893,-13.0
23125.179941274724,-14.0
23125.18000377156,-14.0
23125.18006626839,-12.0
23125.18012876522,6.0
23125.18019126205,-4.0
23125.18025375888,3.0
23125.180316255715,-2.0
23125.180378752546,15.0
23125.180441249377,16.0
23125.180503746207,-37.0
23125.180566243038,23.0
23125.180628739872,249.0
23125.180691236703,310.0
23125.180753733533,245.0
23125.180816230364,245.0
23125.180878727195,228.0
23125.18094122403,215.0
23125.18100372086,221.0
23125.18106621769,211.0
23125.18112871452,176.0
23125.181191211355,167.0
23125.181253708186,186.0
23125.181316205017,150.0
23125.181378701847,171.0
23125.181441198678,215.0
23125.181503695512,160.0
23125.181566192343,202.0
23125.181628689174,212.0
23125.181691186004,164.0
23125.181753682835,136.0
23125.18181617967,158.0
23125.1818786765,142.0
23125.18194117333,90.0
23125.18200367016,143.0
23125.18206616699,123.0
23125.182128663826,84.0
23125.182191160657,84.0
23125.182253657487,60.0
23125.182316154318,77.0
23125.182378651152,77.0
23125.182441147983,36.0
23125.182503644814,6.0
23125.182566141644,-4.0
23125.182628638475,-60.0
23125.18269113531,-60.0
23125.18275363214,-18.0
23125.18281612897,33.0
23125.1828786258,82.0
23125.18294112263,117.0
23125.183003619466,124.0
23125.183066116297,106.0
23125.183128613127,105.0
23125.183191109958,108.0
23125.18325360679,118.0
23125.183316103623,97.0
23125.183378600454,65.0
23125.183441097284,92.0
23125.183503594115,106.0
23125.18356609095,125.0
23125.18362858778,95.0
23125.18369108461,73.0
23125.18375358144,81.0
23125.18381607827,31.0
23125.183878575106,12.0
23125.183941071937,11.0
23125.184003568767,-23.0
23125.184066065598,-17.0
23125.18412856243,-33.0
23125.184191059263,-46.0
23125.184253556094,-41.0
23125.184316052924,-67.0
23125.184378549755,-85.0
23125.184441046586,-126.0
23125.18450354342,-148.0
23125.18456604025,-73.0
23125.18462853708,-74.0
23125.18469103391,-69.0
23125.184753530746,-39.0
23125.184816027577,-54.0
23125.184878524407,-87.0
23125.184941021238,-106.0
23125.18500351807,-79.0
23125.185066014903,-72.0
23125.185128511734,-97.0
23125.185191008564,-125.0
23125.185253505395,-99.0
23125.185316002226,-93.0
23125.18537849906,-94.0
23125.18544099589,-88.0
23125.18550349272,-120.0
23125.185565989552,-102.0
23125.185628486382,-115.0
23125.185690983217,-123.0
23125.185753480047,-134.0
23125.185815976878,-143.0
23125.18587847371,-136.0
23125.185940970543,-143.0
23125.186003467374,-150.0
23125.186065964204,-170.0
23125.186128461035,-160.0
23125.186190957866,-151.0
23125.1862534547,-158.0
23125.18631595153,-155.0
23125.18637844836,-144.0
23125.186440945192,-141.0
23125.186503442023,-132.0
23125.186565938857,-74.0
23125.186628435687,-76.0
23125.186690932518,-125.0
23125.18675342935,-135.0
23125.18681592618,-126.0
23125.186878423014,-90.0
23125.186940919844,-89.0
23125.187003416675,-102.0
23125.187065913506,-102.0
23125.18712841034,-115.0
23125.18719090717,-89.0
23125.187253404,-70.0
23125.187315900832,-89.0
23125.187378397663,-73.0
23125.187440894497,-87.0
23125.187503391327,-113.0
23125.187565888158,-84.0
23125.18762838499,-91.0
23125.18769088182,-99.0
23125.187753378654,-122.0
23125.187815875484,-120.0
23125.187878372315,-98.0
23125.187940869146,-115.0
23125.188003365976,-76.0
23125.18806586281,-66.0
23125.18812835964,-86.0
23125.188190856472,-69.0
23125.188253353303,-59.0
23125.188315850137,-55.0
23125.188378346968,-42.0
23125.188440843798,-59.0
23125.18850334063,-80.0
23125.18856583746,-16.0
23125.188628334294,-7.0
23125.188690831124,-31.0
23125.188753327955,-38.0
23125.188815824786,-44.0
23125.188878321616,-23.0
23125.18894081845,-18.0
23125.18900331528,-8.0
23125.189065812112,-4.0
23125.189128308943,-26.0
23125.189190805773,-13.0
23125.189253302608,-10.0
23125.18931579944,-33.0
23125.18937829627,6.0
23125.1894407931,9.0
23125.189503289934,-7.0
23125.189565786764,13.0
23125.189628283595,1.0
23125.189690780426,6.0
23125.189753277256,15.0
23125.18981577409,13.0
23125.18987827092,23.0
23125.189940767752,25.0
23125.190003264583,20.0
23125.190065761413,24.0
23125.190128258248,29.0
23125.19019075508,19.0
23125.19025325191,14.0
23125.19031574874,-13.0
23125.19037824557,10.0
23125.190440742404,-15.0
23125.190503239235,-29.0
23125.190565736066,59.0
23125.190628232896,-191.0
23125.19069072973,-352.0
23125.19075322656,-247.0
23125.190815723392,-247.0
23125.190878220223,-220.0
23125.190940717053,-224.0
23125.191003213888,-284.0
23125.19106571072,-254.0
23125.19112820755,-231.0
23125.19119070438,-215.0
23125.19125320121,-195.0
23125.191315698044,-205.0
23125.191378194875,-195.0
23125.191440691706,-239.0
23125.191503188536,-275.0
23125.191565685367,-230.0
23125.1916281822,-220.0
23125.191690679032,-205.0
23125.191753175863,-179.0
23125.191815672693,-183.0
23125.191878169528,-172.0
23125.19194066636,-181.0
23125.19200316319,-199.0
23125.19206566002,-168.0
23125.19212815685,-144.0
23125.192190653685,-146.0
23125.192253150515,-149.0
23125.192315647346,-153.0
23125.192378144176,-148.0
23125.192440641007,-150.0
23125.19250313784,-99.0
23125.192565634672,-25.0
23125.192628131503,-14.0
23125.192690628333,-39.0
23125.192753125164,-79.0
23125.192815622,-108.0
23125.19287811883,-122.0
23125.19294061566,-141.0
23125.19300311249,-156.0
23125.193065609325,-159.0
23125.193128106155,-174.0
23125.193190602986,-156.0
23125.193253099817,-131.0
23125.193315596647,-148.0
23125.19337809348,-153.0
23125.193440590312,-167.0
23125.193503087143,-173.0
23125.193565583973,-110.0
23125.193628080804,-74.0
23125.19369057764,-93.0
23125.19375307447,-95.0
23125.1938155713,-87.0
23125.19387806813,-53.0
23125.19394056496,9.0
23125.194003061795,25.0
23125.194065558626,10.0
23125.194128055457,-9.0
23125.194190552287,30.0
23125.19425304912,81.0
23125.194315545952,60.0
23125.194378042783,77.0
23125.194440539613,85.0
23125.194503036444,19.0
23125.19456553328,59.0
23125.19462803011,93.0
23125.19469052694,75.0
23125.19475302377,62.0
23125.1948155206,49.0
23125.194878017435,69.0
23125.194940514266,69.0
23125.195003011097,107.0
23125.195065507927,138.0
23125.195128004758,90.0
23125.195190501592,72.0
23125.195252998423,99.0
23125.195315495253,106.0
23125.195377992084,149.0
23125.19544048892,132.0
23125.19550298575,77.0
23125.19556548258,144.0
23125.19562797941,110.0
23125.19569047624,82.0
23125.195752973075,129.0
23125.195815469906,133.0
23125.195877966737,122.0
23125.195940463567,110.0
23125.196002960398,97.0
23125.196065457232,75.0
23125.196127954063,69.0
23125.196190450893,93.0
23125.196252947724,138.0
23125.196315444555,133.0
23125.19637794139,110.0
23125.19644043822,99.0
23125.19650293505,57.0
23125.19656543188,79.0
23125.196627928715,84.0
23125.196690425546,75.0
23125.196752922377,117.0
23125.196815419207,130.0
23125.196877916038,114.0
23125.196940412872,137.0
23125.197002909703,124.0
23125.197065406534,72.0
23125.197127903364,81.0
23125.197190400195,54.0
23125.19725289703,42.0
23125.19731539386,56.0
23125.19737789069,83.0
23125.19744038752,73.0
23125.19750288435,50.0
23125.197565381186,103.0
23125.197627878017,80.0
23125.197690374847,23.0
23125.197752871678,42.0
23125.197815368512,58.0
23125.197877865343,24.0
23125.197940362174,42.0
23125.198002859004,72.0
23125.198065355835,52.0
23125.19812785267,18.0
23125.1981903495,9.0
23125.19825284633,24.0
23125.19831534316,19.0
23125.19837783999,24.0
23125.198440336826,10.0
23125.198502833657,-11.0
23125.198565330487,32.0
23125.198627827318,15.0
23125.19869032415,11.0
23125.198752820983,35.0
23125.198815317814,12.0
23125.198877814644,7.0
23125.198940311475,-9.0
23125.19900280831,8.0
23125.19906530514,23.0
23125.19912780197,13.0
23125.1991902988,10.0
23125.19925279563,22.0
23125.199315292466,16.0
23125.199377789297,-6.0
23125.199440286127,-3.0
23125.199502782958,-35.0
23125.19956527979,7.0
23125.199627776623,36.0
23125.199690273454,-11.0
23125.199752770284,-24.0
23125.199815267115,-34.0
23125.199877763946,-23.0
23125.19994026078,-27.0
23125.20000275761,-20.0
23125.20006525444,-15.0
23125.20012775127,-26.0
23125.200190248106,-21.0
23125.200252744937,-36.0
23125.200315241767,-40.0
23125.200377738598,-39.0
23125.20044023543,-52.0
23125.200502732263,-49.0
23125.200565229094,-8.0
23125.200627725924,184.0
23125.200690222755,275.0
23125.200752719586,213.0
23125.20081521642,218.0
23125.20087771325,196.0
23125.20094021008,176.0
23125.201002706912,150.0
23125.201065203742,159.0
23125.201127700577,176.0
23125.201190197407,146.0
23125.201252694238,185.0
23125.20131519107,184.0
23125.201377687903,157.0
23125.201440184734,167.0
23125.201502681564,152.0
23125.201565178395,195.0
23125.201627675226,174.0
23125.20169017206,176.0
23125.20175266889,178.0
23125.20181516572,154.0
23125.201877662552,170.0
23125.201940159383,138.0
23125.202002656217,113.0
23125.202065153047,87.0
23125.202127649878,89.0
23125.20219014671,105.0
23125.20225264354,93.0
23125.202315140374,117.0
23125.202377637204,132.0
23125.202440134035,75.0
23125.202502630866,36.0
23125.2025651277,78.0
23125.20262762453,53.0
23125.20269012136,14.0
23125.202752618192,48.0
23125.202815115023,71.0
23125.202877611857,110.0
23125.202940108687,153.0
23125.203002605518,164.0
23125.20306510235,155.0
23125.20312759918,155.0
23125.203190096014,150.0
23125.203252592844,155.0
23125.203315089675,164.0
23125.203377586506,158.0
23125.203440083336,164.0
23125.20350258017,159.0
23125.203565077,195.0
23125.203627573832,192.0
23125.203690070663,152.0
23125.203752567497,124.0
23125.203815064328,87.0
23125.203877561158,51.0
23125.20394005799,27.0
23125.20400255482,28.0
23125.204065051654,-5.0
23125.204127548484,-40.0
23125.204190045315,-47.0
23125.204252542146,-54.0
23125.204315038976,-48.0
23125.20437753581,-20.0
23125.20444003264,-15.0
23125.204502529472,-60.0
23125.204565026303,-63.0
23125.204627523133,-81.0
23125.204690019968,-62.0
23125.204752516798,-44.0
23125.20481501363,-53.0
23125.20487751046,-56.0
23125.204940007294,-64.0
23125.205002504124,-77.0
23125.205065000955,-100.0
23125.205127497786,-111.0
23125.205189994616,-92.0
23125.20525249145,-70.0
23125.20531498828,-112.0
23125.205377485112,-150.0
23125.205439981943,-142.0
23125.205502478773,-140.0
23125.205564975608,-104.0
23125.20562747244,-96.0
23125.20568996927,-99.0
23125.2057524661,-107.0
23125.20581496293,-118.0
23125.205877459764,-140.0
23125.205939956595,-154.0
23125.206002453426,-113.0
23125.206064950256,-103.0
23125.20612744709,-103.0
23125.20618994392,-88.0
23125.206252440752,-101.0
23125.206314937583,-101.0
23125.206377434413,-99.0
23125.206439931248,-139.0
23125.20650242808,-161.0
23125.20656492491,-132.0
23125.20662742174,-148.0
23125.20668991857,-140.0
23125.206752415404,-129.0
23125.206814912235,-121.0
23125.206877409066,-118.0
23125.206939905896,-115.0
23125.207002402727,-75.0
23125.20706489956,-75.0
23125.207127396392,-79.0
23125.207189893223,-87.0
23125.207252390053,-77.0
23125.207314886888,-70.0
23125.20737738372,-72.0
23125.20743988055,-77.0
23125.20750237738,-81.0
23125.20756487421,-57.0
23125.207627371045,-53.0
23125.207689867875,-61.0
23125.207752364706,-61.0
23125.207814861536,-53.0
23125.207877358367,-67.0
23125.2079398552,-56.0
23125.208002352032,-55.0
23125.208064848863,-83.0
23125.208127345693,-58.0
23125.208189842524,-49.0
23125.20825233936,-49.0
23125.20831483619,-46.0
23125.20837733302,-45.0
23125.20843982985,-55.0
23125.208502326685,-57.0
23125.208564823515,-24.0
23125.208627320346,-12.0
23125.208689817176,-22.0
23125.208752314007,-29.0
23125.20881481084,1.0
23125.208877307672,18.0
23125.208939804503,7.0
23125.209002301333,15.0
23125.209064798164,5.0
23125.209127295,8.0
23125.20918979183,18.0
23125.20925228866,20.0
23125.20931478549,-10.0
23125.20937728232,-11.0
23125.209439779155,4.0
23125.209502275986,-21.0
23125.209564772817,36.0
23125.209627269647,35.0
23125.20968976648,-6.0
23125.209752263312,10.0
23125.209814760143,20.0
23125.209877256973,22.0
23125.209939753804,4.0
23125.21000225064,-18.0
23125.21006474747,6.0
23125.2101272443,24.0
23125.21018974113,10.0
23125.21025223796,21.0
23125.210314734795,17.0
23125.210377231626,23.0
23125.210439728457,-14.0
23125.210502225287,-31.0
23125.210564722118,42.0
23125.210627218952,-199.0
23125.210689715783,-345.0
23125.210752212613,-263.0
23125.210814709444,-277.0
23125.21087720628,-234.0
23125.21093970311,-209.0
23125.21100219994,-233.0
23125.21106469677,-216.0
23125.2111271936,-195.0
23125.211189690435,-206.0
23125.211252187266,-218.0
23125.211314684097,-218.0
23125.211377180927,-210.0
23125.211439677758,-227.0
23125.211502174592,-238.0
23125.211564671423,-177.0
23125.211627168253,-162.0
23125.211689665084,-152.0
23125.211752161915,-125.0
23125.21181465875,-162.0
23125.21187715558,-153.0
23125.21193965241,-146.0
23125.21200214924,-167.0
23125.212064646075,-150.0
23125.212127142906,-142.0
23125.212189639737,-115.0
23125.212252136567,-97.0
23125.212314633398,-100.0
23125.212377130232,-86.0
23125.212439627063,-74.0
23125.212502123894,-73.0
23125.212564620724,-12.0
23125.212627117555,4.0
23125.21268961439,-19.0
23125.21275211122,-3.0
23125.21281460805,-40.0
23125.21287710488,-98.0
23125.21293960171,-116.0
23125.213002098546,-110.0
23125.213064595377,-115.0
23125.213127092207,-140.0
23125.213189589038,-132.0
23125.213252085872,-61.0
23125.213314582703,-69.0
23125.213377079534,-89.0
23125.213439576364,-84.0
23125.213502073195,-124.0
23125.21356457003,-89.0
23125.21362706686,-67.0
23125.21368956369,-49.0
23125.21375206052,-3.0
23125.21381455735,-7.0
23125.213877054186,-23.0
23125.213939551017,-33.0
23125.214002047847,-6.0
23125.214064544678,36.0
23125.21412704151,70.0
23125.214189538343,58.0
23125.214252035174,59.0
23125.214314532004,41.0
23125.214377028835,61.0
23125.21443952567,90.0
23125.2145020225,71.0
23125.21456451933,121.0
23125.21462701616,87.0
23125.21468951299,35.0
23125.214752009826,63.0
23125.214814506657,104.0
23125.214877003487,115.0
23125.214939500318,65.0
23125.21500199715,33.0
23125.215064493983,66.0
23125.215126990814,77.0
23125.215189487644,101.0
23125.215251984475,125.0
23125.215314481306,93.0
23125.21537697814,113.0
23125.21543947497,147.0
23125.2155019718,158.0
23125.21556446863,167.0
23125.215626965466,120.0
23125.215689462297,101.0
23125.215751959127,115.0
23125.215814455958,123.0
23125.21587695279,133.0
23125.215939449623,112.0
23125.216001946454,78.0
23125.216064443284,100.0
23125.216126940115,146.0
23125.216189436946,142.0
23125.21625193378,106.0
23125.21631443061,76.0
23125.21637692744,77.0
23125.21643942427,93.0
23125.216501921102,131.0
23125.216564417937,176.0
23125.216626914767,121.0
23125.216689411598,82.0
23125.21675190843,91.0
23125.216814405263,90.0
23125.216876902094,97.0
23125.216939398924,115.0
23125.217001895755,110.0
23125.217064392586,78.0
23125.21712688942,71.0
23125.21718938625,55.0
23125.21725188308,58.0
23125.217314379912,63.0
23125.217376876742,63.0
23125.217439373577,95.0
23125.217501870407,54.0
23125.217564367238,57.0
23125.21762686407,59.0
23125.2176893609,14.0
23125.217751857734,44.0
23125.217814354564,42.0
23125.217876851395,16.0
23125.217939348226,40.0
23125.21800184506,46.0
23125.21806434189,43.0
23125.21812683872,45.0
23125.218189335552,36.0
23125.218251832383,42.0
23125.218314329217,40.0
23125.218376826047,52.0
23125.218439322878,22.0
23125.21850181971,-20.0
23125.21856431654,52.0
23125.218626813374,42.0
23125.218689310204,9.0
23125.218751807035,-8.0
23125.218814303866,-28.0
23125.218876800696,21.0
23125.21893929753,30.0
23125.21900179436,14.0
23125.219064291192,19.0
23125.219126788023,6.0
23125.219189284857,17.0
23125.219251781687,35.0
23125.219314278518,36.0
23125.21937677535,23.0
23125.21943927218,-1.0
23125.219501769014,-10.0
23125.219564265844,50.0
23125.219626762675,48.0
23125.219689259506,-5.0
23125.219751756336,1.0
23125.21981425317,31.0
23125.21987675,23.0
23125.219939246832,10.0
23125.220001743663,17.0
23125.220064240493,19.0
23125.220126737328,25.0
23125.220189234158,22.0
23125.22025173099,6.0
23125.22031422782,10.0
23125.220376724654,23.0
23125.220439221484,6.0
23125.220501718315,-34.0
23125.220564215146,53.0
23125.220626711976,263.0
23125.22068920881,307.0
23125.22075170564,281.0
23125.220814202472,264.0
23125.220876699303,219.0
23125.220939196133,236.0
23125.221001692968,240.0
23125.2210641898,230.0
23125.22112668663,230.0
23125.22118918346,226.0
23125.22125168029,209.0
23125.221314177124,163.0
23125.221376673955,192.0
23125.221439170786,184.0
23125.221501667616,166.0
23125.22156416445,217.0
23125.22162666128,187.0
23125.221689158112,153.0
23125.221751654943,159.0
23125.221814151773,159.0
23125.221876648608,129.0
23125.22193914544,112.0
23125.22200164227,125.0
23125.2220641391,137.0
23125.22212663593,129.0
23125.222189132764,112.0
23125.222251629595,93.0
23125.222314126426,110.0
23125.222376623256,122.0
23125.222439120087,71.0
23125.22250161692,46.0
23125.222564113752,61.0
23125.222626610583,16.0
23125.222689107413,26.0
23125.222751604248,62.0
23125.22281410108,101.0
23125.22287659791,157.0
23125.22293909474,184.0
23125.22300159157,180.0
23125.223064088404,180.0
23125.223126585235,157.0
23125.223189082066,131.0
23125.223251578896,130.0
23125.223314075727,121.0
23125.22337657256,123.0
23125.223439069392,111.0
23125.223501566223,74.0
23125.223564063053,94.0
23125.223626559884,108.0
23125.22368905672,69.0
23125.22375155355,37.0
23125.22381405038,30.0
23125.22387654721,16.0
23125.223939044045,-9.0
23125.224001540875,-39.0
23125.224064037706,-61.0
23125.224126534536,-82.0
23125.224189031367,-131.0
23125.2242515282,-131.0
23125.224314025032,-119.0
23125.224376521863,-120.0
23125.224439018693,-107.0
23125.224501515524,-126.0
23125.22456401236,-118.0
23125.22462650919,-133.0
23125.22468900602,-135.0
23125.22475150285,-132.0
23125.22481399968,-152.0
23125.224876496515,-103.0
23125.224938993346,-88.0
23125.225001490177,-101.0
23125.225063987007,-112.0
23125.22512648384,-135.0
23125.225188980672,-143.0
23125.225251477503,-179.0
23125.225313974333,-178.0
23125.225376471164,-150.0
23125.225438968,-150.0
23125.22550146483,-139.0
23125.22556396166,-114.0
23125.22562645849,-145.0
23125.22568895532,-170.0
23125.225751452155,-163.0
23125.225813948986,-167.0
23125.225876445817,-169.0
23125.225938942647,-129.0
23125.226001439478,-130.0
23125.226063936312,-147.0
23125.226126433143,-124.0
23125.226188929973,-118.0
23125.226251426804,-102.0
23125.22631392364,-94.0
23125.22637642047,-123.0
23125.2264389173,-138.0
23125.22650141413,-150.0
23125.22656391096,-102.0
23125.226626407795,-99.0
23125.226688904626,-110.0
23125.226751401457,-104.0
23125.226813898287,-156.0
23125.226876395118,-137.0
23125.226938891952,-108.0
23125.227001388783,-82.0
23125.227063885613,-43.0
23125.227126382444,-68.0
23125.227188879275,-80.0
23125.22725137611,-53.0
23125.22731387294,-52.0
23125.22737636977,-70.0
23125.2274388666,-80.0
23125.227501363435,-79.0
23125.227563860266,-48.0
23125.227626357097,-47.0
23125.227688853927,-57.0
23125.227751350758,-49.0
23125.227813847592,-66.0
23125.227876344423,-82.0
23125.227938841253,-43.0
23125.228001338084,-42.0
23125.228063834915,-71.0
23125.22812633175,-52.0
23125.22818882858,-49.0
23125.22825132541,-44.0
23125.22831382224,-50.0
23125.22837631907,-48.0
23125.228438815906,-68.0
23125.228501312737,-93.0
23125.228563809567,-44.0
23125.228626306398,-36.0
23125.228688803232,-61.0
23125.228751300063,-62.0
23125.228813796894,-75.0
23125.228876293724,-92.0
23125.228938790555,-67.0
23125.22900128739,-34.0
23125.22906378422,-51.0
23125.22912628105,-63.0
23125.22918877788,-46.0
23125.22925127471,-52.0
23125.229313771546,-56.0
23125.229376268377,-29.0
23125.229438765207,-33.0
23125.229501262038,-33.0
23125.22956375887,-5.0
23125.229626255703,-34.0
23125.229688752534,-49.0
23125.229751249364,-29.0
23125.229813746195,-25.0
23125.22987624303,-18.0
23125.22993873986,-36.0
23125.23000123669,-46.0
23125.23006373352,-13.0
23125.23012623035,-8.0
23125.230188727186,0.0
23125.230251224017,14.0
23125.230313720847,-22.0
23125.230376217678,-17.0
23125.23043871451,-25.0
23125.230501211343,-13.0
23125.230563708174,24.0
23125.230626205004,-233.0
23125.230688701835,-383.0
23125.230751198666,-300.0
23125.2308136955,-263.0
23125.23087619233,-253.0
23125.23093868916,-245.0
23125.23100118599,-228.0
23125.231063682826,-207.0
23125.231126179657,-213.0
23125.231188676487,-222.0
23125.231251173318,-196.0
23125.23131367015,-168.0
23125.231376166983,-157.0
23125.231438663814,-176.0
23125.231501160644,-170.0
23125.231563657475,-121.0
23125.231626154306,-118.0
23125.23168865114,-133.0
23125.23175114797,-151.0
23125.2318136448,-162.0
23125.23187614163,-135.0
23125.231938638462,-126.0
23125.232001135297,-149.0
23125.232063632127,-187.0
23125.232126128958,-194.0
23125.23218862579,-152.0
23125.232251122623,-145.0
23125.232313619454,-146.0
23125.232376116284,-106.0
23125.232438613115,-68.0
23125.232501109946,-31.0
23125.23256360678,20.0
23125.23262610361,41.0
23125.23268860044,27.0
23125.232751097272,5.0
23125.232813594102,-18.0
23125.232876090937,-73.0
23125.232938587767,-120.0
23125.233001084598,-122.0
23125.23306358143,-136.0
23125.23312607826,-149.0
23125.233188575094,-129.0
23125.233251071924,-120.0
23125.233313568755,-122.0
23125.233376065586,-117.0
23125.23343856242,-119.0
23125.23350105925,-118.0
23125.23356355608,-100.0
23125.233626052912,-96.0
23125.233688549743,-101.0
23125.233751046577,-94.0
23125.233813543407,-55.0
23125.233876040238,-19.0
23125.23393853707,14.0
23125.2340010339,43.0
23125.234063530734,47.0
23125.234126027564,57.0
23125.234188524395,47.0
23125.234251021226,39.0
23125.234313518056,40.0
23125.23437601489,70.0
23125.23443851172,80.0
23125.234501008552,66.0
23125.234563505383,125.0
23125.234626002217,107.0
23125.234688499047,59.0
23125.234750995878,81.0
23125.23481349271,73.0
23125.23487598954,61.0
23125.234938486374,79.0
23125.235000983204,105.0
23125.235063480035,98.0
23125.235125976866,92.0
23125.235188473696,104.0
23125.23525097053,128.0
23125.23531346736,156.0
23125.235375964192,189.0
23125.235438461023,149.0
23125.235500957853,73.0
23125.235563454688,147.0
23125.235625951518,149.0
23125.23568844835,110.0
23125.23575094518,165.0
23125.235813442014,152.0
23125.235875938844,125.0
23125.235938435675,110.0
23125.236000932506,109.0
23125.236063429336,129.0
23125.23612592617,115.0
23125.236188423,107.0
23125.236250919832,94.0
23125.236313416663,67.0
23125.236375913493,94.0
23125.236438410328,121.0
23125.23650090716,63.0
23125.23656340399,58.0
23125.23662590082,62.0
23125.23668839765,62.0
23125.236750894484,125.0
23125.236813391315,154.0
23125.236875888146,96.0
23125.236938384976,57.0
23125.23700088181,99.0
23125.23706337864,117.0
23125.237125875472,105.0
23125.237188372303,96.0
23125.237250869133,81.0
23125.237313365968,64.0
23125.2373758628,59.0
23125.23743835963,40.0
23125.23750085646,39.0
23125.23756335329,72.0
23125.237625850124,40.0
23125.237688346955,29.0
23125.237750843786,41.0
23125.237813340616,44.0
23125.237875837447,40.0
23125.23793833428,41.0
23125.238000831112,40.0
23125.238063327943,35.0
23125.238125824773,53.0
23125.238188321608,58.0
23125.23825081844,58.0
23125.23831331527,44.0
23125.2383758121,39.0
23125.23843830893,27.0
23125.238500805764,19.0
23125.238563302595,99.0
23125.238625799426,92.0
23125.238688296256,48.0
23125.238750793087,70.0
23125.23881328992,52.0
23125.238875786752,23.0
23125.238938283583,52.0
23125.239000780413,54.0
23125.239063277244,44.0
23125.23912577408,35.0
23125.23918827091,43.0
23125.23925076774,38.0
23125.23931326457,27.0
23125.239375761405,40.0
23125.239438258235,36.0
23125.239500755066,9.0
23125.239563251896,44.0
23125.239625748727,55.0
23125.23968824556,26.0
23125.239750742392,18.0
23125.239813239223,31.0
23125.239875736053,36.0
23125.239938232884,17.0
23125.24000072972,20.0
23125.24006322655,28.0
23125.24012572338,16.0
23125.24018822021,5.0
23125.24025071704,31.0
23125.240313213875,36.0
23125.240375710706,15.0
23125.240438207536,32.0
23125.240500704367,-17.0
23125.2405632012,68.0
23125.240625698032,332.0
23125.240688194863,357.0
23125.240750691693,302.0
23125.240813188524,306.0
23125.24087568536,257.0
23125.24093818219,215.0
23125.24100067902,212.0
23125.24106317585,213.0
23125.24112567268,184.0
23125.241188169515,204.0
23125.241250666346,244.0
23125.241313163177,201.0
23125.241375660007,228.0
23125.241438156838,257.0
23125.241500653672,207.0
23125.241563150503,257.0
23125.241625647333,266.0
23125.241688144164,233.0
23125.241750641,265.0
23125.24181313783,245.0
23125.24187563466,197.0
23125.24193813149,203.0
23125.24200062832,190.0
23125.242063125155,187.0
23125.242125621986,196.0
23125.242188118817,178.0
23125.242250615647,157.0
23125.242313112478,148.0
23125.242375609312,149.0
23125.242438106143,123.0
23125.242500602973,82.0
23125.242563099804,94.0
23125.242625596635,54.0
23125.24268809347,60.0
23125.2427505903,92.0
23125.24281308713,102.0
23125.24287558396,142.0
23125.242938080795,162.0
23125.243000577626,172.0
23125.243063074457,161.0
23125.243125571287,172.0
23125.243188068118,162.0
23125.243250564952,154.0
23125.243313061783,159.0
23125.243375558613,189.0
23125.243438055444,166.0
23125.243500552275,121.0
23125.24356304911,201.0
23125.24362554594,170.0
23125.24368804277,127.0
23125.2437505396,122.0
23125.24381303643,80.0
23125.243875533266,70.0
23125.243938030097,52.0
23125.244000526927,42.0
23125.244063023758,23.0
23125.244125520592,11.0
23125.244188017423,9.0
23125.244250514254,-3.0
23125.244313011084,-29.0
23125.244375507915,-46.0
23125.24443800475,-60.0
23125.24450050158,-85.0
23125.24456299841,-41.0
23125.24462549524,-63.0
23125.24468799207,-90.0
23125.244750488906,-71.0
23125.244812985737,-80.0
23125.244875482567,-97.0
23125.244937979398,-81.0
23125.24500047623,-68.0
23125.245062973063,-100.0
23125.245125469894,-86.0
23125.245187966724,-72.0
23125.245250463555,-102.0
23125.24531296039,-101.0
23125.24537545722,-103.0
23125.24543795405,-122.0
23125.24550045088,-128.0
23125.24556294771,-99.0
23125.245625444546,-100.0
23125.245687941377,-139.0
23125.245750438207,-127.0
23125.245812935038,-106.0
23125.24587543187,-115.0
23125.245937928703,-100.0
23125.246000425534,-88.0
23125.246062922364,-82.0
23125.246125419195,-102.0
23125.246187916026,-126.0
23125.24625041286,-104.0
23125.24631290969,-87.0
23125.24637540652,-72.0
23125.24643790335,-70.0
23125.246500400186,-96.0
23125.246562897017,-63.0
23125.246625393847,-70.0
23125.246687890678,-106.0
23125.24675038751,-96.0
23125.246812884343,-69.0
23125.246875381174,-19.0
23125.246937878004,-22.0
23125.247000374835,-73.0
23125.247062871666,-76.0
23125.2471253685,-36.0
23125.24718786533,-5.0
23125.24725036216,-28.0
23125.24731285899,-39.0
23125.247375355822,-19.0
23125.247437852657,-39.0
23125.247500349487,-77.0
23125.247562846318,-17.0
23125.24762534315,25.0
23125.247687839983,1.0
23125.247750336814,-4.0
23125.247812833644,-8.0
23125.247875330475,-6.0
23125.247937827306,-21.0
23125.24800032414,-8.0
23125.24806282097,1.0
23125.2481253178,-7.0
23125.248187814632,4.0
23125.248250311462,18.0
23125.248312808297,38.0
23125.248375305127,24.0
23125.248437801958,-1.0
23125.24850029879,-16.0
23125.24856279562,33.0
23125.248625292454,25.0
23125.248687789284,4.0
23125.248750286115,36.0
23125.248812782946,23.0
23125.24887527978,-3.0
23125.24893777661,-12.0
23125.24900027344,1.0
23125.249062770272,-8.0
23125.249125267102,1.0
23125.249187763937,32.0
23125.249250260767,11.0
23125.249312757598,-12.0
23125.24937525443,8.0
23125.24943775126,9.0
23125.249500248094,-22.0
23125.249562744924,21.0
23125.249625241755,34.0
23125.249687738586,-4.0
23125.249750235416,-7.0
23125.24981273225,3.0
23125.24987522908,-1.0
23125.249937725912,-17.0
23125.250000222743,-9.0
23125.250062719577,10.0
23125.250125216407,9.0
23125.250187713238,18.0
23125.25025021007,-3.0
23125.2503127069,-18.0
23125.250375203734,2.0
23125.250437700564,-28.0
23125.250500197395,-19.0
23125.250562694226,-22.0
23125.250625191056,-256.0
23125.25068768789,-321.0
23125.25075018472,-264.0
23125.250812681552,-292.0
23125.250875178383,-216.0
23125.250937675213,-215.0
23125.251000172047,-252.0
23125.251062668878,-205.0
23125.25112516571,-224.0
23125.25118766254,-221.0
23125.251250159374,-211.0
23125.251312656204,-225.0
23125.251375153035,-232.0
23125.251437649866,-233.0
23125.251500146696,-211.0
23125.25156264353,-201.0
23125.25162514036,-195.0
23125.251687637192,-196.0
23125.251750134023,-170.0
23125.251812630853,-147.0
23125.251875127688,-164.0
23125.251937624518,-139.0
23125.25200012135,-143.0
23125.25206261818,-147.0
23125.25212511501,-133.0
23125.252187611844,-116.0
23125.252250108675,-112.0
23125.252312605506,-163.0
23125.252375102336,-106.0
23125.25243759917,-83.0
23125.252500096,-76.0
23125.252562592832,14.0
23125.252625089663,-10.0
23125.252687586493,-30.0
23125.252750083328,-13.0
23125.25281258016,-87.0
23125.25287507699,-136.0
23125.25293757382,-132.0
23125.25300007065,-145.0
23125.253062567484,-154.0
23125.253125064315,-134.0
23125.253187561146,-114.0
23125.253250057976,-123.0
23125.253312554807,-121.0
23125.25337505164,-126.0
23125.253437548472,-142.0
23125.253500045303,-173.0
23125.253562542133,-123.0
23125.253625038968,-106.0
23125.2536875358,-120.0
23125.25375003263,-83.0
23125.25381252946,-85.0
23125.25387502629,-92.0
23125.253937523124,-59.0
23125.254000019955,-13.0
23125.254062516786,10.0
23125.254125013616,47.0
23125.254187510447,73.0
23125.25425000728,82.0
23125.254312504112,81.0
23125.254375000943,60.0
23125.254437497773,153.0
23125.254499994604,-137.0
23125.25456249144,243.0
23125.25462498827,-236.0
23125.2546874851,-1611.0
23125.25474998193,1739.0
23125.254812478765,1760.0
23125.254874975595,-2041.0
23125.254937472426,-391.0
23125.254999969256,1727.0
23125.255062466087,-331.0
23125.25512496292,-886.0
23125.255187459752,934.0
23125.255249956583,87.0
23125.255312453413,-497.0
23125.255374950244,492.0
23125.25543744708,164.0
23125.25549994391,-178.0
23125.25556244074,294.0
23125.25562493757,207.0
23125.2556874344,-24.0
23125.255749931235,144.0
23125.255812428066,83.0
23125.255874924896,42.0
23125.255937421727,163.0
23125.25599991856,88.0
23125.256062415392,57.0
23125.256124912223,130.0
23125.256187409053,29.0
23125.256249905884,2.0
23125.25631240272,97.0
23125.25637489955,53.0
23125.25643739638,35.0
23125.25649989321,133.0
23125.25656239004,139.0
23125.256624886875,69.0
23125.256687383706,111.0
23125.256749880537,113.0
23125.256812377367,61.0
23125.256874874198,114.0
23125.256937371032,116.0
23125.256999867863,48.0
23125.257062364693,69.0
23125.257124861524,78.0
23125.25718735836,49.0
23125.25724985519,89.0
23125.25731235202,101.0
23125.25737484885,66.0
23125.25743734568,55.0
23125.257499842515,40.0
23125.257562339346,49.0
23125.257624836177,62.0
23125.257687333007,56.0
23125.257749829838,42.0
23125.257812326672,43.0
23125.257874823503,74.0
23125.257937320333,65.0
23125.257999817164,60.0
23125.258062313995,100.0
23125.25812481083,81.0
23125.25818730766,49.0
23125.25824980449,79.0
23125.25831230132,63.0
23125.258374798155,45.0
23125.258437294986,32.0
23125.258499791817,7.0
23125.258562288647,77.0
23125.258624785478,71.0
23125.258687282312,59.0
23125.258749779143,52.0
23125.258812275973,26.0
23125.258874772804,33.0
23125.258937269635,52.0
23125.25899976647,59.0
23125.2590622633,41.0
23125.25912476013,47.0
23125.25918725696,18.0
23125.25924975379,25.0
23125.259312250626,31.0
23125.259374747457,24.0
23125.259437244287,18.0
23125.259499741118,-6.0
23125.259562237952,53.0
23125.259624734783,44.0
23125.259687231613,9.0
23125.259749728444,20.0
23125.259812225275,8.0
23125.25987472211,-9.0
23125.25993721894,-13.0
23125.25999971577,-5.0
23125.2600622126,-14.0
23125.26012470943,-21.0
23125.260187206266,-15.0
23125.260249703097,-15.0
23125.260312199927,-29.0
23125.260374696758,-39.0
23125.26043719359,-22.0
23125.260499690423,-74.0
23125.260562187254,21.0
23125.260624684084,276.0
23125.260687180915,266.0
23125.26074967775,180.0
23125.26081217458,192.0
23125.26087467141,199.0
23125.26093716824,204.0
23125.26099966507,219.0
23125.261062161906,222.0
23125.261124658737,165.0
23125.261187155567,149.0
23125.261249652398,163.0
23125.26131214923,106.0
23125.261374646063,157.0
23125.261437142894,183.0
23125.261499639724,178.0
23125.261562136555,251.0
23125.261624633386,218.0
23125.26168713022,189.0
23125.26174962705,173.0
23125.26181212388,126.0
23125.26187462071,90.0
23125.261937117546,110.0
23125.261999614377,106.0
23125.262062111207,92.0
23125.262124608038,166.0
23125.26218710487,119.0
23125.262249601703,111.0
23125.262312098534,140.0
23125.262374595364,93.0
23125.262437092195,62.0
23125.262499589026,13.0
23125.26256208586,19.0
23125.26262458269,2.0
23125.26268707952,-6.0
23125.26274957635,7.0
23125.262812073182,66.0
23125.262874570017,99.0
23125.262937066847,97.0
23125.262999563678,111.0
23125.26306206051,119.0
23125.263124557343,141.0
23125.263187054174,136.0
23125.263249551004,125.0
23125.263312047835,124.0
23125.263374544666,149.0
23125.2634370415,140.0
23125.26349953833,98.0
23125.26356203516,141.0
23125.26362453199,103.0
23125.263687028822,78.0
23125.263749525657,82.0
23125.263812022487,39.0
23125.263874519318,12.0
23125.26393701615,-41.0
23125.26399951298,-40.0
23125.264062009814,-63.0
23125.264124506644,-97.0
23125.264187003475,-76.0
23125.264249500306,-72.0
23125.26431199714,-95.0
23125.26437449397,-79.0
23125.2644369908,-76.0
23125.264499487632,-131.0
23125.264561984462,-75.0
23125.264624481297,-53.0
23125.264686978127,-122.0
23125.264749474958,-96.0
23125.26481197179,-56.0
23125.26487446862,-89.0
23125.264936965454,-88.0
23125.264999462284,-82.0
23125.265061959115,-58.0
23125.265124455946,-87.0
23125.265186952776,-94.0
23125.26524944961,-60.0
23125.26531194644,-97.0
23125.265374443272,-119.0
23125.265436940103,-120.0
23125.265499436937,-123.0
23125.265561933767,-92.0
23125.265624430598,-72.0
23125.26568692743,-89.0
23125.26574942426,-96.0
23125.265811921094,-76.0
23125.265874417924,-75.0
23125.265936914755,-71.0
23125.265999411586,-42.0
23125.266061908416,-34.0
23125.26612440525,-47.0
23125.26618690208,-52.0
23125.266249398912,-73.0
23125.266311895743,-103.0
23125.266374392573,-59.0
23125.266436889407,-65.0
23125.266499386238,-126.0
23125.26656188307,-48.0
23125.2666243799,-45.0
23125.266686876734,-69.0
23125.266749373564,-53.0
23125.266811870395,-76.0
23125.266874367226,-56.0
23125.266936864056,-48.0
23125.26699936089,-63.0
23125.26706185772,-51.0
23125.267124354552,-53.0
23125.267186851383,-36.0
23125.267249348213,-16.0
23125.267311845048,-40.0
23125.267374341878,-22.0
23125.26743683871,-17.0
23125.26749933554,-42.0
23125.26756183237,-4.0
23125.267624329204,-1.0
23125.267686826035,-56.0
23125.267749322866,-55.0
23125.267811819696,-44.0
23125.26787431653,-41.0
23125.26793681336,-44.0
23125.267999310192,-35.0
23125.268061807023,-31.0
23125.268124303853,-35.0
23125.268186800688,-32.0
23125.26824929752,-27.0
23125.26831179435,-46.0
23125.26837429118,-54.0
23125.26843678801,-36.0
23125.268499284844,-46.0
23125.268561781675,-20.0
23125.268624278506,-32.0
23125.268686775336,-53.0
23125.268749272167,-39.0
23125.268811769,-36.0
23125.268874265832,-59.0
23125.268936762663,-60.0
23125.268999259493,-39.0
23125.269061756328,-54.0
23125.26912425316,-45.0
23125.26918674999,-29.0
23125.26924924682,-45.0
23125.26931174365,-53.0
23125.269374240484,-52.0
23125.269436737315,-42.0
23125.269499234146,-39.0
23125.269561730976,-50.0
23125.269624227807,-40.0
23125.26968672464,-21.0
23125.269749221472,-57.0
23125.269811718303,-66.0
23125.269874215133,-30.0
23125.269936711964,-36.0
23125.2699992088,-42.0
23125.27006170563,-19.0
23125.27012420246,-7.0
23125.27018669929,-45.0
23125.270249196124,-29.0
23125.270311692955,-4.0
23125.270374189786,9.0
23125.270436686616,-11.0
23125.270499183447,-16.0
23125.27056168028,15.0
23125.270624177112,-240.0
23125.270686673943,-339.0
23125.270749170773,-259.0
23125.270811667604,-294.0
23125.27087416444,-271.0
23125.27093666127,-259.0
23125.2709991581,-300.0
23125.27106165493,-265.0
23125.27112415176,-188.0
23125.271186648595,-188.0
23125.271249145426,-175.0
23125.271311642256,-155.0
23125.271374139087,-170.0
23125.27143663592,-194.0
23125.271499132752,-202.0
23125.271561629583,-143.0
23125.271624126413,-158.0
23125.271686623244,-185.0
23125.27174912008,-166.0
23125.27181161691,-153.0
23125.27187411374,-127.0
23125.27193661057,-135.0
23125.2719991074,-135.0
23125.272061604235,-110.0
23125.272124101066,-54.0
23125.272186597897,-18.0
23125.272249094727,-36.0
23125.272311591558,-50.0
23125.272374088392,-42.0
23125.272436585223,-17.0
23125.272499082053,-3.0
23125.272561578884,46.0
23125.27262407572,55.0
23125.27268657255,6.0
23125.27274906938,-14.0
23125.27281156621,-31.0
23125.27287406304,-73.0
23125.272936559875,-111.0
23125.272999056706,-108.0
23125.273061553537,-112.0
23125.273124050367,-120.0
23125.273186547198,-109.0
23125.273249044032,-91.0
23125.273311540863,-80.0
23125.273374037693,-95.0
23125.273436534524,-99.0
23125.273499031355,-102.0
23125.27356152819,-90.0
23125.27362402502,-67.0
23125.27368652185,-61.0
23125.27374901868,-57.0
23125.273811515515,-33.0
23125.273874012346,-8.0
23125.273936509177,10.0
23125.273999006007,35.0
23125.274061502838,47.0
23125.274123999672,80.0
23125.274186496503,101.0
23125.274248993333,139.0
23125.274311490164,150.0
23125.274373986995,115.0
23125.27443648383,141.0
23125.27449898066,142.0
23125.27456147749,180.0
23125.27462397432,196.0
23125.27468647115,126.0
23125.274748967986,141.0
23125.274811464817,170.0
23125.274873961647,158.0
23125.274936458478,164.0
23125.274998955312,149.0
23125.275061452143,181.0
23125.275123948973,203.0
23125.275186445804,166.0
23125.275248942635,171.0
23125.27531143947,174.0
23125.2753739363,171.0
23125.27543643313,150.0
23125.27549892996,130.0
23125.27556142679,202.0
23125.275623923626,203.0
23125.275686420457,173.0
23125.275748917287,191.0
23125.275811414118,214.0
23125.27587391095,212.0
23125.275936407783,219.0
23125.275998904614,209.0
23125.276061401444,174.0
23125.276123898275,164.0
23125.27618639511,139.0
23125.27624889194,134.0
23125.27631138877,140.0
23125.2763738856,170.0
23125.27643638243,194.0
23125.276498879266,184.0
23125.276561376097,225.0
23125.276623872927,216.0
23125.276686369758,184.0
23125.27674886659,187.0
23125.276811363423,146.0
23125.276873860254,105.0
23125.276936357084,122.0
23125.276998853915,145.0
23125.277061350745,164.0
23125.27712384758,179.0
23125.27718634441,161.0
23125.27724884124,141.0
23125.27731133807,138.0
23125.277373834906,147.0
23125.277436331737,131.0
23125.277498828567,98.0
23125.277561325398,131.0
23125.27762382223,108.0
23125.277686319063,70.0
23125.277748815894,113.0
23125.277811312724,134.0
23125.277873809555,129.0
23125.277936306386,127.0
23125.27799880322,111.0
23125.27806130005,110.0
23125.27812379688,110.0
23125.27818629371,88.0
23125.278248790542,82.0
23125.278311287377,74.0
23125.278373784207,70.0
23125.278436281038,69.0
23125.27849877787,47.0
23125.278561274703,98.0
23125.278623771534,88.0
23125.278686268364,46.0
23125.278748765195,69.0
23125.278811262026,58.0
23125.27887375886,55.0
23125.27893625569,43.0
23125.27899875252,50.0
23125.27906124935,63.0
23125.279123746182,50.0
23125.279186243017,49.0
23125.279248739847,65.0
23125.279311236678,77.0
23125.27937373351,76.0
23125.27943623034,40.0
23125.279498727174,27.0
23125.279561224004,95.0
23125.279623720835,62.0
23125.279686217666,20.0
23125.2797487145,41.0
23125.27981121133,44.0
23125.27987370816,26.0
23125.279936204992,31.0
23125.279998701822,58.0
23125.280061198657,62.0
23125.280123695487,47.0
23125.280186192318,26.0
23125.28024868915,45.0
23125.28031118598,36.0
23125.280373682814,-9.0
23125.280436179644,26.0
23125.280498676475,-5.0
23125.280561173306,92.0
23125.280623670136,347.0
23125.28068616697,317.0
23125.2807486638,258.0
23125.280811160632,313.0
23125.280873657463,287.0
23125.280936154297,208.0
23125.280998651127,197.0
23125.281061147958,212.0
23125.28112364479,196.0
23125.28118614162,211.0
23125.281248638454,225.0
23125.281311135284,171.0
23125.281373632115,161.0
23125.281436128946,139.0
23125.281498625776,130.0
23125.28156112261,199.0
23125.28162361944,191.0
23125.281686116272,176.0
23125.281748613103,147.0
23125.281811109933,135.0
23125.281873606767,128.0
23125.281936103598,120.0
23125.28199860043,141.0
23125.28206109726,144.0
23125.282123594094,165.0
23125.282186090924,139.0
23125.282248587755,77.0
23125.282311084586,60.0
23125.282373581416,80.0
23125.28243607825,72.0
23125.28249857508,34.0
23125.282561071912,65.0
23125.282623568743,53.0
23125.282686065573,-9.0
23125.282748562408,-3.0
23125.282811059238,24.0
23125.28287355607,81.0
23125.2829360529,114.0
23125.28299854973,107.0
23125.283061046564,135.0
23125.283123543395,155.0
23125.283186040226,139.0
23125.283248537056,150.0
23125.28331103389,144.0
23125.28337353072,110.0
23125.283436027552,78.0
23125.283498524383,80.0
23125.283561021213,135.0
23125.283623518048,119.0
23125.28368601488,97.0
23125.28374851171,87.0
23125.28381100854,55.0
23125.28387350537,39.0
23125.283936002204,29.0
23125.283998499035,-4.0
23125.284060995866,-26.0
23125.284123492696,-41.0
23125.284185989527,-90.0
23125.28424848636,-73.0
23125.284310983192,-90.0
23125.284373480023,-124.0
23125.284435976853,-129.0
23125.284498473688,-138.0
23125.28456097052,-67.0
23125.28462346735,-74.0
23125.28468596418,-107.0
23125.28474846101,-56.0
23125.284810957844,-82.0
23125.284873454675,-89.0
23125.284935951506,-71.0
23125.284998448336,-77.0
23125.285060945167,-60.0
23125.285123442,-87.0
23125.285185938832,-95.0
23125.285248435663,-93.0
23125.285310932493,-124.0
23125.285373429324,-129.0
23125.28543592616,-140.0
23125.28549842299,-158.0
23125.28556091982,-117.0
23125.28562341665,-120.0
23125.285685913484,-159.0
23125.285748410315,-160.0
23125.285810907146,-153.0
23125.285873403976,-182.0
23125.285935900807,-166.0
23125.28599839764,-138.0
23125.286060894472,-146.0
23125.286123391303,-141.0
23125.286185888133,-155.0
23125.286248384964,-160.0
23125.2863108818,-146.0
23125.28637337863,-154.0
23125.28643587546,-174.0
23125.28649837229,-181.0
23125.28656086912,-154.0
23125.286623365955,-159.0
23125.286685862786,-165.0
23125.286748359616,-163.0
23125.286810856447,-163.0
23125.28687335328,-127.0
23125.286935850112,-117.0
23125.286998346943,-111.0
23125.287060843773,-105.0
23125.287123340604,-117.0
23125.28718583744,-113.0
23125.28724833427,-109.0
23125.2873108311,-103.0
23125.28737332793,-83.0
23125.28743582476,-108.0
23125.287498321595,-126.0
23125.287560818426,-73.0
23125.287623315256,-60.0
23125.287685812087,-84.0
23125.287748308918,-72.0
23125.287810805752,-73.0
23125.287873302583,-75.0
23125.287935799413,-70.0
23125.287998296244,-76.0
23125.28806079308,-80.0
23125.28812328991,-88.0
23125.28818578674,-85.0
23125.28824828357,-72.0
23125.2883107804,-98.0
23125.288373277235,-82.0
23125.288435774066,-60.0
23125.288498270897,-101.0
23125.288560767727,-72.0
23125.288623264558,-61.0
23125.288685761392,-50.0
23125.288748258223,-37.0
23125.288810755053,-58.0
23125.288873251884,-56.0
23125.288935748715,-56.0
23125.28899824555,-52.0
23125.28906074238,-44.0
23125.28912323921,-32.0
23125.28918573604,-33.0
23125.289248232875,-50.0
23125.289310729706,-87.0
23125.289373226537,-60.0
23125.289435723367,-45.0
23125.289498220198,-83.0
23125.289560717032,-68.0
23125.289623213863,-69.0
23125.289685710693,-71.0
23125.289748207524,-64.0
23125.289810704355,-76.0
23125.28987320119,-52.0
23125.28993569802,-65.0
23125.28999819485,-74.0
23125.29006069168,-54.0
23125.29012318851,-73.0
23125.290185685346,-68.0
23125.290248182177,-32.0
23125.290310679007,-166.0
23125.290373175838,-227.0
23125.290435672672,43.0
23125.290498169503,35.0
23125.290560666333,-132.0
23125.290623163164,-368.0
23125.290685659995,-566.0
23125.29074815683,-412.0
23125.29081065366,-187.0
23125.29087315049,-280.0
23125.29093564732,-380.0
23125.29099814415,-338.0
23125.291060640986,-343.0
23125.291123137817,-251.0
23125.291185634647,-186.0
23125.291248131478,-258.0
23125.29131062831,-318.0
23125.291373125143,-306.0
23125.291435621974,-274.0
23125.291498118804,-247.0
23125.291560615635,-191.0
23125.29162311247,-186.0
23125.2916856093,-244.0
23125.29174810613,-253.0
23125.29181060296,-220.0
23125.29187309979,-233.0
23125.291935596626,-237.0
23125.291998093457,-201.0
23125.292060590287,-208.0
23125.292123087118,-178.0
23125.29218558395,-129.0
23125.292248080783,-125.0
23125.292310577614,-134.0
23125.292373074444,-150.0
23125.292435571275,-156.0
23125.292498068105,-112.0
23125.29256056494,-40.0
23125.29262306177,-30.0
23125.2926855586,-22.0
23125.29274805543,0.0
23125.292810552266,-59.0
23125.292873049097,-102.0
23125.292935545927,-86.0
23125.292998042758,-111.0
23125.29306053959,-130.0
23125.293123036423,-142.0
23125.293185533254,-143.0
23125.293248030084,-144.0
23125.293310526915,-138.0
23125.293373023746,-95.0
23125.29343552058,-118.0
23125.29349801741,-104.0
23125.29356051424,-37.0
23125.29362301107,-42.0
23125.293685507902,-22.0
23125.293748004737,-12.0
23125.293810501567,-19.0
23125.293872998398,12.0
23125.29393549523,37.0
23125.293997992063,41.0
23125.294060488894,45.0
23125.294122985724,44.0
23125.294185482555,42.0
23125.294247979386,59.0
23125.29431047622,76.0
23125.29437297305,91.0
23125.29443546988,83.0
23125.29449796671,66.0
23125.294560463542,97.0
23125.294622960377,82.0
23125.294685457207,58.0
23125.294747954038,43.0
23125.29481045087,13.0
23125.2948729477,25.0
23125.294935444534,37.0
23125.294997941364,36.0
23125.295060438195,49.0
23125.295122935026,51.0
23125.29518543186,75.0
23125.29524792869,105.0
23125.29531042552,86.0
23125.29537292235,104.0
23125.295435419182,115.0
23125.295497916017,88.0
23125.295560412847,117.0
23125.295622909678,104.0
23125.29568540651,77.0
23125.29574790334,84.0
23125.295810400174,78.0
23125.295872897004,91.0
23125.295935393835,83.0
23125.295997890666,64.0
23125.296060387496,74.0
23125.29612288433,100.0
23125.29618538116,102.0
23125.296247877992,86.0
23125.296310374822,47.0
23125.296372871657,49.0
23125.296435368487,48.0
23125.296497865318,11.0
23125.29656036215,71.0
23125.29662285898,96.0
23125.296685355814,48.0
23125.296747852644,51.0
23125.296810349475,62.0
23125.296872846306,18.0
23125.296935343136,8.0
23125.29699783997,54.0
23125.2970603368,58.0
23125.297122833632,37.0
23125.297185330463,40.0
23125.297247827293,22.0
23125.297310324127,18.0
23125.297372820958,55.0
23125.29743531779,53.0
23125.29749781462,16.0
23125.297560311454,68.0
23125.297622808284,88.0
23125.297685305115,43.0
23125.297747801946,44.0
23125.297810298776,47.0
23125.29787279561,38.0
23125.29793529244,35.0
23125.297997789272,39.0
23125.298060286103,19.0
23125.298122782933,17.0
23125.298185279767,31.0
23125.298247776598,22.0
23125.29831027343,34.0
23125.29837277026,28.0
23125.29843526709,7.0
23125.298497763924,1.0
23125.298560260755,45.0
23125.298622757586,30.0
23125.298685254416,-8.0
23125.29874775125,32.0
23125.29881024808,56.0
23125.298872744912,36.0
23125.298935241743,51.0
23125.298997738573,61.0
23125.299060235408,39.0
23125.299122732238,56.0
23125.29918522907,59.0
23125.2992477259,59.0
23125.29931022273,59.0
23125.299372719564,68.0
23125.299435216395,73.0
23125.299497713226,49.0
23125.299560210056,88.0
23125.299622706887,90.0
23125.29968520372,65.0
23125.299747700552,37.0
23125.299810197383,23.0
23125.299872694213,35.0
23125.299935191048,21.0
23125.29999768788,12.0
23125.30006018471,23.0
23125.30012268154,57.0
23125.30018517837,36.0
23125.300247675204,31.0
23125.300310172035,44.0
23125.300372668866,46.0
23125.300435165696,49.0
23125.300497662527,-22.0
23125.30056015936,88.0
23125.300622656192,359.0
23125.300685153023,352.0
23125.300747649853,259.0
23125.300810146684,254.0
23125.30087264352,221.0
23125.30093514035,223.0
23125.30099763718,246.0
23125.30106013401,228.0
23125.301122630844,163.0
23125.301185127675,168.0
23125.301247624506,224.0
23125.301310121336,189.0
23125.301372618167,180.0
23125.301435115,176.0
23125.301497611832,126.0
23125.301560108663,186.0
23125.301622605493,239.0
23125.301685102324,185.0
23125.30174759916,121.0
23125.30181009599,124.0
23125.30187259282,149.0
23125.30193508965,148.0
23125.30199758648,151.0
23125.302060083315,159.0
23125.302122580146,123.0
23125.302185076976,108.0
23125.302247573807,149.0
23125.30231007064,153.0
23125.302372567472,128.0
23125.302435064303,63.0
23125.302497561133,-30.0
23125.302560057964,-14.0
23125.3026225548,27.0
23125.30268505163,45.0
23125.30274754846,47.0
23125.30281004529,69.0
23125.30287254212,93.0
23125.302935038955,76.0
23125.302997535786,92.0
23125.303060032616,141.0
23125.303122529447,123.0
23125.303185026278,111.0
23125.303247523112,97.0
23125.303310019943,47.0
23125.303372516773,41.0
23125.303435013604,64.0
23125.30349751044,113.0
23125.30356000727,164.0
23125.3036225041,109.0
23125.30368500093,67.0
23125.30374749776,38.0
23125.303809994595,-4.0
23125.303872491426,18.0
23125.303934988257,19.0
23125.303997485087,-5.0
23125.304059981918,-13.0
23125.304122478752,-18.0
23125.304184975583,-26.0
23125.304247472413,-58.0
23125.304309969244,-96.0
23125.304372466075,-95.0
23125.30443496291,-87.0
23125.30449745974,-87.0
23125.30455995657,-31.0
23125.3046224534,-32.0
23125.304684950235,-33.0
23125.304747447066,-27.0
23125.304809943897,-73.0
23125.304872440727,-73.0
23125.304934937558,-70.0
23125.304997434392,-82.0
23125.305059931223,-100.0
23125.305122428053,-110.0
23125.305184924884,-76.0
23125.305247421715,-74.0
23125.30530991855,-113.0
23125.30537241538,-97.0
23125.30543491221,-97.0
23125.30549740904,-113.0
23125.30555990587,-76.0
23125.305622402706,-94.0
23125.305684899537,-131.0
23125.305747396367,-105.0
23125.305809893198,-106.0
23125.305872390032,-138.0
23125.305934886863,-104.0
23125.305997383693,-67.0
23125.306059880524,-70.0
23125.306122377355,-48.0
23125.30618487419,-18.0
23125.30624737102,-30.0
23125.30630986785,-60.0
23125.30637236468,-62.0
23125.30643486151,-62.0
23125.306497358346,-58.0
23125.306559855177,-29.0
23125.306622352007,-63.0
23125.306684848838,-67.0
23125.30674734567,-60.0
23125.306809842503,-57.0
23125.306872339333,-43.0
23125.306934836164,-34.0
23125.306997332995,-18.0
23125.30705982983,-21.0
23125.30712232666,-28.0
23125.30718482349,-30.0
23125.30724732032,-24.0
23125.30730981715,-20.0
23125.307372313986,-10.0
23125.307434810817,-10.0
23125.307497307647,-35.0
23125.307559804478,-2.0
23125.30762230131,12.0
23125.307684798143,-7.0
23125.307747294974,0.0
23125.307809791804,-12.0
23125.307872288635,4.0
23125.307934785465,7.0
23125.3079972823,-18.0
23125.30805977913,-16.0
23125.30812227596,5.0
23125.30818477279,-5.0
23125.308247269626,-37.0
23125.308309766457,-36.0
23125.308372263287,-26.0
23125.308434760118,-41.0
23125.30849725695,-62.0
23125.308559753783,-29.0
23125.308622250614,-25.0
23125.308684747444,-43.0
23125.308747244275,-22.0
23125.308809741106,-2.0
23125.30887223794,-13.0
23125.30893473477,-40.0
23125.3089972316,4.0
23125.30905972843,5.0
23125.309122225262,-64.0
23125.309184722097,-51.0
23125.309247218927,-14.0
23125.309309715758,-14.0
23125.30937221259,-37.0
23125.309434709423,-52.0
23125.309497206254,-69.0
23125.309559703084,-49.0
23125.309622199915,-33.0
23125.309684696746,-56.0
23125.30974719358,-76.0
23125.30980969041,-77.0
23125.30987218724,-78.0
23125.30993468407,-67.0
23125.309997180902,-61.0
23125.310059677737,-79.0
23125.310122174567,-72.0
23125.310184671398,-64.0
23125.31024716823,-51.0
23125.31030966506,-66.0
23125.310372161894,-73.0
23125.310434658724,-85.0
23125.310497155555,-68.0
23125.310559652386,-116.0
23125.31062214922,-388.0
23125.31068464605,-421.0
23125.31074714288,-374.0
23125.31080963971,-396.0
23125.310872136542,-334.0
23125.310934633377,-309.0
23125.310997130207,-273.0
23125.311059627038,-252.0
23125.31112212387,-236.0
23125.3111846207,-237.0
23125.311247117534,-266.0
23125.311309614364,-248.0
23125.311372111195,-239.0
23125.311434608026,-240.0
23125.311497104856,-234.0
23125.31155960169,-221.0
23125.31162209852,-220.0
23125.311684595352,-242.0
23125.311747092182,-263.0
23125.311809589017,-262.0
23125.311872085847,-250.0
23125.311934582678,-227.0
23125.31199707951,-206.0
23125.31205957634,-220.0
23125.312122073174,-214.0
23125.312184570004,-168.0
23125.312247066835,-148.0
23125.312309563666,-154.0
23125.312372060496,-124.0
23125.31243455733,-98.0
23125.31249705416,-87.0
23125.312559550992,-44.0
23125.312622047823,-46.0
23125.312684544653,-58.0
23125.312747041487,-62.0
23125.312809538318,-128.0
23125.31287203515,-182.0
23125.31293453198,-180.0
23125.312997028814,-207.0
23125.313059525644,-182.0
23125.313122022475,-116.0
23125.313184519306,-142.0
23125.313247016136,-139.0
23125.31330951297,-124.0
23125.3133720098,-126.0
23125.313434506632,-138.0
23125.313497003463,-157.0
23125.313559500293,-101.0
23125.313621997127,-41.0
23125.313684493958,-15.0
23125.31374699079,19.0
23125.31380948762,43.0
23125.31387198445,20.0
23125.313934481284,14.0
23125.313996978115,59.0
23125.314059474946,65.0
23125.314121971776,70.0
23125.31418446861,85.0
23125.31424696544,119.0
23125.314309462272,153.0
23125.314371959103,146.0
23125.314434455933,169.0
23125.314496952768,141.0
23125.314559449598,143.0
23125.31462194643,157.0
23125.31468444326,128.0
23125.31474694009,106.0
23125.314809436924,96.0
23125.314871933755,105.0
23125.314934430586,103.0
23125.314996927416,101.0
23125.315059424247,112.0
23125.31512192108,99.0
23125.315184417912,115.0
23125.315246914743,164.0
23125.315309411573,165.0
23125.315371908408,184.0
23125.31543440524,163.0
23125.31549690207,116.0
23125.3155593989,153.0
23125.31562189573,151.0
23125.315684392564,136.0
23125.315746889395,125.0
23125.315809386226,132.0
23125.315871883056,155.0
23125.315934379887,124.0
23125.31599687672,107.0
23125.316059373552,92.0
23125.316121870383,76.0
23125.316184367213,74.0
23125.316246864044,78.0
23125.31630936088,57.0
23125.31637185771,56.0
23125.31643435454,64.0
23125.31649685137,23.0
23125.316559348204,65.0
23125.316621845035,81.0
23125.316684341866,38.0
23125.316746838696,46.0
23125.316809335527,49.0
23125.31687183236,36.0
23125.316934329192,35.0
23125.316996826023,43.0
23125.317059322853,47.0
23125.317121819684,23.0
23125.31718431652,7.0
23125.31724681335,21.0
23125.31730931018,27.0
23125.31737180701,53.0
23125.31743430384,39.0
23125.317496800675,25.0
23125.317559297506,83.0
23125.317621794336,48.0
23125.317684291167,34.0
23125.317746788,62.0
23125.317809284832,20.0
23125.317871781663,18.0
23125.317934278493,20.0
23125.317996775324,16.0
23125.31805927216,40.0
23125.31812176899,39.0
23125.31818426582,22.0
23125.31824676265,33.0
23125.31830925948,21.0
23125.318371756315,4.0
23125.318434253146,2.0
23125.318496749976,2.0
23125.318559246807,48.0
23125.318621743638,54.0
23125.318684240472,36.0
23125.318746737303,26.0
23125.318809234133,-1.0
23125.318871730964,18.0
23125.3189342278,17.0
23125.31899672463,-6.0
23125.31905922146,1.0
23125.31912171829,-20.0
23125.31918421512,-44.0
23125.319246711955,0.0
23125.319309208786,28.0
23125.319371705617,22.0
23125.319434202447,27.0
23125.319496699278,8.0
23125.319559196112,40.0
23125.319621692943,37.0
23125.319684189773,-22.0
23125.319746686604,-9.0
23125.319809183435,6.0
23125.31987168027,-8.0
23125.3199341771,-15.0
23125.31999667393,-10.0
23125.32005917076,-12.0
23125.320121667595,-29.0
23125.320184164426,-28.0
23125.320246661257,-5.0
23125.320309158087,-22.0
23125.320371654918,-19.0
23125.320434151752,-2.0
23125.320496648583,-72.0
23125.320559145413,79.0
23125.320621642244,319.0
23125.320684139075,274.0
23125.32074663591,212.0
23125.32080913274,187.0
23125.32087162957,184.0
23125.3209341264,219.0
23125.32099662323,241.0
23125.321059120066,224.0
23125.321121616897,183.0
23125.321184113727,149.0
23125.321246610558,182.0
23125.321309107392,193.0
23125.321371604223,226.0
23125.321434101053,245.0
23125.321496597884,195.0
23125.321559094715,189.0
23125.32162159155,188.0
23125.32168408838,221.0
23125.32174658521,219.0
23125.32180908204,194.0
23125.32187157887,177.0
23125.321934075706,115.0
23125.321996572537,130.0
23125.322059069367,166.0
23125.322121566198,179.0
23125.32218406303,171.0
23125.322246559863,139.0
23125.322309056693,108.0
23125.322371553524,129.0
23125.322434050355,114.0
23125.32249654719,63.0
23125.32255904402,56.0
23125.32262154085,2.0
23125.32268403768,-5.0
23125.32274653451,49.0
23125.322809031346,121.0
23125.322871528177,116.0
23125.322934025007,81.0
23125.322996521838,132.0
23125.32305901867,191.0
23125.323121515503,193.0
23125.323184012334,133.0
23125.323246509164,110.0
23125.323309005995,114.0
23125.323371502825,116.0
23125.32343399966,142.0
23125.32349649649,83.0
23125.32355899332,55.0
23125.32362149015,61.0
23125.323683986986,45.0
23125.323746483817,28.0
23125.323808980647,15.0
23125.323871477478,1.0
23125.32393397431,-77.0
23125.323996471143,-93.0
23125.324058967974,-77.0
23125.324121464804,-65.0
23125.324183961635,-51.0
23125.324246458465,-79.0
23125.3243089553,-109.0
23125.32437145213,-140.0
23125.32443394896,-139.0
23125.32449644579,-117.0
23125.324558942622,-67.0
23125.324621439457,-60.0
23125.324683936287,-108.0
23125.324746433118,-122.0
23125.32480892995,-143.0
23125.324871426783,-148.0
23125.324933923614,-112.0
23125.324996420444,-71.0
23125.325058917275,-32.0
23125.325121414106,-83.0
23125.32518391094,-119.0
23125.32524640777,-102.0
23125.3253089046,-113.0
23125.32537140143,-72.0
23125.325433898262,-75.0
23125.325496395097,-119.0
23125.325558891927,-86.0
23125.325621388758,-62.0
23125.32568388559,-89.0
23125.32574638242,-113.0
23125.325808879254,-121.0
23125.325871376084,-123.0
23125.325933872915,-91.0
23125.325996369746,-47.0
23125.32605886658,-38.0
23125.32612136341,-37.0
23125.32618386024,-42.0
23125.32624635707,-58.0
23125.326308853902,-65.0
23125.326371350737,-86.0
23125.326433847567,-79.0
23125.326496344398,-70.0
23125.32655884123,-46.0
23125.32662133806,-46.0
23125.326683834894,-35.0
23125.326746331724,-40.0
23125.326808828555,-52.0
23125.326871325386,-15.0
23125.326933822216,-5.0
23125.32699631905,-11.0
23125.32705881588,-19.0
23125.327121312712,-18.0
23125.327183809542,-28.0
23125.327246306377,-23.0
23125.327308803207,-11.0
23125.327371300038,-14.0
23125.32743379687,-19.0
23125.3274962937,-26.0
23125.327558790534,1.0
23125.327621287364,7.0
23125.327683784195,-15.0
23125.327746281026,-40.0
23125.327808777856,-43.0
23125.32787127469,-16.0
23125.32793377152,-15.0
23125.327996268352,-36.0
23125.328058765183,-48.0
23125.328121262013,-41.0
23125.328183758847,-36.0
23125.328246255678,-20.0
23125.32830875251,-13.0
23125.32837124934,-33.0
23125.328433746174,-38.0
23125.328496243004,-37.0
23125.328558739835,-7.0
23125.328621236666,-3.0
23125.328683733496,-28.0
23125.32874623033,-30.0
23125.32880872716,-27.0
23125.328871223992,-34.0
23125.328933720823,-40.0
23125.328996217653,-46.0
23125.329058714487,-70.0
23125.329121211318,-99.0
23125.32918370815,-71.0
23125.32924620498,-42.0
23125.32930870181,-82.0
23125.329371198644,-65.0
23125.329433695475,-47.0
23125.329496192306,-84.0
23125.329558689136,-37.0
23125.32962118597,-19.0
23125.3296836828,-40.0
23125.329746179632,-25.0
23125.329808676463,-30.0
23125.329871173293,-30.0
23125.329933670128,-25.0
23125.329996166958,-20.0
23125.33005866379,-16.0
23125.33012116062,-10.0
23125.33018365745,-12.0
23125.330246154284,-23.0
23125.330308651115,-42.0
23125.330371147946,-37.0
23125.330433644776,-40.0
23125.330496141607,-12.0
23125.33055863844,-66.0
23125.330621135272,-322.0
23125.330683632103,-356.0
23125.330746128933,-280.0
23125.330808625768,-292.0
23125.3308711226,-278.0
23125.33093361943,-262.0
23125.33099611626,-248.0
23125.33105861309,-258.0
23125.331121109924,-255.0
23125.331183606755,-220.0
23125.331246103586,-251.0
23125.331308600416,-215.0
23125.331371097247,-189.0
23125.33143359408,-215.0
23125.331496090912,-234.0
23125.331558587743,-215.0
23125.331621084573,-190.0
23125.331683581404,-300.0
23125.33174607824,-199.0
23125.33180857507,0.0
23125.3318710719,-323.0
23125.33193356873,-372.0
23125.331996065564,79.0
23125.332058562395,-81.0
23125.332121059226,-279.0
23125.332183556056,-9.0
23125.332246052887,-61.0
23125.33230854972,-177.0
23125.332371046552,-80.0
23125.332433543383,-98.0
23125.332496040213,-56.0
23125.332558537044,56.0
23125.33262103388,-7.0
23125.33268353071,-51.0
23125.33274602754,-39.0
23125.33280852437,-100.0
23125.3328710212,-146.0
23125.332933518035,-162.0
23125.332996014866,-120.0
23125.333058511696,-109.0
23125.333121008527,-93.0
23125.33318350536,-74.0
23125.333246002192,-96.0
23125.333308499023,-93.0
23125.333370995853,-94.0
23125.333433492684,-74.0
23125.33349598952,-77.0
23125.33355848635,-81.0
23125.33362098318,-76.0
23125.33368348001,-79.0
23125.33374597684,-51.0
23125.333808473675,-10.0
23125.333870970506,39.0
23125.333933467336,73.0
23125.333995964167,48.0
23125.334058460998,58.0
23125.334120957832,80.0
23125.334183454663,68.0
23125.334245951493,100.0
23125.334308448324,132.0
23125.33437094516,127.0
23125.33443344199,108.0
23125.33449593882,89.0
23125.33455843565,113.0
23125.33462093248,115.0
23125.334683429315,115.0
23125.334745926146,124.0
23125.334808422976,99.0
23125.334870919807,110.0
23125.334933416638,103.0
23125.334995913472,95.0
23125.335058410303,105.0
23125.335120907133,114.0
23125.335183403964,167.0
23125.335245900795,191.0
23125.33530839763,200.0
23125.33537089446,178.0
23125.33543339129,143.0
23125.33549588812,136.0
23125.335558384955,145.0
23125.335620881786,119.0
23125.335683378617,104.0
23125.335745875447,132.0
23125.335808372278,137.0
23125.335870869112,160.0
23125.335933365943,175.0
23125.335995862773,151.0
23125.336058359604,168.0
23125.336120856435,182.0
23125.33618335327,160.0
23125.3362458501,185.0
23125.33630834693,164.0
23125.33637084376,106.0
23125.33643334059,116.0
23125.336495837426,113.0
23125.336558334257,169.0
23125.336620831087,179.0
23125.336683327918,139.0
23125.336745824752,158.0
23125.336808321583,143.0
23125.336870818413,154.0
23125.336933315244,186.0
23125.336995812075,168.0
23125.33705830891,158.0
23125.33712080574,166.0
23125.33718330257,147.0
23125.3372457994,154.0
23125.33730829623,144.0
23125.337370793066,110.0
23125.337433289897,99.0
23125.337495786727,66.0
23125.337558283558,106.0
23125.33762078039,117.0
23125.337683277223,85.0
23125.337745774053,93.0
23125.337808270884,79.0
23125.337870767715,94.0
23125.33793326455,106.0
23125.33799576138,89.0
23125.33805825821,98.0
23125.33812075504,114.0
23125.33818325187,100.0
23125.338245748706,86.0
23125.338308245537,87.0
23125.338370742367,97.0
23125.338433239198,93.0
23125.33849573603,69.0
23125.338558232863,87.0
23125.338620729694,100.0
23125.338683226524,80.0
23125.338745723355,65.0
23125.338808220185,65.0
23125.33887071702,51.0
23125.33893321385,79.0
23125.33899571068,87.0
23125.33905820751,75.0
23125.339120704346,85.0
23125.339183201177,88.0
23125.339245698007,83.0
23125.339308194838,56.0
23125.33937069167,95.0
23125.339433188503,96.0
23125.339495685334,50.0
23125.339558182164,114.0
23125.339620678995,109.0
23125.339683175825,93.0
23125.33974567266,101.0
23125.33980816949,88.0
23125.33987066632,81.0
23125.33993316315,79.0
23125.339995659982,84.0
23125.340058156817,73.0
23125.340120653647,91.0
23125.340183150478,83.0
23125.34024564731,55.0
23125.340308144143,29.0
23125.340370640974,27.0
23125.340433137804,32.0
23125.340495634635,-34.0
23125.340558131466,140.0
23125.3406206283,358.0
23125.34068312513,292.0
23125.34074562196,287.0
23125.34080811879,288.0
23125.340870615622,250.0
23125.340933112457,293.0
23125.340995609287,281.0
23125.341058106118,240.0
23125.34112060295,231.0
23125.34118309978,205.0
23125.341245596614,194.0
23125.341308093444,190.0
23125.341370590275,219.0
23125.341433087106,213.0
23125.34149558394,211.0
23125.34155808077,264.0
23125.3416205776,227.0
23125.34168307443,176.0
23125.341745571262,166.0
23125.341808068097,149.0
23125.341870564927,142.0
23125.341933061758,160.0
23125.34199555859,164.0
23125.34205805542,164.0
23125.342120552254,136.0
23125.342183049084,102.0
23125.342245545915,80.0
23125.342308042746,95.0
23125.342370539576,137.0
23125.34243303641,94.0
23125.34249553324,40.0
23125.34255803007,60.0
23125.342620526902,-2.0
23125.342683023737,-31.0
23125.342745520567,18.0
23125.342808017398,55.0
23125.34287051423,108.0
23125.34293301106,114.0
23125.342995507894,103.0
23125.343058004724,89.0
23125.343120501555,63.0
23125.343182998386,77.0
23125.343245495216,101.0
23125.34330799205,96.0
23125.34337048888,84.0
23125.343432985712,55.0
23125.343495482542,32.0
23125.343557979373,85.0
23125.343620476207,91.0
23125.343682973038,67.0
23125.34374546987,14.0
23125.3438079667,-43.0
23125.343870463534,-27.0
23125.343932960364,-21.0
23125.343995457195,-2.0
23125.344057954026,-29.0
23125.344120450856,-99.0
23125.34418294769,-116.0
23125.34424544452,-90.0
23125.344307941352,-81.0
23125.344370438183,-84.0
23125.344432935013,-130.0
23125.344495431847,-161.0
23125.344557928678,-100.0
23125.34462042551,-69.0
23125.34468292234,-76.0
23125.34474541917,-120.0
23125.344807916004,-144.0
23125.344870412835,-108.0
23125.344932909666,-53.0
23125.344995406496,-48.0
23125.34505790333,-73.0
23125.34512040016,-115.0
23125.345182896992,-162.0
23125.345245393823,-132.0
23125.345307890653,-102.0
23125.345370387487,-146.0
23125.345432884318,-189.0
23125.34549538115,-216.0
23125.34555787798,-158.0
23125.34562037481,-112.0
23125.345682871644,-122.0
23125.345745368475,-112.0
23125.345807865306,-152.0
23125.345870362136,-168.0
23125.345932858967,-148.0
23125.3459953558,-152.0
23125.346057852632,-96.0
23125.346120349463,-72.0
23125.346182846293,-103.0
23125.346245343128,-137.0
23125.346307839958,-154.0
23125.34637033679,-125.0
23125.34643283362,-90.0
23125.34649533045,-90.0
23125.346557827284,-50.0
23125.346620324115,-76.0
23125.346682820946,-134.0
23125.346745317776,-129.0
23125.346807814607,-119.0
23125.34687031144,-117.0
23125.346932808272,-112.0
23125.346995305103,-109.0
23125.347057801933,-96.0
23125.347120298764,-55.0
23125.3471827956,-65.0
23125.34724529243,-67.0
23125.34730778926,-51.0
23125.34737028609,-63.0
23125.347432782924,-60.0
23125.347495279755,-89.0
23125.347557776586,-62.0
23125.347620273416,-44.0
23125.347682770247,-63.0
23125.34774526708,-33.0
23125.347807763912,-11.0
23125.347870260743,-23.0
23125.347932757573,-70.0
23125.347995254404,-50.0
23125.34805775124,-35.0
23125.34812024807,-47.0
23125.3481827449,-28.0
23125.34824524173,-38.0
23125.34830773856,-58.0
23125.348370235395,-62.0
23125.348432732226,-57.0
23125.348495229056,-60.0
23125.348557725887,-22.0
23125.34862022272,0.0
23125.348682719552,-32.0
23125.348745216383,-31.0
23125.348807713213,-31.0
23125.348870210044,-20.0
23125.34893270688,-2.0
23125.34899520371,-16.0
23125.34905770054,-4.0
23125.34912019737,13.0
23125.3491826942,11.0
23125.349245191035,15.0
23125.349307687866,-11.0
23125.349370184696,-12.0
23125.349432681527,-13.0
23125.349495178358,-45.0
23125.349557675192,20.0
23125.349620172023,42.0
23125.349682668853,20.0
23125.349745165684,42.0
23125.34980766252,48.0
23125.34987015935,49.0
23125.34993265618,49.0
23125.34999515301,51.0
23125.35005764984,75.0
23125.350120146675,77.0
23125.350182643506,50.0
23125.350245140336,50.0
23125.350307637167,50.0
23125.350370133998,73.0
23125.350432630832,44.0
23125.350495127663,60.0
23125.350557624493,41.0
23125.350620121324,-244.0
23125.350682618155,-305.0
23125.35074511499,-254.0
23125.35080761182,-257.0
23125.35087010865,-213.0
23125.35093260548,-232.0
23125.350995102315,-200.0
23125.351057599146,-160.0
23125.351120095977,-225.0
23125.351182592807,-199.0
23125.351245089638,-169.0
23125.351307586472,-207.0
23125.351370083303,-195.0
23125.351432580133,-215.0
23125.351495076964,-216.0
23125.351557573795,-153.0
23125.35162007063,-157.0
23125.35168256746,-177.0
23125.35174506429,-164.0
23125.35180756112,-155.0
23125.35187005795,-142.0
23125.351932554786,-139.0
23125.351995051617,-139.0
23125.352057548447,-134.0
23125.352120045278,-107.0
23125.352182542112,-115.0
23125.352245038943,-130.0
23125.352307535773,-150.0
23125.352370032604,-148.0
23125.352432529435,-107.0
23125.35249502627,-98.0
23125.3525575231,-41.0
23125.35262001993,-16.0
23125.35268251676,-55.0
23125.35274501359,-80.0
23125.352807510426,-98.0
23125.352870007257,-128.0
23125.352932504087,-126.0
23125.352995000918,-117.0
23125.35305749775,-121.0
23125.353119994583,-95.0
23125.353182491413,-80.0
23125.353244988244,-120.0
23125.353307485075,-141.0
23125.35336998191,-128.0
23125.35343247874,-112.0
23125.35349497557,-116.0
23125.3535574724,-67.0
23125.35361996923,-46.0
23125.353682466066,-62.0
23125.353744962897,-34.0
23125.353807459727,-24.0
23125.353869956558,-36.0
23125.35393245339,-10.0
23125.353994950223,28.0
23125.354057447053,68.0
23125.354119943884,86.0
23125.354182440715,92.0
23125.354244937545,79.0
23125.35430743438,56.0
23125.35436993121,85.0
23125.35443242804,77.0
23125.35449492487,68.0
23125.354557421706,127.0
23125.354619918537,105.0
23125.354682415367,55.0
23125.354744912198,70.0
23125.35480740903,80.0
23125.354869905863,62.0
23125.354932402694,96.0
23125.354994899524,132.0
23125.355057396355,114.0
23125.355119893185,99.0
23125.35518239002,89.0
23125.35524488685,102.0
23125.35530738368,111.0
23125.35536988051,139.0
23125.355432377342,120.0
23125.355494874177,57.0
23125.355557371007,101.0
23125.355619867838,109.0
23125.35568236467,98.0
23125.355744861503,93.0
23125.355807358334,82.0
23125.355869855164,90.0
23125.355932351995,50.0
23125.355994848826,42.0
23125.35605734566,68.0
23125.35611984249,85.0
23125.35618233932,113.0
23125.35624483615,107.0
23125.356307332982,106.0
23125.356369829817,100.0
23125.356432326647,68.0
23125.356494823478,36.0
23125.35655732031,82.0
23125.35661981714,88.0
23125.356682313974,90.0
23125.356744810804,141.0
23125.356807307635,110.0
23125.356869804466,116.0
23125.3569323013,135.0
23125.35699479813,81.0
23125.35705729496,74.0
23125.35711979179,79.0
23125.357182288622,79.0
23125.357244785457,94.0
23125.357307282287,78.0
23125.357369779118,77.0
23125.35743227595,64.0
23125.35749477278,38.0
23125.357557269614,76.0
23125.357619766444,61.0
23125.357682263275,45.0
23125.357744760106,62.0
23125.357807256936,57.0
23125.35786975377,53.0
23125.3579322506,62.0
23125.35799474743,48.0
23125.358057244262,47.0
23125.358119741097,83.0
23125.358182237927,69.0
23125.358244734758,37.0
23125.35830723159,36.0
23125.35836972842,41.0
23125.358432225254,36.0
23125.358494722084,17.0
23125.358557218915,65.0
23125.358619715746,70.0
23125.358682212576,30.0
23125.35874470941,40.0
23125.35880720624,43.0
23125.358869703072,18.0
23125.358932199902,6.0
23125.358994696733,30.0
23125.359057193567,34.0
23125.359119690398,10.0
23125.35918218723,-8.0
23125.35924468406,8.0
23125.359307180894,16.0
23125.359369677724,30.0
23125.359432174555,19.0
23125.359494671386,-35.0
23125.359557168216,13.0
23125.35961966505,12.0
23125.35968216188,-30.0
23125.359744658712,4.0
23125.359807155543,12.0
23125.359869652373,-13.0
23125.359932149207,-21.0
23125.359994646038,-15.0
23125.36005714287,-34.0
23125.3601196397,-20.0
23125.36018213653,-2.0
23125.360244633364,-5.0
23125.360307130195,-4.0
23125.360369627026,-17.0
23125.360432123856,-7.0
23125.36049462069,-50.0
23125.36055711752,123.0
23125.360619614352,375.0
23125.360682111183,313.0
23125.360744608013,275.0
23125.360807104847,281.0
23125.360869601678,249.0
23125.36093209851,226.0
23125.36099459534,205.0
23125.36105709217,197.0
23125.361119589004,179.0
23125.361182085835,170.0
23125.361244582666,203.0
23125.361307079496,174.0
23125.361369576327,166.0
23125.36143207316,177.0
23125.361494569992,181.0
23125.361557066823,245.0
23125.361619563653,247.0
23125.361682060488,236.0
23125.361744557318,220.0
23125.36180705415,197.0
23125.36186955098,195.0
23125.36193204781,133.0
23125.361994544644,114.0
23125.362057041475,133.0
23125.362119538306,97.0
23125.362182035136,94.0
23125.362244531967,87.0
23125.3623070288,95.0
23125.362369525632,117.0
23125.362432022463,81.0
23125.362494519293,49.0
23125.362557016124,59.0
23125.36261951296,26.0
23125.36268200979,6.0
23125.36274450662,6.0
23125.36280700345,48.0
23125.362869500284,113.0
23125.362931997115,132.0
23125.362994493946,160.0
23125.363056990776,152.0
23125.363119487607,144.0
23125.36318198444,116.0
23125.363244481272,102.0
23125.363306978103,102.0
23125.363369474933,80.0
23125.363431971764,90.0
23125.3634944686,73.0
23125.36355696543,101.0
23125.36361946226,111.0
23125.36368195909,49.0
23125.36374445592,12.0
23125.363806952755,7.0
23125.363869449586,-5.0
23125.363931946416,-25.0
23125.363994443247,-5.0
23125.36405694008,-22.0
23125.364119436912,-70.0
23125.364181933743,-99.0
23125.364244430573,-104.0
23125.364306927404,-124.0
23125.36436942424,-99.0
23125.36443192107,-44.0
23125.3644944179,-78.0
23125.36455691473,-87.0
23125.36461941156,-92.0
23125.364681908395,-95.0
23125.364744405226,-74.0
23125.364806902056,-39.0
23125.364869398887,-55.0
23125.364931895718,-124.0
23125.364994392552,-128.0
23125.365056889383,-87.0
23125.365119386213,-46.0
23125.365181883044,-15.0
23125.36524437988,-71.0
23125.36530687671,-144.0
23125.36536937354,-137.0
23125.36543187037,-94.0
23125.3654943672,-83.0
23125.36555686403,-80.0
23125.365619360866,-126.0
23125.365681857696,-148.0
23125.365744354527,-114.0
23125.365806851358,-127.0
23125.365869348192,-130.0
23125.365931845023,-125.0
23125.365994341853,-140.0
23125.366056838684,-110.0
23125.366119335515,-96.0
23125.36618183235,-114.0
23125.36624432918,-106.0
23125.36630682601,-107.0
23125.36636932284,-73.0
23125.366431819675,-56.0
23125.366494316506,-92.0
23125.366556813337,-87.0
23125.366619310167,-113.0
23125.366681806998,-115.0
23125.36674430383,-84.0
23125.366806800663,-90.0
23125.366869297493,-42.0
23125.366931794324,-13.0
23125.366994291155,-55.0
23125.36705678799,-71.0
23125.36711928482,-85.0
23125.36718178165,-79.0
23125.36724427848,-43.0
23125.36730677531,-36.0
23125.367369272146,-40.0
23125.367431768977,-56.0
23125.367494265807,-51.0
23125.367556762638,-21.0
23125.367619259472,-15.0
23125.367681756303,-18.0
23125.367744253133,-33.0
23125.367806749964,-44.0
23125.367869246795,-52.0
23125.367931743625,-28.0
23125.36799424046,-6.0
23125.36805673729,-20.0
23125.36811923412,-41.0
23125.36818173095,-67.0
23125.368244227786,-37.0
23125.368306724617,-3.0
23125.368369221447,-21.0
23125.368431718278,-46.0
23125.36849421511,-75.0
23125.368556711943,-29.0
23125.368619208773,-10.0
23125.368681705604,-34.0
23125.368744202435,-34.0
23125.36880669927,-43.0
23125.3688691961,-34.0
23125.36893169293,-38.0
23125.36899418976,-38.0
23125.36905668659,-76.0
23125.369119183422,-85.0
23125.369181680257,-68.0
23125.369244177087,-57.0
23125.369306673918,-43.0
23125.36936917075,-56.0
23125.369431667583,-55.0
23125.369494164413,-80.0
23125.369556661244,-59.0
23125.369619158075,-37.0
23125.369681654905,-66.0
23125.36974415174,-62.0
23125.36980664857,-61.0
23125.3698691454,-57.0
23125.36993164223,-56.0
23125.369994139066,-46.0
23125.370056635897,-43.0
23125.370119132727,-48.0
23125.370181629558,-55.0
23125.37024412639,-41.0
23125.37030662322,-36.0
23125.370369120054,-32.0
23125.370431616884,-67.0
23125.370494113715,-64.0
23125.370556610545,-104.0
23125.37061910738,-320.0
23125.37068160421,-345.0
23125.37074410104,-308.0
23125.37080659787,-294.0
23125.370869094702,-258.0
23125.370931591537,-278.0
23125.370994088367,-266.0
23125.371056585198,-233.0
23125.37111908203,-245.0
23125.371181578863,-246.0
23125.371244075694,-243.0
23125.371306572524,-232.0
23125.371369069355,-218.0
23125.371431566185,-239.0
23125.371494063016,-275.0
23125.37155655985,-229.0
23125.37161905668,-213.0
23125.37168155351,-251.0
23125.371744050342,-245.0
23125.371806547177,-240.0
23125.371869044007,-219.0
23125.371931540838,-204.0
23125.37199403767,-195.0
23125.3720565345,-191.0
23125.372119031334,-176.0
23125.372181528164,-152.0
23125.372244024995,-148.0
23125.372306521826,-158.0
23125.37236901866,-131.0
23125.37243151549,-130.0
23125.37249401232,-115.0
23125.37255650915,-105.0
23125.372619005982,-35.0
23125.372681502813,37.0
23125.372743999647,-374.0
23125.372806496478,-172.0
23125.37286899331,-272.0
23125.37293149014,-305.0
23125.372993986974,-96.0
23125.373056483804,-203.0
23125.373118980635,-166.0
23125.373181477466,-169.0
23125.373243974296,-133.0
23125.37330647113,-87.0
23125.37336896796,-58.0
23125.37343146479,-33.0
23125.373493961622,-113.0
23125.373556458457,-63.0
23125.373618955287,43.0
23125.373681452118,-5.0
23125.37374394895,8.0
23125.37380644578,30.0
23125.37386894261,6.0
23125.373931439444,72.0
23125.373993936275,73.0
23125.374056433106,32.0
23125.374118929936,28.0
23125.37418142677,31.0
23125.3742439236,44.0
23125.374306420432,32.0
23125.374368917262,46.0
23125.374431414093,40.0
23125.374493910927,-10.0
23125.374556407758,21.0
23125.37461890459,-5.0
23125.37468140142,-38.0
23125.374743898254,-2.0
23125.374806395084,10.0
23125.374868891915,-9.0
23125.374931388746,-42.0
23125.374993885576,-20.0
23125.375056382407,-25.0
23125.37511887924,36.0
23125.375181376072,125.0
23125.375243872903,99.0
23125.375306369733,80.0
23125.375368866567,101.0
23125.375431363398,148.0
23125.37549386023,115.0
23125.37555635706,113.0
23125.37561885389,122.0
23125.375681350724,98.0
23125.375743847555,124.0
23125.375806344386,145.0
23125.375868841216,127.0
23125.37593133805,87.0
23125.37599383488,77.0
23125.376056331712,129.0
23125.376118828543,154.0
23125.376181325373,121.0
23125.376243822204,87.0
23125.376306319038,52.0
23125.37636881587,60.0
23125.3764313127,101.0
23125.37649380953,91.0
23125.376556306364,104.0
23125.376618803195,90.0
23125.376681300026,75.0
23125.376743796856,92.0
23125.376806293687,67.0
23125.37686879052,68.0
23125.376931287352,68.0
23125.376993784183,56.0
23125.377056281013,47.0
23125.377118777847,55.0
23125.377181274678,72.0
23125.37724377151,67.0
23125.37730626834,77.0
23125.37736876517,57.0
23125.377431262,38.0
23125.377493758835,34.0
23125.377556255666,111.0
23125.377618752496,124.0
23125.377681249327,91.0
23125.37774374616,79.0
23125.377806242992,60.0
23125.377868739823,81.0
23125.377931236653,99.0
23125.377993733484,92.0
23125.378056230318,67.0
23125.37811872715,75.0
23125.37818122398,70.0
23125.37824372081,36.0
23125.378306217644,32.0
23125.378368714475,59.0
23125.378431211306,60.0
23125.378493708136,13.0
23125.378556204967,46.0
23125.378618701798,31.0
23125.378681198632,2.0
23125.378743695463,31.0
23125.378806192293,49.0
23125.378868689124,34.0
23125.37893118596,45.0
23125.37899368279,38.0
23125.37905617962,24.0
23125.37911867645,29.0
23125.37918117328,19.0
23125.379243670115,27.0
23125.379306166946,38.0
23125.379368663776,47.0
23125.379431160607,44.0
23125.37949365744,30.0
23125.379556154272,39.0
23125.379618651103,20.0
23125.379681147933,45.0
23125.379743644764,82.0
23125.379806141595,71.0
23125.37986863843,64.0
23125.37993113526,72.0
23125.37999363209,62.0
23125.38005612892,60.0
23125.380118625755,75.0
23125.380181122586,50.0
23125.380243619416,52.0
23125.380306116247,79.0
23125.380368613078,84.0
23125.380431109912,76.0
23125.380493606743,-15.0
23125.380556103573,172.0
23125.380618600404,390.0
23125.38068109724,324.0
23125.38074359407,306.0
23125.3808060909,270.0
23125.38086858773,259.0
23125.38093108456,261.0
23125.38099358139,222.0
23125.381056078226,242.0
23125.381118575056,233.0
23125.381181071887,183.0
23125.381243568718,203.0
23125.381306065552,239.0
23125.381368562383,237.0
23125.381431059213,173.0
23125.381493556044,203.0
23125.381556052875,284.0
23125.38161854971,269.0
23125.38168104654,215.0
23125.38174354337,159.0
23125.3818060402,162.0
23125.381868537035,183.0
23125.381931033866,209.0
23125.381993530696,190.0
23125.382056027527,171.0
23125.382118524358,194.0
23125.38218102119,203.0
23125.382243518023,170.0
23125.382306014853,121.0
23125.382368511684,116.0
23125.382431008515,98.0
23125.38249350535,61.0
23125.38255600218,70.0
23125.38261849901,48.0
23125.38268099584,44.0
23125.38274349267,43.0
23125.382805989506,63.0
23125.382868486337,121.0
23125.382930983167,120.0
23125.382993479998,125.0
23125.383055976832,153.0
23125.383118473663,148.0
23125.383180970493,130.0
23125.383243467324,152.0
23125.383305964155,151.0
23125.383368460985,163.0
23125.38343095782,165.0
23125.38349345465,105.0
23125.38355595148,91.0
23125.38361844831,81.0
23125.383680945146,70.0
23125.383743441977,68.0
23125.383805938807,60.0
23125.383868435638,66.0
23125.38393093247,51.0
23125.383993429303,39.0
23125.384055926133,-14.0
23125.384118422964,-70.0
23125.384180919795,-66.0
23125.38424341663,-54.0
23125.38430591346,-84.0
23125.38436841029,-77.0
23125.38443090712,-27.0
23125.38449340395,-53.0
23125.384555900782,-34.0
23125.384618397617,3.0
23125.384680894447,-58.0
23125.384743391278,-102.0
23125.38480588811,-85.0
23125.384868384943,-64.0
23125.384930881773,-54.0
23125.384993378604,-25.0
23125.385055875435,-12.0
23125.385118372265,-47.0
23125.3851808691,-83.0
23125.38524336593,-97.0
23125.38530586276,-133.0
23125.38536835959,-95.0
23125.385430856426,-48.0
23125.385493353257,-63.0
23125.385555850087,-21.0
23125.385618346918,-62.0
23125.38568084375,-118.0
23125.38574334058,-114.0
23125.385805837413,-108.0
23125.385868334244,-77.0
23125.385930831075,-65.0
23125.385993327905,-70.0
23125.38605582474,-67.0
23125.38611832157,-58.0
23125.3861808184,-42.0
23125.38624331523,0.0
23125.386305812062,0.0
23125.386368308897,-44.0
23125.386430805727,-94.0
23125.386493302558,-153.0
23125.38655579939,-116.0
23125.386618296223,-45.0
23125.386680793054,-25.0
23125.386743289884,-77.0
23125.386805786715,-129.0
23125.386868283545,-119.0
23125.386930780376,-130.0
23125.38699327721,-126.0
23125.38705577404,-78.0
23125.38711827087,-55.0
23125.387180767702,-60.0
23125.387243264537,-70.0
23125.387305761367,-81.0
23125.387368258198,-82.0
23125.38743075503,-98.0
23125.38749325186,-113.0
23125.387555748694,-85.0
23125.387618245524,-133.0
23125.387680742355,-146.0
23125.387743239186,-102.0
23125.38780573602,-95.0
23125.38786823285,-110.0
23125.38793072968,-118.0
23125.38799322651,-126.0
23125.388055723342,-118.0
23125.388118220173,-86.0
23125.388180717007,-101.0
23125.388243213838,-144.0
23125.38830571067,-92.0
23125.3883682075,-73.0
23125.388430704334,-99.0
23125.388493201164,-116.0
23125.388555697995,-72.0
23125.388618194826,-39.0
23125.388680691656,-62.0
23125.38874318849,-66.0
23125.38880568532,-85.0
23125.38886818215,-72.0
23125.388930678982,-61.0
23125.388993175817,-54.0
23125.389055672647,-43.0
23125.389118169478,-66.0
23125.38918066631,-49.0
23125.38924316314,-63.0
23125.38930565997,-77.0
23125.389368156804,-39.0
23125.389430653635,-49.0
23125.389493150466,-79.0
23125.389555647296,-44.0
23125.38961814413,-20.0
23125.38968064096,-35.0
23125.38974313779,-7.0
23125.389805634622,-13.0
23125.389868131453,-36.0
23125.389930628287,-37.0
23125.389993125118,-61.0
23125.39005562195,-77.0
23125.39011811878,-71.0
23125.390180615614,-87.0
23125.390243112444,-100.0
23125.390305609275,-70.0
23125.390368106106,-54.0
23125.390430602936,-87.0
23125.390493099767,-64.0
23125.3905555966,-153.0
23125.390618093432,-410.0
23125.390680590262,-425.0
23125.390743087093,-382.0
23125.390805583927,-416.0
23125.390868080758,-403.0
23125.39093057759,-378.0
23125.39099307442,-307.0
23125.39105557125,-242.0
23125.391118068084,-249.0
23125.391180564915,-220.0
23125.391243061746,-251.0
23125.391305558576,-250.0
23125.39136805541,-251.0
23125.39143055224,-292.0
23125.391493049072,-267.0
23125.391555545903,-235.0
23125.391618042733,-237.0
23125.391680539564,-261.0
23125.391743036398,-211.0
23125.39180553323,-210.0
23125.39186803006,-202.0
23125.39193052689,-161.0
23125.391993023724,-170.0
23125.392055520555,-198.0
23125.392118017386,-196.0
23125.392180514216,-158.0
23125.392243011047,-154.0
23125.39230550788,-147.0
23125.392368004712,-125.0
23125.392430501543,-109.0
23125.392492998373,-83.0
23125.392555495207,-18.0
23125.392617992038,-7.0
23125.39268048887,-53.0
23125.3927429857,-98.0
23125.39280548253,-125.0
23125.39286797936,-160.0
23125.392930476195,-213.0
23125.392992973026,-207.0
23125.393055469856,-183.0
23125.393117966687,-182.0
23125.39318046352,-186.0
23125.393242960352,-134.0
23125.393305457183,-134.0
23125.393367954013,-150.0
23125.393430450844,-137.0
23125.393492947678,-166.0
23125.39355544451,-148.0
23125.39361794134,-144.0
23125.39368043817,-129.0
23125.393742935004,-100.0
23125.393805431835,-67.0
23125.393867928666,-18.0
23125.393930425496,-9.0
23125.393992922327,6.0
23125.394055419158,38.0
23125.394117915992,49.0
23125.394180412823,72.0
23125.394242909653,-153.0
23125.394305406484,-437.0
23125.39436790332,-376.0
23125.39443040015,-259.0
23125.39449289698,-175.0
23125.39455539381,9.0
23125.39461789064,116.0
23125.394680387475,144.0
23125.394742884306,95.0
23125.394805381136,-72.0
23125.394867877967,-138.0
23125.3949303748,-185.0
23125.394992871632,-256.0
23125.395055368463,-207.0
23125.395117865293,-32.0
23125.395180362124,197.0
23125.395242858955,368.0
23125.39530535579,469.0
23125.39536785262,510.0
23125.39543034945,511.0
23125.39549284628,411.0
23125.395555343115,269.0
23125.395617839946,155.0
23125.395680336776,137.0
23125.395742833607,213.0
23125.395805330438,340.0
23125.395867827272,470.0
23125.395930324103,481.0
23125.395992820933,448.0
23125.396055317764,368.0
23125.3961178146,258.0
23125.39618031143,146.0
23125.39624280826,48.0
23125.39630530509,-7.0
23125.39636780192,-32.0
23125.39643029875,-35.0
23125.396492795586,-31.0
23125.396555292416,63.0
23125.396617789247,104.0
23125.396680286078,90.0
23125.396742782912,61.0
23125.396805279743,-24.0
23125.396867776573,-82.0
23125.396930273404,-125.0
23125.396992770235,-149.0
23125.39705526707,-89.0
23125.3971177639,23.0
23125.39718026073,105.0
23125.39724275756,137.0
23125.397305254395,139.0
23125.397367751226,146.0
23125.397430248056,132.0
23125.397492744887,76.0
23125.397555241718,125.0
23125.39761773855,159.0
23125.397680235383,138.0
23125.397742732213,186.0
23125.397805229044,242.0
23125.397867725875,259.0
23125.39793022271,231.0
23125.39799271954,254.0
23125.39805521637,256.0
23125.3981177132,185.0
23125.39818021003,122.0
23125.398242706866,100.0
23125.398305203697,91.0
23125.398367700527,110.0
23125.398430197358,141.0
23125.398492694192,101.0
23125.398555191023,138.0
23125.398617687853,150.0
23125.398680184684,103.0
23125.398742681515,82.0
23125.398805178345,38.0
23125.39886767518,35.0
23125.39893017201,4.0
23125.39899266884,33.0
23125.39905516567,93.0
23125.399117662506,83.0
23125.399180159337,105.0
23125.399242656167,127.0
23125.399305152998,118.0
23125.39936764983,151.0
23125.399430146663,161.0
23125.399492643493,115.0
23125.399555140324,188.0
23125.399617637155,196.0
23125.39968013399,154.0
23125.39974263082,182.0
23125.39980512765,191.0
23125.39986762448,188.0
23125.39993012131,138.0
23125.399992618142,100.0
23125.400055114977,97.0
23125.400117611807,102.0
23125.400180108638,81.0
23125.40024260547,83.0
23125.400305102303,75.0
23125.400367599133,78.0
23125.400430095964,117.0
23125.400492592795,35.0
23125.400555089625,242.0
23125.40061758646,458.0
23125.40068008329,308.0
23125.40074258012,258.0
23125.40080507695,238.0
23125.400867573786,208.0
23125.400930070617,219.0
23125.400992567447,237.0
23125.401055064278,262.0
23125.40111756111,241.0
23125.40118005794,194.0
23125.401242554773,153.0
23125.401305051604,110.0
23125.401367548435,145.0
23125.401430045265,155.0
23125.4014925421,141.0
23125.40155503893,173.0
23125.40161753576,173.0
23125.40168003259,162.0
23125.401742529422,156.0
23125.401805026257,122.0
23125.401867523087,73.0
23125.401930019918,27.0
23125.40199251675,-2.0
23125.402055013583,-51.0
23125.402117510414,-74.0
23125.402180007244,-53.0
23125.402242504075,-23.0
23125.402305000905,-5.0
23125.402367497736,1.0
23125.40242999457,-9.0
23125.4024924914,-63.0
23125.40255498823,-43.0
23125.402617485062,-58.0
23125.402679981897,-83.0
23125.402742478727,-65.0
23125.402804975558,-49.0
23125.40286747239,13.0
23125.40292996922,62.0
23125.402992466054,112.0
23125.403054962884,139.0
23125.403117459715,123.0
23125.403179956546,93.0
23125.40324245338,69.0
23125.40330495021,65.0
23125.40336744704,78.0
23125.40342994387,57.0
23125.403492440702,-4.0
23125.403554937533,23.0
23125.403617434367,38.0
23125.403679931198,0.0
23125.40374242803,-18.0
23125.40380492486,-39.0
23125.403867421694,-61.0
23125.403929918524,-57.0
23125.403992415355,-63.0
23125.404054912186,-148.0
23125.404117409016,-176.0
23125.40417990585,-140.0
23125.40424240268,-146.0
23125.40430489951,-164.0
23125.404367396342,-109.0
23125.404429893177,-107.0
23125.404492390007,-106.0
23125.404554886838,-31.0
23125.40461738367,-61.0
23125.4046798805,-85.0
23125.40474237733,-104.0
23125.404804874164,-144.0
23125.404867370995,-148.0
23125.404929867826,-132.0
23125.404992364656,-126.0
23125.40505486149,-126.0
23125.40511735832,-110.0
23125.40517985515,-130.0
23125.405242351982,-134.0
23125.405304848813,-131.0
23125.405367345647,-144.0
23125.405429842478,-186.0
23125.40549233931,-222.0
23125.40555483614,-179.0
23125.405617332974,-166.0
23125.405679829804,-151.0
23125.405742326635,-129.0
23125.405804823466,-140.0
23125.405867320296,-150.0
23125.405929817127,-126.0
23125.40599231396,-136.0
23125.406054810792,-159.0
23125.406117307622,-158.0
23125.406179804453,-155.0
23125.406242301287,-128.0
23125.406304798118,-109.0
23125.40636729495,-83.0
23125.40642979178,-78.0
23125.40649228861,-118.0
23125.406554785444,-110.0
23125.406617282275,-117.0
23125.406679779106,-192.0
23125.406742275936,-218.0
23125.40680477277,-220.0
23125.4068672696,-178.0
23125.406929766432,-137.0
23125.406992263263,-80.0
23125.407054760093,-44.0
23125.407117256924,-50.0
23125.407179753758,-41.0
23125.40724225059,-42.0
23125.40730474742,-65.0
23125.40736724425,-93.0
23125.407429741084,-99.0
23125.407492237915,-122.0
23125.407554734746,-84.0
23125.407617231576,-60.0
23125.407679728407,-55.0
23125.40774222524,-10.0
23125.407804722072,10.0
23125.407867218903,-9.0
23125.407929715733,-61.0
23125.407992212567,-95.0
23125.408054709398,-133.0
23125.40811720623,-173.0
23125.40817970306,-181.0
23125.40824219989,-129.0
23125.40830469672,-74.0
23125.408367193555,-39.0
23125.408429690386,-10.0
23125.408492187216,-35.0
23125.408554684047,-37.0
23125.40861718088,-55.0
23125.408679677712,-89.0
23125.408742174543,-85.0
23125.408804671373,-107.0
23125.408867168204,-140.0
23125.408929665038,-121.0
23125.40899216187,-100.0
23125.4090546587,-91.0
23125.40911715553,-50.0
23125.409179652364,-9.0
23125.409242149195,23.0
23125.409304646026,-7.0
23125.409367142856,-21.0
23125.409429639687,-13.0
23125.409492136518,-69.0
23125.409554633352,-32.0
23125.409617130183,10.0
23125.409679627013,-24.0
23125.409742123844,-1.0
23125.40980462068,23.0
23125.40986711751,3.0
23125.40992961434,26.0
23125.40999211117,70.0
23125.410054608,35.0
23125.410117104835,8.0
23125.410179601666,14.0
23125.410242098496,-3.0
23125.410304595327,0.0
23125.41036709216,-3.0
23125.410429588992,-9.0
23125.410492085823,21.0
23125.410554582653,-80.0
23125.410617079484,-308.0
23125.410679576315,-336.0
23125.41074207315,-312.0
23125.41080456998,-313.0
23125.41086706681,-291.0
23125.41092956364,-286.0
23125.410992060475,-232.0
23125.411054557306,-205.0
23125.411117054136,-245.0
23125.411179550967,-261.0
23125.411242047798,-284.0
23125.411304544632,-246.0
23125.411367041463,-172.0
23125.411429538293,-152.0
23125.411492035124,-188.0
23125.41155453196,-175.0
23125.41161702879,-195.0
23125.41167952562,-239.0
23125.41174202245,-228.0
23125.41180451928,-237.0
23125.41186701611,-208.0
23125.411929512946,-155.0
23125.411992009776,-135.0
23125.412054506607,-107.0
23125.412117003438,-101.0
23125.412179500272,-103.0
23125.412241997103,-72.0
23125.412304493933,-101.0
23125.412366990764,-102.0
23125.412429487595,-71.0
23125.41249198443,-49.0
23125.41255448126,45.0
23125.41261697809,82.0
23125.41267947492,61.0
23125.412741971755,41.0
23125.412804468586,-14.0
23125.412866965416,-58.0
23125.412929462247,-85.0
23125.412991959078,-99.0
23125.41305445591,-95.0
23125.413116952743,-118.0
23125.413179449573,-94.0
23125.413241946404,-73.0
23125.413304443235,-129.0
23125.41336694007,-118.0
23125.4134294369,-105.0
23125.41349193373,-105.0
23125.41355443056,-23.0
23125.41361692739,-43.0
23125.413679424226,-69.0
23125.413741921056,-17.0
23125.413804417887,-5.0
23125.413866914718,-18.0
23125.413929411552,27.0
23125.413991908383,80.0
23125.414054405213,67.0
23125.414116902044,49.0
23125.414179398875,49.0
23125.414241895705,41.0
23125.41430439254,64.0
23125.41436688937,83.0
23125.4144293862,65.0
23125.41449188303,40.0
23125.414554379866,92.0
23125.414616876697,85.0
23125.414679373527,57.0
23125.414741870358,97.0
23125.41480436719,99.0
23125.414866864023,59.0
23125.414929360853,42.0
23125.414991857684,45.0
23125.415054354515,53.0
23125.415116851345,65.0
23125.41517934818,70.0
23125.41524184501,97.0
23125.41530434184,118.0
23125.41536683867,121.0
23125.415429335502,132.0
23125.415491832337,99.0
23125.415554329167,123.0
23125.415616825998,120.0
23125.41567932283,79.0
23125.415741819663,89.0
23125.415804316493,94.0
23125.415866813324,108.0
23125.415929310155,116.0
23125.415991806985,97.0
23125.41605430382,74.0
23125.41611680065,85.0
23125.41617929748,86.0
23125.41624179431,62.0
23125.416304291142,35.0
23125.416366787977,51.0
23125.416429284807,48.0
23125.416491781638,8.0
23125.41655427847,79.0
23125.4166167753,87.0
23125.416679272133,81.0
23125.416741768964,134.0
23125.416804265795,128.0
23125.416866762625,145.0
23125.41692925946,144.0
23125.41699175629,94.0
23125.41705425312,46.0
23125.41711674995,41.0
23125.417179246782,24.0
23125.417241743617,6.0
23125.417304240447,6.0
23125.417366737278,29.0
23125.41742923411,84.0
23125.41749173094,67.0
23125.417554227774,121.0
23125.417616724604,121.0
23125.417679221435,32.0
23125.417741718265,46.0
23125.417804215096,31.0
23125.41786671193,18.0
23125.41792920876,-1.0
23125.41799170559,-18.0
23125.418054202422,4.0
23125.418116699257,25.0
23125.418179196087,50.0
23125.418241692918,48.0
23125.41830418975,69.0
23125.41836668658,89.0
23125.418429183414,55.0
23125.418491680244,-5.0
23125.418554177075,7.0
23125.418616673905,-10.0
23125.418679170736,-41.0
23125.41874166757,-29.0
23125.4188041644,-35.0
23125.41886666123,-40.0
23125.418929158062,-19.0
23125.418991654893,24.0
23125.419054151727,49.0
23125.419116648558,39.0
23125.41917914539,50.0
23125.41924164222,46.0
23125.419304139054,12.0
23125.419366635884,-5.0
23125.419429132715,-5.0
23125.419491629546,-54.0
23125.419554126376,-6.0
23125.41961662321,44.0
23125.41967912004,29.0
23125.41974161687,63.0
23125.419804113702,69.0
23125.419866610533,63.0
23125.419929107367,54.0
23125.419991604198,41.0
23125.42005410103,20.0
23125.42011659786,9.0
23125.42017909469,-19.0
23125.420241591524,-14.0
23125.420304088355,0.0
23125.420366585186,12.0
23125.420429082016,46.0
23125.42049157885,-13.0
23125.42055407568,169.0
23125.42061657251,364.0
23125.420679069342,286.0
23125.420741566173,272.0
23125.420804063007,263.0
23125.420866559838,247.0
23125.42092905667,229.0
23125.4209915535,204.0
23125.42105405033,207.0
23125.421116547164,190.0
23125.421179043995,185.0
23125.421241540826,187.0
23125.421304037656,139.0
23125.421366534487,174.0
23125.42142903132,199.0
23125.42149152815,170.0
23125.421554024982,230.0
23125.421616521813,213.0
23125.421679018647,174.0
23125.421741515478,149.0
23125.42180401231,109.0
23125.42186650914,161.0
23125.42192900597,144.0
23125.421991502804,124.0
23125.422053999635,150.0
23125.422116496466,145.0
23125.422178993296,143.0
23125.422241490127,148.0
23125.42230398696,145.0
23125.422366483792,134.0
23125.422428980622,85.0
23125.422491477453,31.0
23125.422553974284,42.0
23125.422616471118,13.0
23125.42267896795,-5.0
23125.42274146478,18.0
23125.42280396161,57.0
23125.422866458444,105.0
23125.422928955275,124.0
23125.422991452106,150.0
23125.423053948936,171.0
23125.423116445767,163.0
23125.4231789426,158.0
23125.423241439432,157.0
23125.423303936263,155.0
23125.423366433093,161.0
23125.423428929924,129.0
23125.423491426758,98.0
23125.42355392359,161.0
23125.42361642042,154.0
23125.42367891725,110.0
23125.42374141408,111.0
23125.423803910915,91.0
23125.423866407746,60.0
23125.423928904576,31.0
23125.423991401407,35.0
23125.42405389824,2.0
23125.424116395072,-20.0
23125.424178891903,-8.0
23125.424241388733,-36.0
23125.424303885564,-60.0
23125.424366382398,-44.0
23125.42442887923,-50.0
23125.42449137606,-77.0
23125.42455387289,-36.0
23125.42461636972,4.0
23125.424678866555,-11.0
23125.424741363386,9.0
23125.424803860216,6.0
23125.424866357047,-20.0
23125.424928853878,-3.0
23125.424991350712,5.0
23125.425053847543,-49.0
23125.425116344373,-70.0
23125.425178841204,-75.0
23125.425241338038,-131.0
23125.42530383487,-176.0
23125.4253663317,-162.0
23125.42542882853,-133.0
23125.42549132536,-157.0
23125.425553822195,-141.0
23125.425616319026,-134.0
23125.425678815856,-154.0
23125.425741312687,-155.0
23125.425803809518,-153.0
23125.425866306352,-141.0
23125.425928803183,-156.0
23125.425991300013,-126.0
23125.426053796844,-118.0
23125.426116293675,-123.0
23125.42617879051,-104.0
23125.42624128734,-111.0
23125.42630378417,-134.0
23125.426366281,-138.0
23125.426428777835,-147.0
23125.426491274666,-178.0
23125.426553771496,-142.0
23125.426616268327,-165.0
23125.426678765158,-196.0
23125.426741261992,-174.0
23125.426803758823,-186.0
23125.426866255653,-170.0
23125.426928752484,-134.0
23125.426991249315,-116.0
23125.42705374615,-139.0
23125.42711624298,-156.0
23125.42717873981,-126.0
23125.42724123664,-126.0
23125.42730373347,-129.0
23125.427366230306,-131.0
23125.427428727136,-151.0
23125.427491223967,-164.0
23125.427553720798,-131.0
23125.427616217632,-122.0
23125.427678714463,-139.0
23125.427741211293,-139.0
23125.427803708124,-135.0
23125.427866204955,-150.0
23125.42792870179,-131.0
23125.42799119862,-106.0
23125.42805369545,-120.0
23125.42811619228,-102.0
23125.42817868911,-110.0
23125.428241185946,-99.0
23125.428303682776,-86.0
23125.428366179607,-73.0
23125.428428676438,-85.0
23125.42849117327,-93.0
23125.428553670103,-40.0
23125.428616166933,-43.0
23125.428678663764,-74.0
23125.428741160595,-64.0
23125.42880365743,-50.0
23125.42886615426,-71.0
23125.42892865109,-78.0
23125.42899114792,-53.0
23125.42905364475,-59.0
23125.429116141586,-53.0
23125.429178638416,-65.0
23125.429241135247,-75.0
23125.429303632078,-55.0
23125.42936612891,-59.0
23125.429428625743,-42.0
23125.429491122573,-36.0
23125.429553619404,-21.0
23125.429616116235,-15.0
23125.429678613065,-29.0
23125.4297411099,-35.0
23125.42980360673,-56.0
23125.42986610356,-60.0
23125.42992860039,-55.0
23125.429991097226,-40.0
23125.430053594057,-21.0
23125.430116090887,-16.0
23125.430178587718,-7.0
23125.43024108455,-7.0
23125.430303581383,-5.0
23125.430366078213,27.0
23125.430428575044,3.0
23125.430491071875,-9.0
23125.430553568705,-134.0
23125.43061606554,-349.0
23125.43067856237,-328.0
23125.4307410592,-325.0
23125.43080355603,-336.0
23125.430866052862,-275.0
23125.430928549697,-264.0
23125.430991046527,-232.0
23125.431053543358,-210.0
23125.43111604019,-242.0
23125.431178537023,-261.0
23125.431241033853,-226.0
23125.431303530684,-155.0
23125.431366027515,-186.0
23125.431428524345,-225.0
23125.43149102118,-255.0
23125.43155351801,-216.0
23125.43161601484,-174.0
23125.43167851167,-188.0
23125.431741008502,-183.0
23125.431803505337,-204.0
23125.431866002167,-203.0
23125.431928498998,-181.0
23125.43199099583,-161.0
23125.43205349266,-138.0
23125.432115989493,-101.0
23125.432178486324,-110.0
23125.432240983155,-141.0
23125.432303479985,-136.0
23125.43236597682,-107.0
23125.43242847365,-72.0
23125.43249097048,-40.0
23125.43255346731,41.0
23125.432615964142,41.0
23125.432678460977,-12.0
23125.432740957807,-65.0
23125.432803454638,-124.0
23125.43286595147,-101.0
23125.4329284483,-85.0
23125.432990945133,-109.0
23125.433053441964,-87.0
23125.433115938795,-112.0
23125.433178435625,-130.0
23125.433240932456,-137.0
23125.43330342929,-157.0
23125.43336592612,-116.0
23125.43342842295,-97.0
23125.433490919782,-123.0
23125.433553416617,-64.0
23125.433615913447,-40.0
23125.433678410278,-60.0
23125.43374090711,-50.0
23125.43380340394,-43.0
23125.433865900774,-13.0
23125.433928397604,-5.0
23125.433990894435,40.0
23125.434053391265,70.0
23125.434115888096,79.0
23125.43417838493,103.0
23125.43424088176,116.0
23125.43430337859,122.0
23125.434365875422,100.0
23125.434428372253,82.0
23125.434490869087,37.0
23125.434553365918,70.0
23125.43461586275,97.0
23125.43467835958,65.0
23125.434740856414,73.0
23125.434803353244,83.0
23125.434865850075,76.0
23125.434928346906,112.0
23125.434990843736,151.0
23125.43505334057,129.0
23125.4351158374,141.0
23125.43517833423,167.0
23125.435240831062,189.0
23125.435303327893,181.0
23125.435365824727,166.0
23125.435428321558,170.0
23125.43549081839,140.0
23125.43555331522,145.0
23125.43561581205,153.0
23125.435678308884,137.0
23125.435740805715,129.0
23125.435803302546,128.0
23125.435865799376,112.0
23125.43592829621,91.0
23125.43599079304,95.0
23125.43605328987,97.0
23125.436115786702,87.0
23125.436178283533,80.0
23125.436240780367,97.0
23125.436303277198,118.0
23125.43636577403,112.0
23125.43642827086,108.0
23125.43649076769,90.0
23125.436553264524,102.0
23125.436615761355,114.0
23125.436678258186,114.0
23125.436740755016,113.0
23125.436803251847,106.0
23125.43686574868,88.0
23125.43692824551,71.0
23125.436990742342,84.0
23125.437053239173,71.0
23125.437115736007,63.0
23125.437178232838,86.0
23125.43724072967,68.0
23125.4373032265,38.0
23125.43736572333,86.0
23125.437428220164,98.0
23125.437490716995,29.0
23125.437553213826,108.0
23125.437615710656,123.0
23125.437678207487,74.0
23125.43774070432,85.0
23125.437803201152,69.0
23125.437865697982,74.0
23125.437928194813,81.0
23125.437990691644,71.0
23125.438053188478,59.0
23125.43811568531,37.0
23125.43817818214,49.0
23125.43824067897,77.0
23125.438303175804,94.0
23125.438365672635,81.0
23125.438428169466,55.0
23125.438490666296,33.0
23125.438553163127,66.0
23125.43861565996,85.0
23125.438678156792,50.0
23125.438740653623,49.0
23125.438803150453,56.0
23125.438865647284,94.0
23125.438928144118,96.0
23125.43899064095,59.0
23125.43905313778,67.0
23125.43911563461,67.0
23125.43917813144,67.0
23125.439240628275,80.0
23125.439303125106,56.0
23125.439365621936,38.0
23125.439428118767,31.0
23125.4394906156,-7.0
23125.439553112432,71.0
23125.439615609263,70.0
23125.439678106093,28.0
23125.439740602924,52.0
23125.439803099758,39.0
23125.43986559659,28.0
23125.43992809342,15.0
23125.43999059025,24.0
23125.44005308708,17.0
23125.440115583915,36.0
23125.440178080746,54.0
23125.440240577576,72.0
23125.440303074407,42.0
23125.440365571238,55.0
23125.440428068072,89.0
23125.440490564903,5.0
23125.440553061733,221.0
23125.440615558564,431.0
23125.440678055398,355.0
23125.44074055223,339.0
23125.44080304906,312.0
23125.44086554589,262.0
23125.44092804272,258.0
23125.440990539555,244.0
23125.441053036386,240.0
23125.441115533216,251.0
23125.441178030047,233.0
23125.441240526878,231.0
23125.441303023712,219.0
23125.441365520543,228.0
23125.441428017373,231.0
23125.441490514204,211.0
23125.441553011035,233.0
23125.44161550787,185.0
23125.4416780047,151.0
23125.44174050153,172.0
23125.44180299836,185.0
23125.441865495195,178.0
23125.441927992026,154.0
23125.441990488856,129.0
23125.442052985687,97.0
23125.442115482518,106.0
23125.442177979352,102.0
23125.442240476183,113.0
23125.442302973013,114.0
23125.442365469844,82.0
23125.442427966675,58.0
23125.44249046351,4.0
23125.44255296034,-14.0
23125.44261545717,-19.0
23125.442677954,-15.0
23125.44274045083,24.0
23125.442802947666,106.0
23125.442865444496,158.0
23125.442927941327,151.0
23125.442990438158,172.0
23125.443052934992,174.0
23125.443115431823,139.0
23125.443177928653,136.0
23125.443240425484,144.0
23125.443302922315,118.0
23125.44336541915,115.0
23125.44342791598,141.0
23125.44349041281,119.0
23125.44355290964,110.0
23125.44361540647,124.0
23125.443677903306,95.0
23125.443740400136,57.0
23125.443802896967,5.0
23125.443865393798,10.0
23125.44392789063,-1.0
23125.443990387463,-58.0
23125.444052884293,-77.0
23125.444115381124,-68.0
23125.444177877955,-67.0
23125.44424037479,-61.0
23125.44430287162,-66.0
23125.44436536845,-76.0
23125.44442786528,-54.0
23125.44449036211,-62.0
23125.444552858946,-55.0
23125.444615355776,-32.0
23125.444677852607,-27.0
23125.444740349438,-38.0
23125.44480284627,-39.0
23125.444865343103,-31.0
23125.444927839933,-74.0
23125.444990336764,-82.0
23125.445052833595,-57.0
23125.445115330425,-90.0
23125.44517782726,-105.0
23125.44524032409,-83.0
23125.44530282092,-118.0
23125.44536531775,-106.0
23125.445427814586,-105.0
23125.445490311417,-135.0
23125.445552808247,-87.0
23125.445615305078,-95.0
23125.44567780191,-96.0
23125.445740298743,-95.0
23125.445802795573,-142.0
23125.445865292404,-123.0
23125.445927789235,-108.0
23125.445990286065,-106.0
23125.4460527829,-81.0
23125.44611527973,-81.0
23125.44617777656,-112.0
23125.44624027339,-95.0
23125.446302770222,-50.0
23125.446365267057,-87.0
23125.446427763887,-102.0
23125.446490260718,-106.0
23125.44655275755,-96.0
23125.446615254383,-52.0
23125.446677751213,-64.0
23125.446740248044,-87.0
23125.446802744875,-66.0
23125.446865241705,-29.0
23125.44692773854,-49.0
23125.44699023537,-46.0
23125.4470527322,-34.0
23125.44711522903,-52.0
23125.447177725862,-35.0
23125.447240222697,-31.0
23125.447302719527,-38.0
23125.447365216358,-51.0
23125.44742771319,-52.0
23125.44749021002,-58.0
23125.447552706853,-64.0
23125.447615203684,-58.0
23125.447677700515,-85.0
23125.447740197345,-48.0
23125.44780269418,-3.0
23125.44786519101,-46.0
23125.44792768784,-43.0
23125.44799018467,-11.0
23125.448052681502,-47.0
23125.448115178337,-26.0
23125.448177675167,-2.0
23125.448240171998,-35.0
23125.44830266883,-43.0
23125.44836516566,-37.0
23125.448427662493,-53.0
23125.448490159324,-55.0
23125.448552656155,-35.0
23125.448615152985,-34.0
23125.448677649816,-29.0
23125.44874014665,-37.0
23125.44880264348,-9.0
23125.44886514031,-3.0
23125.448927637142,-23.0
23125.448990133977,0.0
23125.449052630807,3.0
23125.449115127638,-15.0
23125.44917762447,-9.0
23125.4492401213,4.0
23125.449302618134,-9.0
23125.449365114964,-6.0
23125.449427611795,0.0
23125.449490108625,-17.0
23125.449552605456,9.0
23125.44961510229,30.0
23125.44967759912,-7.0
23125.44974009595,-8.0
23125.449802592782,36.0
23125.449865089613,21.0
23125.449927586447,-9.0
23125.449990083278,24.0
23125.45005258011,41.0
23125.45011507694,40.0
23125.450177573774,45.0
23125.450240070604,38.0
23125.450302567435,47.0
23125.450365064265,77.0
23125.450427561096,27.0
23125.45049005793,39.0
23125.45055255476,-76.0
23125.45061505159,-321.0
23125.450677548422,-287.0
23125.450740045253,-272.0
23125.450802542087,-269.0
23125.450865038918,-193.0
23125.45092753575,-187.0
23125.45099003258,-180.0
23125.45105252941,-201.0
23125.451115026244,-183.0
23125.451177523075,-136.0
23125.451240019906,-128.0
23125.451302516736,-93.0
23125.45136501357,-108.0
23125.4514275104,-136.0
23125.45149000723,-138.0
23125.451552504062,-103.0
23125.451615000893,-110.0
23125.451677497727,-125.0
23125.451739994558,-134.0
23125.45180249139,-148.0
23125.45186498822,-110.0
23125.45192748505,-81.0
23125.451989981884,-78.0
23125.452052478715,-82.0
23125.452114975546,-87.0
23125.452177472376,-51.0
23125.452239969207,-20.0
23125.45230246604,-27.0
23125.45236496287,-31.0
23125.452427459702,-43.0
23125.452489956533,-31.0
23125.452552453367,55.0
23125.452614950198,86.0
23125.45267744703,16.0
23125.45273994386,-47.0
23125.45280244069,-73.0
23125.452864937524,-63.0
23125.452927434355,-63.0
23125.452989931186,-68.0
23125.453052428016,-44.0
23125.453114924847,-69.0
23125.45317742168,-58.0
23125.453239918512,-19.0
23125.453302415342,1.0
23125.453364912173,-7.0
23125.453427409004,-18.0
23125.453489905838,-32.0
23125.45355240267,-21.0
23125.4536148995,18.0
23125.45367739633,58.0
23125.453739893164,64.0
23125.453802389995,56.0
23125.453864886826,80.0
23125.453927383656,56.0
23125.453989880487,52.0
23125.45405237732,136.0
23125.454114874152,138.0
23125.454177370983,156.0
23125.454239867813,237.0
23125.454302364644,198.0
23125.454364861478,216.0
23125.45442735831,183.0
23125.45448985514,136.0
23125.45455235197,237.0
23125.4546148488,216.0
23125.454677345635,197.0
23125.454739842466,189.0
23125.454802339296,138.0
23125.454864836127,141.0
23125.45492733296,172.0
23125.454989829792,155.0
23125.455052326623,165.0
23125.455114823453,237.0
23125.455177320284,255.0
23125.455239817118,236.0
23125.45530231395,244.0
23125.45536481078,292.0
23125.45542730761,242.0
23125.45548980444,201.0
23125.455552301275,282.0
23125.455614798106,260.0
23125.455677294936,246.0
23125.455739791767,276.0
23125.455802288598,243.0
23125.455864785432,257.0
23125.455927282263,233.0
23125.455989779093,222.0
23125.456052275924,200.0
23125.456114772758,175.0
23125.45617726959,170.0
23125.45623976642,212.0
23125.45630226325,198.0
23125.45636476008,193.0
23125.456427256915,254.0
23125.456489753746,178.0
23125.456552250576,234.0
23125.456614747407,291.0
23125.456677244238,278.0
23125.456739741072,283.0
23125.456802237903,247.0
23125.456864734733,226.0
23125.456927231564,195.0
23125.456989728395,183.0
23125.45705222523,141.0
23125.45711472206,132.0
23125.45717721889,140.0
23125.45723971572,93.0
23125.457302212555,72.0
23125.457364709386,134.0
23125.457427206216,181.0
23125.457489703047,179.0
23125.457552199878,245.0
23125.457614696712,293.0
23125.457677193543,293.0
23125.457739690373,275.0
23125.457802187204,289.0
23125.457864684035,329.0
23125.45792718087,349.0
23125.4579896777,322.0
23125.45805217453,283.0
23125.45811467136,270.0
23125.45817716819,253.0
23125.458239665026,257.0
23125.458302161856,181.0
23125.458364658687,180.0
23125.458427155518,135.0
23125.458489652352,70.0
23125.458552149183,118.0
23125.458614646013,62.0
23125.458677142844,3.0
23125.458739639675,-43.0
23125.45880213651,-111.0
23125.45886463334,-202.0
23125.45892713017,-242.0
23125.458989627,-219.0
23125.45905212383,-269.0
23125.459114620666,-254.0
23125.459177117496,-218.0
23125.459239614327,-167.0
23125.459302111158,-76.0
23125.45936460799,24.0
23125.459427104823,112.0
23125.459489601653,155.0
23125.459552098484,283.0
23125.459614595315,330.0
23125.45967709215,319.0
23125.45973958898,346.0
23125.45980208581,337.0
23125.45986458264,330.0
23125.45992707947,309.0
23125.459989576306,292.0
23125.460052073136,330.0
23125.460114569967,205.0
23125.460177066798,328.0
23125.46023956363,388.0
23125.460302060463,124.0
23125.460364557293,641.0
23125.460427054124,364.0
23125.460489550955,563.0
23125.460552047785,960.0
23125.46061454462,815.0
23125.46067704145,1110.0
23125.46073953828,636.0
23125.46080203511,759.0
23125.460864531946,600.0
23125.460927028776,276.0
23125.460989525607,521.0
23125.461052022438,140.0
23125.46111451927,97.0
23125.461177016103,128.0
23125.461239512933,-35.0
23125.461302009764,64.0
23125.461364506595,-73.0
23125.461427003425,-57.0
23125.46148950026,2.0
23125.46155199709,-103.0
23125.46161449392,-56.0
23125.46167699075,-162.0
23125.461739487582,-293.0
23125.461801984417,-302.0
23125.461864481247,-488.0
23125.461926978078,-559.0
23125.46198947491,-598.0
23125.462051971743,-650.0
23125.462114468573,-604.0
23125.462176965404,-611.0
23125.462239462235,-577.0
23125.462301959065,-469.0
23125.4623644559,-415.0
23125.46242695273,-403.0
23125.46248944956,-295.0
23125.46255194639,-230.0
23125.462614443222,-185.0
23125.462676940057,-68.0
23125.462739436887,-81.0
23125.462801933718,25.0
23125.46286443055,133.0
23125.46292692738,145.0
23125.462989424213,206.0
23125.463051921044,170.0
23125.463114417875,217.0
23125.463176914705,265.0
23125.46323941154,324.0
23125.46330190837,391.0
23125.4633644052,475.0
23125.46342690203,563.0
23125.463489398862,513.0
23125.463551895697,636.0
23125.463614392527,675.0
23125.463676889358,576.0
23125.46373938619,583.0
23125.46380188302,526.0
23125.463864379853,463.0
23125.463926876684,455.0
23125.463989373515,363.0
23125.464051870345,317.0
23125.464114367176,417.0
23125.46417686401,341.0
23125.46423936084,364.0
23125.46430185767,491.0
23125.464364354502,522.0
23125.464426851337,599.0
23125.464489348167,595.0
23125.464551844998,557.0
23125.46461434183,552.0
23125.46467683866,473.0
23125.464739335494,319.0
23125.464801832324,166.0
23125.464864329155,-44.0
23125.464926825985,-339.0
23125.464989322816,-573.0
23125.46505181965,-909.0
23125.46511431648,-1278.0
23125.46517681331,-1635.0
23125.465239310142,-2149.0
23125.465301806973,-2561.0
23125.465364303807,-2918.0
23125.465426800638,-3178.0
23125.46548929747,-3302.0
23125.4655517943,-3332.0
23125.465614291134,-3202.0
23125.465676787964,-3065.0
23125.465739284795,-2737.0
23125.465801781625,-2330.0
23125.465864278456,-1842.0
23125.46592677529,-1267.0
23125.46598927212,-833.0
23125.46605176895,-374.0
23125.466114265782,62.0
23125.466176762613,476.0
23125.466239259447,850.0
23125.466301756278,1158.0
23125.46636425311,1469.0
23125.46642674994,1645.0
23125.46648924677,1836.0
23125.466551743604,2086.0
23125.466614240435,2274.0
23125.466676737266,2472.0
23125.466739234096,2650.0
23125.46680173093,2806.0
23125.46686422776,2880.0
23125.46692672459,2955.0
23125.466989221422,3018.0
23125.467051718253,2963.0
23125.467114215087,2876.0
23125.467176711918,2660.0
23125.46723920875,2382.0
23125.46730170558,2027.0
23125.46736420241,1676.0
23125.467426699244,1375.0
23125.467489196075,1015.0
23125.467551692906,756.0
23125.467614189736,489.0
23125.467676686567,183.0
23125.4677391834,-21.0
23125.46780168023,-133.0
23125.467864177062,-247.0
23125.467926673893,-376.0
23125.467989170727,-435.0
23125.468051667558,-527.0
23125.46811416439,-617.0
23125.46817666122,-681.0
23125.46823915805,-776.0
23125.468301654884,-812.0
23125.468364151715,-858.0
23125.468426648546,-902.0
23125.468489145376,-905.0
23125.468551642207,-852.0
23125.46861413904,-732.0
23125.46867663587,-562.0
23125.468739132702,-348.0
23125.468801629533,-134.0
23125.468864126364,98.0
23125.468926623198,308.0
23125.46898912003,565.0
23125.46905161686,830.0
23125.46911411369,1001.0
23125.469176610524,1109.0
23125.469239107355,1148.0
23125.469301604186,1124.0
23125.469364101016,1111.0
23125.469426597847,1032.0
23125.46948909468,815.0
23125.469551591512,641.0
23125.469614088342,334.0
23125.469676585173,-77.0
23125.469739082004,-453.0
23125.469801578838,-945.0
23125.46986407567,-1499.0
23125.4699265725,-2181.0
23125.46998906933,-2951.0
23125.47005156616,-3511.0
23125.470114062995,-3945.0
23125.470176559826,-4356.0
23125.470239056656,-4635.0
23125.470301553487,-4769.0
23125.47036405032,-4753.0
23125.470426547152,-4583.0
23125.470489043983,-4200.0
23125.470551540813,-3912.0
23125.470614037644,-3557.0
23125.470676534478,-2948.0
23125.47073903131,-2451.0
23125.47080152814,-1917.0
23125.47086402497,-1390.0
23125.4709265218,-933.0
23125.470989018635,-461.0
23125.471051515466,-109.0
23125.471114012296,257.0
23125.471176509127,615.0
23125.471239005958,980.0
23125.471301502792,1373.0
23125.471363999623,1742.0
23125.471426496453,2131.0
23125.471488993284,2389.0
23125.471551490118,2733.0
23125.47161398695,3047.0
23125.47167648378,3233.0
23125.47173898061,3411.0
23125.47180147744,3437.0
23125.471863974275,3319.0
23125.471926471106,3174.0
23125.471988967936,2973.0
23125.472051464767,2644.0
23125.472113961598,2413.0
23125.472176458432,2094.0
23125.472238955263,1699.0
23125.472301452093,1350.0
23125.472363948924,1003.0
23125.472426445755,867.0
23125.47248894259,772.0
23125.47255143942,664.0
23125.47261393625,560.0
23125.47267643308,450.0
23125.472738929915,436.0
23125.472801426746,427.0
23125.472863923576,436.0
23125.472926420407,426.0
23125.472988917238,392.0
23125.473051414072,246.0
23125.473113910903,12.0
23125.473176407733,-180.0
23125.473238904564,-519.0
23125.473301401395,-1032.0
23125.47336389823,-1620.0
23125.47342639506,-2347.0
23125.47348889189,-3001.0
23125.47355138872,-3549.0
23125.47361388555,-4179.0
23125.473676382386,-4635.0
23125.473738879216,-4920.0
23125.473801376047,-4955.0
23125.473863872878,-4848.0
23125.473926369712,-4675.0
23125.473988866543,-4214.0
23125.474051363373,-3620.0
23125.474113860204,-2913.0
23125.474176357035,-2299.0
23125.47423885387,-1717.0
23125.4743013507,-1084.0
23125.47436384753,-592.0
23125.47442634436,-151.0
23125.47448884119,160.0
23125.474551338026,504.0
23125.474613834856,750.0
23125.474676331687,870.0
23125.474738828518,1106.0
23125.47480132535,1328.0
23125.474863822183,1658.0
23125.474926319013,1983.0
23125.474988815844,2235.0
23125.475051312675,2533.0
23125.47511380951,2814.0
23125.47517630634,3137.0
23125.47523880317,3311.0
23125.4753013,3381.0
23125.47536379683,3420.0
23125.475426293666,3217.0
23125.475488790496,2875.0
23125.475551287327,2578.0
23125.475613784158,2194.0
23125.47567628099,1719.0
23125.475738777823,1272.0
23125.475801274653,864.0
23125.475863771484,495.0
23125.475926268315,185.0
23125.475988765145,-20.0
23125.47605126198,-117.0
23125.47611375881,-178.0
23125.47617625564,-156.0
23125.47623875247,-51.0
23125.476301249306,-9.0
23125.476363746136,127.0
23125.476426242967,199.0
23125.476488739798,147.0
23125.47655123663,294.0
23125.476613733463,392.0
23125.476676230293,430.0
23125.476738727124,490.0
23125.476801223955,535.0
23125.476863720785,625.0
23125.47692621762,673.0
23125.47698871445,742.0
23125.47705121128,744.0
23125.47711370811,722.0
23125.477176204942,662.0
23125.477238701777,498.0
23125.477301198607,280.0
23125.477363695438,-91.0
23125.47742619227,-612.0
23125.477488689103,-1284.0
23125.477551185933,-1976.0
23125.477613682764,-2668.0
23125.477676179595,-3420.0
23125.477738676425,-4077.0
23125.47780117326,-4518.0
23125.47786367009,-4728.0
23125.47792616692,-4789.0
23125.47798866375,-4682.0
23125.478051160582,-4350.0
23125.478113657417,-3861.0
23125.478176154247,-3271.0
23125.478238651078,-2642.0
23125.47830114791,-2028.0
23125.47836364474,-1394.0
23125.478426141573,-816.0
23125.478488638404,-381.0
23125.478551135235,35.0
23125.478613632065,386.0
23125.4786761289,621.0
23125.47873862573,830.0
23125.47880112256,1023.0
23125.47886361939,1214.0
23125.478926116222,1464.0
23125.478988613057,1747.0
23125.479051109887,2047.0
23125.479113606718,2373.0
23125.47917610355,2734.0
23125.47923860038,3035.0
23125.479301097213,3267.0
23125.479363594044,3476.0
23125.479426090875,3565.0
23125.479488587705,3502.0
23125.479551084536,3368.0
23125.47961358137,3109.0
23125.4796760782,2741.0
23125.47973857503,2443.0
23125.479801071862,1997.0
23125.479863568697,1541.0
23125.479926065527,1224.0
23125.479988562358,832.0
23125.48005105919,624.0
23125.48011355602,482.0
23125.480176052853,475.0
23125.480238549684,608.0
23125.480301046515,642.0
23125.480363543345,856.0
23125.480426040176,967.0
23125.48048853701,1088.0
23125.48055103384,1407.0
23125.48061353067,1450.0
23125.480676027502,1279.0
23125.480738524333,894.0
23125.480801021167,492.0
23125.480863517998,-105.0
23125.48092601483,-883.0
23125.48098851166,-1633.0
23125.481051008494,-2623.0
23125.481113505324,-3437.0
23125.481176002155,-4172.0
23125.481238498985,-4801.0
23125.481300995816,-5209.0
23125.48136349265,-5418.0
23125.48142598948,-5262.0
23125.48148848631,-5064.0
23125.481550983142,-4594.0
23125.481613479973,-3939.0
23125.481675976807,-3283.0
23125.481738473638,-2491.0
23125.48180097047,-1806.0
23125.4818634673,-1177.0
23125.48192596413,-626.0
23125.481988460964,-163.0
23125.482050957795,202.0
23125.482113454626,444.0
23125.482175951456,702.0
23125.48223844829,887.0
23125.48230094512,1109.0
23125.48236344195,1358.0
23125.482425938782,1642.0
23125.482488435613,1981.0
23125.482550932447,2351.0
23125.482613429278,2773.0
23125.48267592611,3153.0
23125.48273842294,3540.0
23125.48280091977,3815.0
23125.482863416604,3959.0
23125.482925913435,4027.0
23125.482988410266,3898.0
23125.483050907096,3705.0
23125.483113403927,3352.0
23125.48317590076,2763.0
23125.48323839759,2269.0
23125.483300894422,1913.0
23125.483363391253,1425.0
23125.483425888087,873.0
23125.483488384918,553.0
23125.48355088175,366.0
23125.48361337858,194.0
23125.48367587541,63.0
23125.483738372244,96.0
23125.483800869075,124.0
23125.483863365906,184.0
23125.483925862736,499.0
23125.483988359567,710.0
23125.4840508564,857.0
23125.48411335323,938.0
23125.484175850062,886.0
23125.484238346893,798.0
23125.484300843724,538.0
23125.484363340558,315.0
23125.48442583739,-106.0
23125.48448833422,-769.0
23125.48455083105,-1428.0
23125.484613327884,-2329.0
23125.484675824715,-3130.0
23125.484738321546,-3814.0
23125.484800818376,-4393.0
23125.484863315207,-4799.0
23125.48492581204,-5246.0
23125.484988308872,-5300.0
23125.485050805702,-5177.0
23125.485113302533,-4872.0
23125.485175799364,-4269.0
23125.485238296198,-3669.0
23125.48530079303,-3012.0
23125.48536328986,-2440.0
23125.48542578669,-1826.0
23125.48548828352,-1254.0
23125.485550780355,-735.0
23125.485613277186,-247.0
23125.485675774016,-36.0
23125.485738270847,205.0
23125.48580076768,444.0
23125.485863264512,635.0
23125.485925761343,886.0
23125.485988258173,1152.0
23125.486050755004,1495.0
23125.486113251838,1800.0
23125.48617574867,2159.0
23125.4862382455,2595.0
23125.48630074233,2981.0
23125.48636323916,3326.0
23125.486425735995,3541.0
23125.486488232826,3607.0
23125.486550729656,3590.0
23125.486613226487,3495.0
23125.486675723318,3270.0
23125.486738220152,2919.0
23125.486800716983,2534.0
23125.486863213813,2062.0
23125.486925710644,1598.0
23125.486988207478,1237.0
23125.48705070431,891.0
23125.48711320114,664.0
23125.48717569797,478.0
23125.4872381948,368.0
23125.487300691635,471.0
23125.487363188466,566.0
23125.487425685296,726.0
23125.487488182127,935.0
23125.487550678958,1073.0
23125.487613175792,1129.0
23125.487675672623,957.0
23125.487738169453,726.0
23125.487800666284,412.0
23125.487863163115,-134.0
23125.48792565995,-795.0
23125.48798815678,-1673.0
23125.48805065361,-2704.0
23125.48811315044,-3686.0
23125.488175647275,-4637.0
23125.488238144106,-5388.0
23125.488300640936,-5982.0
23125.488363137767,-6362.0
23125.488425634598,-6399.0
23125.488488131432,-6306.0
23125.488550628263,-5817.0
23125.488613125093,-5098.0
23125.488675621924,-4352.0
23125.488738118755,-3419.0
23125.48880061559,-2545.0
23125.48886311242,-1734.0
23125.48892560925,-993.0
23125.48898810608,-371.0
23125.48905060291,169.0
23125.489113099746,544.0
23125.489175596576,856.0
23125.489238093407,1047.0
23125.489300590238,1175.0
23125.489363087072,1410.0
23125.489425583903,1695.0
23125.489488080733,1972.0
23125.489550577564,2369.0
23125.489613074395,2793.0
23125.48967557123,3219.0
23125.48973806806,3682.0
23125.48980056489,4120.0
23125.48986306172,4457.0
23125.48992555855,4609.0
23125.489988055386,4608.0
23125.490050552216,4493.0
23125.490113049047,4207.0
23125.490175545878,3783.0
23125.49023804271,3311.0
23125.490300539543,2700.0
23125.490363036373,2081.0
23125.490425533204,1502.0
23125.490488030035,1041.0
23125.49055052687,581.0
23125.4906130237,109.0
23125.49067552053,126.0
23125.49073801736,195.0
23125.49080051419,289.0
23125.490863011026,567.0
23125.490925507856,755.0
23125.490988004687,925.0
23125.491050501518,906.0
23125.49111299835,751.0
23125.491175495183,466.0
23125.491237992013,-100.0
23125.491300488844,-789.0
23125.491362985675,-1721.0
23125.491425482505,-2858.0
23125.49148797934,-4034.0
23125.49155047617,-5078.0
23125.491612973,-5975.0
23125.49167546983,-6679.0
23125.491737966666,-7103.0
23125.491800463496,-7198.0
23125.491862960327,-7059.0
23125.491925457158,-6611.0
23125.49198795399,-5863.0
23125.492050450823,-4970.0
23125.492112947653,-3887.0
23125.492175444484,-2827.0
23125.492237941315,-1880.0
23125.492300438145,-967.0
23125.49236293498,-200.0
23125.49242543181,417.0
23125.49248792864,776.0
23125.49255042547,1103.0
23125.492612922302,1306.0
23125.492675419137,1338.0
23125.492737915967,1484.0
23125.492800412798,1661.0
23125.49286290963,1923.0
23125.492925406463,2262.0
23125.492987903293,2648.0
23125.493050400124,3149.0
23125.493112896955,3654.0
23125.493175393785,4153.0
23125.49323789062,4602.0
23125.49330038745,4837.0
23125.49336288428,4907.0
23125.49342538111,4848.0
23125.493487877942,4590.0
23125.493550374777,4243.0
23125.493612871607,3767.0
23125.493675368438,3214.0
23125.49373786527,2578.0
23125.4938003621,2005.0
23125.493862858933,1539.0
23125.493925355764,1151.0
23125.493987852595,990.0
23125.494050349425,874.0
23125.49411284626,845.0
23125.49417534309,840.0
23125.49423783992,972.0
23125.49430033675,1136.0
23125.494362833582,1090.0
23125.494425330417,962.0
23125.494487827247,572.0
23125.494550324078,37.0
23125.49461282091,-715.0
23125.49467531774,-1707.0
23125.494737814573,-2817.0
23125.494800311404,-4187.0
23125.494862808235,-5443.0
23125.494925305065,-6490.0
23125.494987801896,-7343.0
23125.49505029873,-7800.0
23125.49511279556,-8001.0
23125.49517529239,-7884.0
23125.495237789222,-7360.0
23125.495300286057,-6526.0
23125.495362782887,-5403.0
23125.495425279718,-4168.0
23125.49548777655,-2972.0
23125.49555027338,-1778.0
23125.495612770213,-704.0
23125.495675267044,166.0
23125.495737763875,897.0
23125.495800260705,1414.0
23125.495862757536,1708.0
23125.49592525437,1895.0
23125.4959877512,2021.0
23125.49605024803,2111.0
23125.496112744862,2236.0
23125.496175241693,2492.0
23125.496237738527,2810.0
23125.496300235358,3183.0
23125.49636273219,3706.0
23125.49642522902,4285.0
23125.496487725854,4815.0
23125.496550222684,5307.0
23125.496612719515,5650.0
23125.496675216345,5791.0
23125.496737713176,5789.0
23125.49680021001,5572.0
23125.49686270684,5184.0
23125.49692520367,4626.0
23125.496987700502,3998.0
23125.497050197333,3382.0
23125.497112694167,2653.0
23125.497175190998,2130.0
23125.49723768783,1678.0
23125.49730018466,1308.0
23125.49736268149,1166.0
23125.497425178324,994.0
23125.497487675155,919.0
23125.497550171985,820.0
23125.497612668816,740.0
23125.49767516565,584.0
23125.49773766248,170.0
23125.49780015931,-324.0
23125.497862656142,-1112.0
23125.497925152973,-2085.0
23125.497987649807,-3304.0
23125.498050146638,-4721.0
23125.49811264347,-5941.0
23125.4981751403,-7095.0
23125.49823763713,-7946.0
23125.498300133964,-8537.0
23125.498362630795,-8871.0
23125.498425127626,-8724.0
23125.498487624456,-8235.0
23125.498550121287,-7318.0
23125.49861261812,-6189.0
23125.49867511495,-4880.0
23125.498737611782,-3457.0
23125.498800108613,-2161.0
23125.498862605447,-933.0
23125.498925102278,167.0
23125.49898759911,1100.0
23125.49905009594,1747.0
23125.49911259277,2161.0
23125.499175089604,2431.0
23125.499237586435,2568.0
23125.499300083266,2668.0
23125.499362580096,2772.0
23125.499425076927,2958.0
23125.49948757376,3213.0
23125.49955007059,3614.0
23125.499612567422,4085.0
23125.499675064253,4538.0
23125.499737561084,5079.0
23125.499800057918,5608.0
23125.49986255475,5962.0
23125.49992505158,6177.0
23125.49998754841,6227.0
23125.500050045244,6042.0
23125.500112542075,5647.0
23125.500175038906,5300.0
23125.500237535736,4762.0
23125.500300032567,3985.0
23125.5003625294,3381.0
23125.500425026232,2682.0
23125.500487523062,2104.0
23125.500550019893,1916.0
23125.500612516724,1639.0
23125.500675013558,1272.0
23125.50073751039,910.0
23125.50080000722,607.0
23125.50086250405,222.0
23125.50092500088,-221.0
23125.500987497715,-730.0
23125.501049994546,-1577.0
23125.501112491376,-2544.0
23125.501174988207,-3814.0
23125.50123748504,-5228.0
23125.501299981872,-6434.0
23125.501362478703,-7585.0
23125.501424975533,-8494.0
23125.501487472364,-9215.0
23125.501549969198,-9578.0
23125.50161246603,-9472.0
23125.50167496286,-9034.0
23125.50173745969,-8146.0
23125.50179995652,-7032.0
23125.501862453355,-5669.0
23125.501924950186,-4172.0
23125.501987447016,-2773.0
23125.502049943847,-1282.0
23125.502112440678,74.0
23125.502174937512,1139.0
23125.502237434343,2065.0
23125.502299931173,2706.0
23125.502362428004,3064.0
23125.502424924838,3364.0
23125.50248742167,3523.0
23125.5025499185,3699.0
23125.50261241533,3934.0
23125.50267491216,4129.0
23125.502737408995,4471.0
23125.502799905826,4885.0
23125.502862402656,5299.0
23125.502924899487,5790.0
23125.502987396318,6226.0
23125.503049893152,6542.0
23125.503112389983,6725.0
23125.503174886813,6744.0
23125.503237383644,6626.0
23125.503299880475,6412.0
23125.50336237731,6018.0
23125.50342487414,5383.0
23125.50348737097,4632.0
23125.5035498678,3943.0
23125.503612364635,3292.0
23125.503674861466,2566.0
23125.503737358296,1916.0
23125.503799855127,1342.0
23125.503862351958,749.0
23125.503924848792,214.0
23125.503987345623,-327.0
23125.504049842453,-829.0
23125.504112339284,-1416.0
23125.504174836115,-2178.0
23125.50423733295,-3064.0
23125.50429982978,-4236.0
23125.50436232661,-5494.0
23125.50442482344,-6728.0
23125.50448732027,-7850.0
23125.504549817106,-8732.0
23125.504612313936,-9405.0
23125.504674810767,-9943.0
23125.504737307598,-10149.0
23125.504799804432,-9889.0
23125.504862301263,-9236.0
23125.504924798093,-8262.0
23125.504987294924,-7029.0
23125.505049791755,-5596.0
23125.50511228859,-4115.0
23125.50517478542,-2674.0
23125.50523728225,-1202.0
23125.50529977908,122.0
23125.50536227591,1267.0
23125.505424772746,2185.0
23125.505487269576,2848.0
23125.505549766407,3389.0
23125.505612263238,3735.0
23125.50567476007,3990.0
23125.505737256903,4219.0
23125.505799753733,4411.0
23125.505862250564,4683.0
23125.505924747395,4981.0
23125.50598724423,5314.0
23125.50604974106,5693.0
23125.50611223789,6059.0
23125.50617473472,6392.0
23125.50623723155,6621.0
23125.506299728386,6712.0
23125.506362225216,6630.0
23125.506424722047,6502.0
23125.506487218878,6255.0
23125.50654971571,5802.0
23125.506612212543,5252.0
23125.506674709373,4573.0
23125.506737206204,3935.0
23125.506799703035,3227.0
23125.506862199865,2497.0
23125.5069246967,1804.0
23125.50698719353,1049.0
23125.50704969036,354.0
23125.50711218719,-376.0
23125.507174684026,-1093.0
23125.507237180856,-1811.0
23125.507299677687,-2675.0
23125.507362174518,-3579.0
23125.50742467135,-4698.0
23125.507487168183,-5986.0
23125.507549665013,-7169.0
23125.507612161844,-8276.0
23125.507674658675,-9156.0
23125.507737155505,-9827.0
23125.50779965234,-10347.0
23125.50786214917,-10540.0
23125.507924646,-10332.0
23125.50798714283,-9686.0
23125.508049639662,-8755.0
23125.508112136496,-7601.0
23125.508174633327,-6233.0
23125.508237130158,-4792.0
23125.50829962699,-3328.0
23125.508362123823,-1802.0
23125.508424620653,-387.0
23125.508487117484,871.0
23125.508549614315,1948.0
23125.508612111145,2742.0
23125.50867460798,3394.0
23125.50873710481,3948.0
23125.50879960164,4373.0
23125.50886209847,4692.0
23125.508924595302,4990.0
23125.508987092137,5307.0
23125.509049588967,5595.0
23125.509112085798,5912.0
23125.50917458263,6261.0
23125.50923707946,6628.0
23125.509299576293,6921.0
23125.509362073124,7078.0
23125.509424569955,7086.0
23125.509487066785,7031.0
23125.50954956362,7020.0
23125.50961206045,6766.0
23125.50967455728,6338.0
23125.50973705411,5825.0
23125.509799550942,5219.0
23125.509862047777,4621.0
23125.509924544607,3931.0
23125.509987041438,3185.0
23125.51004953827,2426.0
23125.5101120351,1595.0
23125.510174531933,692.0
23125.510237028764,-202.0
23125.510299525595,-1084.0
23125.510362022425,-2071.0
23125.510424519256,-3121.0
23125.51048701609,-4218.0
23125.51054951292,-5581.0
23125.51061200975,-7140.0
23125.510674506582,-8413.0
23125.510737003417,-9404.0
23125.510799500247,-10140.0
23125.510861997078,-10681.0
23125.51092449391,-11128.0
23125.51098699074,-11122.0
23125.511049487573,-10794.0
23125.511111984404,-10072.0
23125.511174481235,-9030.0
23125.511236978065,-7857.0
23125.511299474896,-6403.0
23125.51136197173,-4970.0
23125.51142446856,-3506.0
23125.51148696539,-2039.0
23125.511549462222,-637.0
23125.511611959053,710.0
23125.511674455887,1695.0
23125.511736952718,2533.0
23125.51179944955,3293.0
23125.51186194638,3919.0
23125.511924443214,4437.0
23125.511986940044,4851.0
23125.512049436875,5253.0
23125.512111933705,5617.0
23125.512174430536,5972.0
23125.51223692737,6365.0
23125.5122994242,6732.0
23125.51236192103,7138.0
23125.512424417862,7456.0
23125.512486914693,7574.0
23125.512549411527,7599.0
23125.512611908358,7652.0
23125.51267440519,7612.0
23125.51273690202,7188.0
23125.51279939885,6707.0
23125.512861895684,6208.0
23125.512924392515,5592.0
23125.512986889345,4918.0
23125.513049386176,4156.0
23125.51311188301,3377.0
23125.51317437984,2467.0
23125.51323687667,1475.0
23125.513299373502,432.0
23125.513361870333,-699.0
23125.513424367167,-1731.0
23125.513486863998,-2926.0
23125.51354936083,-4135.0
23125.51361185766,-5348.0
23125.51367435449,-6724.0
23125.513736851324,-8137.0
23125.513799348155,-9412.0
23125.513861844986,-10258.0
23125.513924341816,-10851.0
23125.513986838647,-11406.0
23125.51404933548,-11692.0
23125.51411183231,-11460.0
23125.514174329142,-10937.0
23125.514236825973,-10035.0
23125.514299322807,-8818.0
23125.514361819638,-7482.0
23125.51442431647,-5974.0
23125.5144868133,-4488.0
23125.51454931013,-2992.0
23125.514611806964,-1514.0
23125.514674303795,-54.0
23125.514736800626,1291.0
23125.514799297456,2294.0
23125.514861794287,3201.0
23125.51492429112,4017.0
23125.51498678795,4706.0
23125.515049284782,5310.0
23125.515111781613,5846.0
23125.515174278444,6369.0
23125.515236775278,6801.0
23125.51529927211,7186.0
23125.51536176894,7607.0
23125.51542426577,7988.0
23125.515486762604,8292.0
23125.515549259435,8498.0
23125.515611756266,8495.0
23125.515674253096,8364.0
23125.515736749927,8204.0
23125.51579924676,8022.0
23125.51586174359,7549.0
23125.515924240422,7054.0
23125.515986737253,6507.0
23125.516049234084,5702.0
23125.516111730918,4993.0
23125.51617422775,4160.0
23125.51623672458,3258.0
23125.51629922141,2275.0
23125.51636171824,1145.0
23125.516424215075,9.0
23125.516486711906,-1225.0
23125.516549208736,-2306.0
23125.516611705567,-3515.0
23125.5166742024,-4960.0
23125.516736699232,-6290.0
23125.516799196062,-7829.0
23125.516861692893,-9313.0
23125.516924189724,-10331.0
23125.516986686558,-11134.0
23125.51704918339,-11716.0
23125.51711168022,-12185.0
23125.51717417705,-12201.0
23125.51723667388,-11717.0
23125.517299170715,-11001.0
23125.517361667546,-9842.0
23125.517424164376,-8566.0
23125.517486661207,-7132.0
23125.517549158038,-5515.0
23125.517611654872,-3959.0
23125.517674151703,-2341.0
23125.517736648533,-775.0
23125.517799145364,695.0
23125.517861642198,1930.0
23125.51792413903,2866.0
23125.51798663586,3795.0
23125.51804913269,4675.0
23125.51811162952,5345.0
23125.518174126355,5885.0
23125.518236623186,6448.0
23125.518299120016,6929.0
23125.518361616847,7341.0
23125.518424113678,7792.0
23125.518486610512,8186.0
23125.518549107343,8535.0
23125.518611604173,8729.0
23125.518674101004,8761.0
23125.518736597835,8739.0
23125.51879909467,8768.0
23125.5188615915,8714.0
23125.51892408833,8236.0
23125.51898658516,7763.0
23125.519049081995,7248.0
23125.519111578826,6534.0
23125.519174075656,5744.0
23125.519236572487,4796.0
23125.519299069318,3797.0
23125.519361566152,2597.0
23125.519424062983,1288.0
23125.519486559813,-29.0
23125.519549056644,-1388.0
23125.519611553475,-2692.0
23125.51967405031,-4062.0
23125.51973654714,-5501.0
23125.51979904397,-6896.0
23125.5198615408,-8342.0
23125.51992403763,-9823.0
23125.519986534466,-10945.0
23125.520049031296,-11691.0
23125.520111528127,-12201.0
23125.520174024958,-12644.0
23125.520236521792,-12744.0
23125.520299018623,-12266.0
23125.520361515453,-11567.0
23125.520424012284,-10534.0
23125.520486509115,-9323.0
23125.52054900595,-7666.0
23125.52061150278,-5899.0
23125.52067399961,-4430.0
23125.52073649644,-2812.0
23125.52079899327,-1250.0
23125.520861490106,280.0
23125.520923986936,1702.0
23125.520986483767,2752.0
23125.521048980598,3757.0
23125.52111147743,4730.0
23125.521173974263,5549.0
23125.521236471093,6145.0
23125.521298967924,6720.0
23125.521361464755,7324.0
23125.52142396159,7764.0
23125.52148645842,8199.0
23125.52154895525,8706.0
23125.52161145208,9019.0
23125.52167394891,9178.0
23125.521736445746,9321.0
23125.521798942576,9359.0
23125.521861439407,9364.0
23125.521923936238,9286.0
23125.52198643307,8914.0
23125.522048929903,8465.0
23125.522111426733,7985.0
23125.522173923564,7327.0
23125.522236420395,6508.0
23125.522298917225,5489.0
23125.52236141406,4399.0
23125.52242391089,3111.0
23125.52248640772,1632.0
23125.52254890455,186.0
23125.522611401386,-1299.0
23125.522673898216,-2789.0
23125.522736395047,-4285.0
23125.522798891878,-5786.0
23125.52286138871,-7203.0
23125.522923885543,-8724.0
23125.522986382373,-10265.0
23125.523048879204,-11428.0
23125.523111376035,-12249.0
23125.523173872865,-12754.0
23125.5232363697,-13148.0
23125.52329886653,-13219.0
23125.52336136336,-12750.0
23125.52342386019,-12050.0
23125.523486357022,-10963.0
23125.523548853856,-9676.0
23125.523611350687,-8232.0
23125.523673847518,-6606.0
23125.52373634435,-5016.0
23125.523798841183,-3345.0
23125.523861338013,-1699.0
23125.523923834844,-69.0
23125.523986331675,1364.0
23125.524048828505,2477.0
23125.52411132534,3628.0
23125.52417382217,4679.0
23125.524236319,5525.0
23125.52429881583,6201.0
23125.524361312662,6851.0
23125.524423809497,7417.0
23125.524486306327,7895.0
23125.524548803158,8448.0
23125.52461129999,8911.0
23125.52467379682,9235.0
23125.524736293653,9494.0
23125.524798790484,9650.0
23125.524861287315,9706.0
23125.524923784145,9710.0
23125.52498628098,9595.0
23125.52504877781,9268.0
23125.52511127464,8810.0
23125.52517377147,8261.0
23125.525236268302,7560.0
23125.525298765137,6647.0
23125.525361261967,5622.0
23125.525423758798,4490.0
23125.52548625563,3082.0
23125.52554875246,1645.0
23125.525611249293,118.0
23125.525673746124,-1563.0
23125.525736242955,-3146.0
23125.525798739785,-4668.0
23125.525861236616,-6280.0
23125.52592373345,-7815.0
23125.52598623028,-9355.0
23125.52604872711,-10943.0
23125.526111223942,-12076.0
23125.526173720777,-12885.0
23125.526236217607,-13410.0
23125.526298714438,-13818.0
23125.52636121127,-13873.0
23125.5264237081,-13376.0
23125.526486204933,-12692.0
23125.526548701764,-11540.0
23125.526611198595,-10219.0
23125.526673695425,-8763.0
23125.526736192256,-7119.0
23125.52679868909,-5478.0
23125.52686118592,-3711.0
23125.52692368275,-2013.0
23125.526986179582,-283.0
23125.527048676413,1230.0
23125.527111173247,2407.0
23125.527173670078,3649.0
23125.52723616691,4763.0
23125.52729866374,5689.0
23125.527361160573,6473.0
23125.527423657404,7228.0
23125.527486154235,7961.0
23125.527548651065,8577.0
23125.527611147896,9156.0
23125.52767364473,9633.0
23125.52773614156,9979.0
23125.52779863839,10214.0
23125.527861135222,10463.0
23125.527923632053,10533.0
23125.527986128887,10507.0
23125.528048625718,10459.0
23125.52811112255,10071.0
23125.52817361938,9582.0
23125.52823611621,8984.0
23125.528298613044,8175.0
23125.528361109875,7099.0
23125.528423606705,5861.0
23125.528486103536,4570.0
23125.52854860037,2959.0
23125.5286110972,1264.0
23125.52867359403,-447.0
23125.528736090862,-2252.0
23125.528798587693,-3924.0
23125.528861084527,-5577.0
23125.528923581358,-7239.0
23125.52898607819,-8851.0
23125.52904857502,-10480.0
23125.52911107185,-11977.0
23125.529173568684,-12991.0
23125.529236065515,-13648.0
23125.529298562346,-14139.0
23125.529361059176,-14456.0
23125.529423556007,-14357.0
23125.52948605284,-13752.0
23125.52954854967,-12864.0
23125.529611046502,-11646.0
23125.529673543333,-10281.0
23125.529736040167,-8694.0
23125.529798536998,-6942.0
23125.52986103383,-5219.0
23125.52992353066,-3398.0
23125.52998602749,-1548.0
23125.530048524324,254.0
23125.530111021155,1784.0
23125.530173517986,3100.0
23125.530236014816,4400.0
23125.530298511647,5558.0
23125.53036100848,6571.0
23125.53042350531,7374.0
23125.530486002142,8182.0
23125.530548498973,8723.0
23125.530610995804,9128.0
23125.530673492638,9752.0
23125.53073598947,10250.0
23125.5307984863,10575.0
23125.53086098313,10792.0
23125.530923479964,10944.0
23125.530985976795,10927.0
23125.531048473626,10819.0
23125.531110970456,10675.0
23125.531173467287,10218.0
23125.53123596412,9620.0
23125.53129846095,8909.0
23125.531360957782,7899.0
23125.531423454613,6686.0
23125.531485951444,5324.0
23125.531548448278,3803.0
23125.53161094511,2040.0
23125.53167344194,224.0
23125.53173593877,-1599.0
23125.5317984356,-3464.0
23125.531860932435,-5217.0
23125.531923429266,-6880.0
23125.531985926096,-8540.0
23125.532048422927,-10179.0
23125.53211091976,-11838.0
23125.532173416592,-13143.0
23125.532235913422,-13966.0
23125.532298410253,-14565.0
23125.532360907084,-14905.0
23125.532423403918,-15041.0
23125.53248590075,-14685.0
23125.53254839758,-13846.0
23125.53261089441,-12770.0
23125.53267339124,-11436.0
23125.532735888075,-9958.0
23125.532798384906,-8256.0
23125.532860881736,-6444.0
23125.532923378567,-4621.0
23125.532985875398,-2617.0
23125.533048372232,-611.0
23125.533110869063,1136.0
23125.533173365893,2660.0
23125.533235862724,4045.0
23125.533298359558,5278.0
23125.53336085639,6433.0
23125.53342335322,7382.0
23125.53348585005,8228.0
23125.53354834688,9061.0
23125.533610843715,9711.0
23125.533673340546,10360.0
23125.533735837376,10904.0
23125.533798334207,11351.0
23125.533860831038,11695.0
23125.533923327872,11852.0
23125.533985824703,11937.0
23125.534048321533,11884.0
23125.534110818364,11786.0
23125.534173315194,11391.0
23125.53423581203,10705.0
23125.53429830886,10003.0
23125.53436080569,8999.0
23125.53442330252,7731.0
23125.534485799355,6291.0
23125.534548296186,4724.0
23125.534610793016,2902.0
23125.534673289847,906.0
23125.534735786678,-1059.0
23125.534798283512,-3020.0
23125.534860780343,-4957.0
23125.534923277173,-6702.0
23125.534985774004,-8451.0
23125.535048270835,-10261.0
23125.53511076767,-12041.0
23125.5351732645,-13528.0
23125.53523576133,-14376.0
23125.53529825816,-15054.0
23125.53536075499,-15498.0
23125.535423251826,-15713.0
23125.535485748656,-15483.0
23125.535548245487,-14716.0
23125.535610742318,-13638.0
23125.535673239152,-12235.0
23125.535735735983,-10668.0
23125.535798232813,-8753.0
23125.535860729644,-6742.0
23125.535923226475,-4796.0
23125.53598572331,-2699.0
23125.53604822014,-564.0
23125.53611071697,1329.0
23125.5361732138,2922.0
23125.53623571063,4426.0
23125.536298207466,5804.0
23125.536360704296,7010.0
23125.536423201127,8012.0
23125.536485697958,8820.0
23125.53654819479,9622.0
23125.536610691623,10237.0
23125.536673188453,10873.0
23125.536735685284,11460.0
23125.536798182115,11753.0
23125.53686067895,12096.0
23125.53692317578,12297.0
23125.53698567261,12214.0
23125.53704816944,12185.0
23125.53711066627,12064.0
23125.537173163106,11670.0
23125.537235659936,10966.0
23125.537298156767,10126.0
23125.537360653598,9176.0
23125.53742315043,7809.0
23125.537485647263,6392.0
23125.537548144093,4892.0
23125.537610640924,2970.0
23125.537673137755,1045.0
23125.537735634585,-903.0
23125.53779813142,-2931.0
23125.53786062825,-4849.0
23125.53792312508,-6643.0
23125.53798562191,-8349.0
23125.538048118746,-10163.0
23125.538110615576,-11937.0
23125.538173112407,-13505.0
23125.538235609238,-14530.0
23125.53829810607,-15226.0
23125.538360602903,-15753.0
23125.538423099733,-16079.0
23125.538485596564,-15945.0
23125.538548093395,-15193.0
23125.538610590225,-14229.0
23125.53867308706,-12857.0
23125.53873558389,-11288.0
23125.53879808072,-9512.0
23125.53886057755,-7495.0
23125.538923074382,-5545.0
23125.538985571216,-3411.0
23125.539048068047,-1206.0
23125.539110564878,809.0
23125.53917306171,2519.0
23125.539235558543,4011.0
23125.539298055373,5515.0
23125.539360552204,6799.0
23125.539423049035,7826.0
23125.539485545865,8709.0
23125.5395480427,9481.0
23125.53961053953,10139.0
23125.53967303636,10733.0
23125.53973553319,11281.0
23125.539798030022,11682.0
23125.539860526857,11972.0
23125.539923023687,12134.0
23125.539985520518,12230.0
23125.54004801735,12128.0
23125.54011051418,12056.0
23125.540173011013,11841.0
23125.540235507844,11204.0
23125.540298004675,10507.0
23125.540360501505,9711.0
23125.54042299834,8517.0
23125.54048549517,7078.0
23125.540547992,5829.0
23125.54061048883,4107.0
23125.540672985662,1974.0
23125.540735482497,34.0
23125.540797979327,-2041.0
23125.540860476158,-4107.0
23125.54092297299,-6004.0
23125.54098546982,-7832.0
23125.541047966653,-9658.0
23125.541110463484,-11464.0
23125.541172960315,-13194.0
23125.541235457145,-14439.0
23125.541297953976,-15198.0
23125.54136045081,-15757.0
23125.54142294764,-16091.0
23125.54148544447,-16228.0
23125.541547941302,-15637.0
23125.541610438137,-14662.0
23125.541672934967,-13488.0
23125.541735431798,-11928.0
23125.54179792863,-10224.0
23125.54186042546,-8144.0
23125.541922922293,-6125.0
23125.541985419124,-4167.0
23125.542047915955,-1906.0
23125.542110412785,223.0
23125.542172909616,1980.0
23125.54223540645,3502.0
23125.54229790328,5016.0
23125.54236040011,6434.0
23125.542422896942,7524.0
23125.542485393773,8369.0
23125.542547890607,9273.0
23125.542610387438,10022.0
23125.54267288427,10609.0
23125.5427353811,11279.0
23125.542797877933,11803.0
23125.542860374764,12147.0
23125.542922871595,12477.0
23125.542985368425,12673.0
23125.543047865256,12561.0
23125.54311036209,12505.0
23125.54317285892,12377.0
23125.54323535575,11882.0
23125.543297852582,11146.0
23125.543360349413,10367.0
23125.543422846247,9322.0
23125.543485343078,7891.0
23125.54354783991,6513.0
23125.54361033674,4822.0
23125.54367283357,2755.0
23125.543735330404,711.0
23125.543797827235,-1382.0
23125.543860324065,-3519.0
23125.543922820896,-5556.0
23125.54398531773,-7369.0
23125.54404781456,-9245.0
23125.54411031139,-11078.0
23125.544172808222,-12835.0
23125.544235305053,-14428.0
23125.544297801887,-15340.0
23125.544360298718,-15987.0
23125.54442279555,-16483.0
23125.54448529238,-16789.0
23125.54454778921,-16450.0
23125.544610286044,-15602.0
23125.544672782875,-14592.0
23125.544735279705,-13124.0
23125.544797776536,-11508.0
23125.544860273367,-9571.0
23125.5449227702,-7513.0
23125.54498526703,-5399.0
23125.545047763862,-3118.0
23125.545110260693,-988.0
23125.545172757527,1003.0
23125.545235254358,2648.0
23125.54529775119,4105.0
23125.54536024802,5657.0
23125.54542274485,6945.0
23125.545485241684,7936.0
23125.545547738515,8848.0
23125.545610235346,9681.0
23125.545672732176,10332.0
23125.545735229007,10917.0
23125.54579772584,11485.0
23125.54586022267,11951.0
23125.545922719502,12288.0
23125.545985216333,12463.0
23125.546047713164,12507.0
23125.546110209998,12452.0
23125.54617270683,12377.0
23125.54623520366,12054.0
23125.54629770049,11354.0
23125.546360197324,10622.0
23125.546422694155,9789.0
23125.546485190986,8512.0
23125.546547687816,7087.0
23125.546610184647,5607.0
23125.54667268148,3741.0
23125.54673517831,1690.0
23125.546797675142,-262.0
23125.546860171973,-2342.0
23125.546922668804,-4405.0
23125.546985165638,-6203.0
23125.54704766247,-8090.0
23125.5471101593,-10056.0
23125.54717265613,-11839.0
23125.54723515296,-13653.0
23125.547297649795,-14964.0
23125.547360146626,-15739.0
23125.547422643456,-16360.0
23125.547485140287,-16802.0
23125.54754763712,-16841.0
23125.547610133952,-16177.0
23125.547672630782,-15330.0
23125.547735127613,-14035.0
23125.547797624444,-12439.0
23125.547860121278,-10735.0
23125.54792261811,-8709.0
23125.54798511494,-6712.0
23125.54804761177,-4536.0
23125.5481101086,-2343.0
23125.548172605435,-257.0
23125.548235102266,1623.0
23125.548297599096,3143.0
23125.548360095927,4711.0
23125.548422592758,6277.0
23125.548485089592,7366.0
23125.548547586423,8301.0
23125.548610083253,9276.0
23125.548672580084,9992.0
23125.548735076918,10654.0
23125.54879757375,11329.0
23125.54886007058,11853.0
23125.54892256741,12308.0
23125.54898506424,12602.0
23125.549047561075,12785.0
23125.549110057906,12744.0
23125.549172554736,12661.0
23125.549235051567,12663.0
23125.549297548398,12114.0
23125.549360045232,11308.0
23125.549422542063,10580.0
23125.549485038893,9507.0
23125.549547535724,8199.0
23125.549610032554,6787.0
23125.54967252939,5144.0
23125.54973502622,3176.0
23125.54979752305,1159.0
23125.54986001988,-852.0
23125.549922516715,-3036.0
23125.549985013546,-5059.0
23125.550047510376,-6882.0
23125.550110007207,-8861.0
23125.550172504038,-10810.0
23125.550235000872,-12644.0
23125.550297497703,-14329.0
23125.550359994533,-15338.0
23125.550422491364,-16079.0
23125.550484988195,-16642.0
23125.55054748503,-17186.0
23125.55060998186,-17116.0
23125.55067247869,-16264.0
23125.55073497552,-15262.0
23125.55079747235,-13836.0
23125.550859969186,-12208.0
23125.550922466016,-10236.0
23125.550984962847,-8204.0
23125.551047459678,-6130.0
23125.551109956512,-3882.0
23125.551172453343,-1799.0
23125.551234950173,332.0
23125.551297447004,2003.0
23125.551359943835,3437.0
23125.55142244067,5039.0
23125.5514849375,6283.0
23125.55154743433,7415.0
23125.55160993116,8471.0
23125.55167242799,9311.0
23125.551734924826,10013.0
23125.551797421656,10681.0
23125.551859918487,11363.0
23125.551922415318,11850.0
23125.55198491215,12257.0
23125.552047408983,12641.0
23125.552109905813,12756.0
23125.552172402644,12654.0
23125.552234899475,12672.0
23125.55229739631,12441.0
23125.55235989314,11764.0
23125.55242238997,11112.0
23125.5524848868,10310.0
23125.55254738363,9156.0
23125.552609880466,7796.0
23125.552672377296,6396.0
23125.552734874127,4685.0
23125.552797370958,2652.0
23125.55285986779,784.0
23125.552922364623,-1213.0
23125.552984861453,-3341.0
23125.553047358284,-5199.0
23125.553109855115,-6986.0
23125.553172351945,-9021.0
23125.55323484878,-10877.0
23125.55329734561,-12661.0
23125.55335984244,-14450.0
23125.55342233927,-15462.0
23125.553484836106,-16136.0
23125.553547332936,-16748.0
23125.553609829767,-17187.0
23125.553672326598,-16804.0
23125.55373482343,-15981.0
23125.553797320263,-15098.0
23125.553859817093,-13506.0
23125.553922313924,-11821.0
23125.553984810755,-9942.0
23125.554047307585,-7848.0
23125.55410980442,-5671.0
23125.55417230125,-3420.0
23125.55423479808,-1337.0
23125.55429729491,742.0
23125.554359791742,2453.0
23125.554422288576,3812.0
23125.554484785407,5296.0
23125.554547282238,6747.0
23125.55460977907,7681.0
23125.554672275903,8506.0
23125.554734772733,9428.0
23125.554797269564,10110.0
23125.554859766395,10787.0
23125.554922263225,11431.0
23125.55498476006,11857.0
23125.55504725689,12163.0
23125.55510975372,12593.0
23125.55517225055,12819.0
23125.555234747382,12575.0
23125.555297244216,12495.0
23125.555359741047,12443.0
23125.555422237878,11819.0
23125.55548473471,11055.0
23125.55554723154,10382.0
23125.555609728373,9232.0
23125.555672225204,7933.0
23125.555734722035,6638.0
23125.555797218865,5068.0
23125.5558597157,3221.0
23125.55592221253,1418.0
23125.55598470936,-389.0
23125.55604720619,-2539.0
23125.556109703022,-4362.0
23125.556172199857,-6032.0
23125.556234696687,-8052.0
23125.556297193518,-9970.0
23125.55635969035,-11729.0
23125.55642218718,-13659.0
23125.556484684013,-15007.0
23125.556547180844,-15660.0
23125.556609677675,-16336.0
23125.556672174505,-17029.0
23125.556734671336,-16889.0
23125.55679716817,-16045.0
23125.556859665,-15289.0
23125.55692216183,-13960.0
23125.556984658662,-12195.0
23125.557047155497,-10466.0
23125.557109652327,-8484.0
23125.557172149158,-6269.0
23125.55723464599,-4057.0
23125.55729714282,-2017.0
23125.557359639653,109.0
23125.557422136484,1949.0
23125.557484633315,3294.0
23125.557547130145,4804.0
23125.557609626976,6301.0
23125.55767212381,7194.0
23125.55773462064,8019.0
23125.55779711747,9047.0
23125.557859614302,9726.0
23125.557922111133,10297.0
23125.557984607967,11034.0
23125.558047104798,11583.0
23125.55810960163,11843.0
23125.55817209846,12263.0
23125.558234595293,12703.0
23125.558297092124,12541.0
23125.558359588955,12446.0
23125.558422085785,12516.0
23125.558484582616,11929.0
23125.55854707945,11180.0
23125.55860957628,10648.0
23125.55867207311,9661.0
23125.558734569942,8266.0
23125.558797066773,7051.0
23125.558859563607,5698.0
23125.558922060438,3841.0
23125.55898455727,2061.0
23125.5590470541,414.0
23125.55910955093,-1646.0
23125.559172047764,-3651.0
23125.559234544595,-5300.0
23125.559297041425,-7205.0
23125.559359538256,-9256.0
23125.55942203509,-10944.0
23125.55948453192,-12918.0
23125.55954702875,-14649.0
23125.559609525582,-15458.0
23125.559672022413,-16122.0
23125.559734519247,-16917.0
23125.559797016078,-17270.0
23125.55985951291,-16592.0
23125.55992200974,-15889.0
23125.55998450657,-14903.0
23125.560047003404,-13149.0
23125.560109500235,-11445.0
23125.560171997065,-9609.0
23125.560234493896,-7427.0
23125.560296990727,-5090.0
23125.56035948756,-3010.0
23125.56042198439,-867.0
23125.560484481222,1233.0
23125.560546978053,2901.0
23125.560609474887,4414.0
23125.560671971718,5955.0
23125.56073446855,7143.0
23125.56079696538,7756.0
23125.56085946221,8665.0
23125.560921959044,9540.0
23125.560984455875,9986.0
23125.561046952706,10754.0
23125.561109449536,11495.0
23125.561171946367,11801.0
23125.5612344432,12144.0
23125.56129694003,12746.0
23125.561359436862,12848.0
23125.561421933693,12604.0
23125.561484430524,12711.0
23125.561546927358,12382.0
23125.56160942419,11453.0
23125.56167192102,10828.0
23125.56173441785,10196.0
23125.561796914684,8863.0
23125.561859411515,7592.0
23125.561921908346,6464.0
23125.561984405176,4776.0
23125.562046902007,2989.0
23125.56210939884,1543.0
23125.56217189567,-240.0
23125.562234392502,-2274.0
23125.562296889333,-3876.0
23125.562359386164,-5573.0
23125.562421882998,-7686.0
23125.56248437983,-9528.0
23125.56254687666,-11129.0
23125.56260937349,-13353.0
23125.56267187032,-14854.0
23125.562734367155,-15380.0
23125.562796863986,-16177.0
23125.562859360816,-17029.0
23125.562921857647,-17013.0
23125.56298435448,-16299.0
23125.56304685131,-15818.0
23125.563109348142,-14500.0
23125.563171844973,-12684.0
23125.563234341804,-11152.0
23125.563296838638,-9094.0
23125.56335933547,-6658.0
23125.5634218323,-4417.0
23125.56348432913,-2415.0
23125.56354682596,32.0
23125.563609322795,1983.0
23125.563671819626,3128.0
23125.563734316456,4662.0
23125.563796813287,6214.0
23125.563859310118,7040.0
23125.563921806952,7691.0
23125.563984303782,8738.0
23125.564046800613,9357.0
23125.564109297444,9735.0
23125.564171794278,10614.0
23125.56423429111,11210.0
23125.56429678794,11407.0
23125.56435928477,11924.0
23125.5644217816,12504.0
23125.564484278435,12339.0
23125.564546775266,12237.0
23125.564609272096,12517.0
23125.564671768927,11945.0
23125.564734265758,11050.0
23125.564796762592,10602.0
23125.564859259423,9795.0
23125.564921756253,8353.0
23125.564984253084,7232.0
23125.565046749914,6116.0
23125.56510924675,4317.0
23125.56517174358,2731.0
23125.56523424041,1441.0
23125.56529673724,-454.0
23125.565359234075,-2374.0
23125.565421730906,-3747.0
23125.565484227736,-5460.0
23125.565546724567,-7494.0
23125.565609221398,-9094.0
23125.565671718232,-10708.0
23125.565734215063,-13056.0
23125.565796711893,-14590.0
23125.565859208724,-15152.0
23125.565921705555,-16164.0
23125.56598420239,-17113.0
23125.56604669922,-17106.0
23125.56610919605,-16549.0
23125.56617169288,-16185.0
23125.56623418971,-14837.0
23125.566296686546,-13068.0
23125.566359183376,-11647.0
23125.566421680207,-9543.0
23125.566484177038,-7086.0
23125.566546673872,-4882.0
23125.566609170703,-2932.0
23125.566671667533,-363.0
23125.566734164364,1702.0
23125.566796661195,2759.0
23125.56685915803,4428.0
23125.56692165486,6025.0
23125.56698415169,6727.0
23125.56704664852,7414.0
23125.56710914535,8476.0
23125.567171642186,8989.0
23125.567234139016,9310.0
23125.567296635847,10273.0
23125.567359132678,10872.0
23125.56742162951,10943.0
23125.567484126343,11525.0
23125.567546623173,12214.0
23125.567609120004,12064.0
23125.567671616835,12065.0
23125.56773411367,12512.0
23125.5677966105,11990.0
23125.56785910733,11136.0
23125.56792160416,10841.0
23125.56798410099,10089.0
23125.568046597826,8658.0
23125.568109094656,7582.0
23125.568171591487,6551.0
23125.568234088318,4749.0
23125.56829658515,3203.0
23125.568359081983,2023.0
23125.568421578813,161.0
23125.568484075644,-1785.0
23125.568546572475,-3086.0
23125.568609069305,-4743.0
23125.56867156614,-6877.0
23125.56873406297,-8451.0
23125.5687965598,-9974.0
23125.56885905663,-12334.0
23125.568921553466,-14083.0
23125.568984050296,-14682.0
23125.569046547127,-15688.0
23125.569109043958,-16756.0
23125.56917154079,-16954.0
23125.569234037623,-16520.0
23125.569296534453,-16243.0
23125.569359031284,-15112.0
23125.569421528115,-13282.0
23125.569484024945,-11996.0
23125.56954652178,-10046.0
23125.56960901861,-7545.0
23125.56967151544,-5424.0
23125.56973401227,-3519.0
23125.569796509102,-962.0
23125.569859005936,1339.0
23125.569921502767,2406.0
23125.569983999598,3901.0
23125.57004649643,5644.0
23125.570108993263,6434.0
23125.570171490093,6988.0
23125.570233986924,8138.0
23125.570296483755,8807.0
23125.570358980585,9019.0
23125.57042147742,9920.0
23125.57048397425,10593.0
23125.57054647108,10522.0
23125.57060896791,10888.0
23125.570671464742,11639.0
23125.570733961576,11559.0
23125.570796458407,11529.0
23125.570858955238,12110.0
23125.57092145207,11785.0
23125.5709839489,10853.0
23125.571046445733,10433.0
23125.571108942564,9884.0
23125.571171439395,8570.0
23125.571233936225,7481.0
23125.57129643306,6650.0
23125.57135892989,5040.0
23125.57142142672,3514.0
23125.57148392355,2497.0
23125.571546420382,938.0
23125.571608917217,-939.0
23125.571671414047,-2175.0
23125.571733910878,-3590.0
23125.57179640771,-5592.0
23125.57185890454,-7138.0
23125.571921401373,-8505.0
23125.571983898204,-10516.0
23125.572046395035,-12829.0
23125.572108891865,-13973.0
23125.572171388696,-14869.0
23125.57223388553,-16196.0
23125.57229638236,-16795.0
23125.57235887919,-16863.0
23125.572421376022,-16640.0
23125.572483872857,-16013.0
23125.572546369687,-14432.0
23125.572608866518,-12965.0
23125.57267136335,-11515.0
23125.57273386018,-9031.0
23125.572796357013,-6792.0
23125.572858853844,-4910.0
23125.572921350675,-2667.0
23125.572983847505,-54.0
23125.573046344336,1662.0
23125.57310884117,2869.0
23125.573171338,4541.0
23125.57323383483,5787.0
23125.573296331662,6510.0
23125.573358828493,7280.0
23125.573421325327,8167.0
23125.573483822158,8361.0
23125.57354631899,8780.0
23125.57360881582,9871.0
23125.573671312653,10180.0
23125.573733809484,10358.0
23125.573796306315,11194.0
23125.573858803145,11638.0
23125.573921299976,11417.0
23125.57398379681,11772.0
23125.57404629364,12125.0
23125.57410879047,11497.0
23125.574171287302,10847.0
23125.574233784133,10484.0
23125.574296280967,9683.0
23125.574358777798,8451.0
23125.57442127463,7628.0
23125.57448377146,6503.0
23125.57454626829,4769.0
23125.574608765124,3640.0
23125.574671261955,2575.0
23125.574733758785,824.0
23125.574796255616,-755.0
23125.57485875245,-1808.0
23125.57492124928,-3405.0
23125.57498374611,-5328.0
23125.575046242942,-6610.0
23125.575108739773,-8060.0
23125.575171236607,-10149.0
23125.575233733438,-12216.0
23125.57529623027,-13419.0
23125.5753587271,-14525.0
23125.57542122393,-15660.0
23125.575483720764,-16198.0
23125.575546217595,-16594.0
23125.575608714425,-16429.0
23125.575671211256,-15668.0
23125.575733708087,-14250.0
23125.57579620492,-12924.0
23125.57585870175,-11362.0
23125.575921198582,-8844.0
23125.575983695413,-6716.0
23125.576046192247,-4694.0
23125.576108689078,-2287.0
23125.57617118591,166.0
23125.57623368274,1867.0
23125.57629617957,3126.0
23125.576358676404,4627.0
23125.576421173235,5633.0
23125.576483670065,6311.0
23125.576546166896,7164.0
23125.576608663727,8001.0
23125.57667116056,8313.0
23125.57673365739,8811.0
23125.576796154222,9687.0
23125.576858651053,9964.0
23125.576921147884,10255.0
23125.576983644718,11066.0
23125.57704614155,11525.0
23125.57710863838,11338.0
23125.57717113521,11626.0
23125.577233632044,12038.0
23125.577296128875,11491.0
23125.577358625706,10849.0
23125.577421122536,10463.0
23125.577483619367,9584.0
23125.5775461162,8418.0
23125.57760861303,7587.0
23125.577671109862,6434.0
23125.577733606693,4776.0
23125.577796103524,3687.0
23125.577858600358,2734.0
23125.57792109719,1092.0
23125.57798359402,-386.0
23125.57804609085,-1316.0
23125.57810858768,-2786.0
23125.578171084515,-4611.0
23125.578233581346,-5803.0
23125.578296078176,-7248.0
23125.578358575007,-9236.0
23125.57842107184,-11236.0
23125.57848356867,-12810.0
23125.578546065502,-13980.0
23125.578608562333,-15151.0
23125.578671059164,-15824.0
23125.578733555998,-16497.0
23125.57879605283,-16599.0
23125.57885854966,-15895.0
23125.57892104649,-14762.0
23125.57898354332,-13434.0
23125.579046040155,-11950.0
23125.579108536986,-9641.0
23125.579171033816,-7471.0
23125.579233530647,-5333.0
23125.579296027478,-2902.0
23125.579358524312,-543.0
23125.579421021142,1445.0
23125.579483517973,2750.0
23125.579546014804,4109.0
23125.579608511638,5168.0
23125.57967100847,5912.0
23125.5797335053,6731.0
23125.57979600213,7395.0
23125.57985849896,7661.0
23125.579920995795,8092.0
23125.579983492626,8921.0
23125.580045989456,9339.0
23125.580108486287,9869.0
23125.580170983118,10566.0
23125.580233479952,11247.0
23125.580295976783,11338.0
23125.580358473613,11333.0
23125.580420970444,11784.0
23125.580483467274,11464.0
23125.58054596411,11094.0
23125.58060846094,10719.0
23125.58067095777,9755.0
23125.5807334546,8680.0
23125.580795951435,7766.0
23125.580858448266,6716.0
23125.580920945096,5274.0
23125.580983441927,4020.0
23125.581045938758,3175.0
23125.581108435592,1977.0
23125.581170932423,529.0
23125.581233429253,-362.0
23125.581295926084,-1446.0
23125.581358422914,-2981.0
23125.58142091975,-4155.0
23125.58148341658,-5398.0
23125.58154591341,-7106.0
23125.58160841024,-8845.0
23125.58167090707,-10745.0
23125.581733403906,-12501.0
23125.581795900736,-13739.0
23125.581858397567,-14685.0
23125.581920894398,-15584.0
23125.581983391232,-16415.0
23125.582045888063,-16125.0
23125.582108384893,-15368.0
23125.582170881724,-14462.0
23125.582233378555,-13022.0
23125.58229587539,-11200.0
23125.58235837222,-8979.0
23125.58242086905,-6857.0
23125.58248336588,-4483.0
23125.58254586271,-2198.0
23125.582608359546,-70.0
23125.582670856376,1899.0
23125.582733353207,3137.0
23125.582795850038,4306.0
23125.58285834687,5281.0
23125.582920843703,5945.0
23125.582983340533,6467.0
23125.583045837364,6892.0
23125.583108334195,7478.0
23125.58317083103,7992.0
23125.58323332786,8560.0
23125.58329582469,9207.0
23125.58335832152,9713.0
23125.58342081835,10280.0
23125.583483315186,10982.0
23125.583545812016,11159.0
23125.583608308847,11301.0
23125.583670805678,11698.0
23125.58373330251,11384.0
23125.583795799343,10792.0
23125.583858296173,10164.0
23125.583920793004,9334.0
23125.583983289835,8271.0
23125.584045786665,7096.0
23125.5841082835,6094.0
23125.58417078033,4711.0
23125.58423327716,3440.0
23125.58429577399,2637.0
23125.584358270826,1441.0
23125.584420767656,242.0
23125.584483264487,-503.0
23125.584545761318,-1490.0
23125.58460825815,-2890.0
23125.584670754983,-4002.0
23125.584733251813,-5021.0
23125.584795748644,-6627.0
23125.584858245475,-8324.0
23125.584920742305,-10110.0
23125.58498323914,-12030.0
23125.58504573597,-13333.0
23125.5851082328,-14235.0
23125.58517072963,-15283.0
23125.585233226462,-16333.0
23125.585295723296,-16221.0
23125.585358220127,-15620.0
23125.585420716958,-14904.0
23125.58548321379,-13448.0
23125.585545710623,-11586.0
23125.585608207453,-9519.0
23125.585670704284,-7370.0
23125.585733201115,-4880.0
23125.585795697945,-2608.0
23125.58585819478,-526.0
23125.58592069161,1637.0
23125.58598318844,3044.0
23125.58604568527,3936.0
23125.586108182102,4890.0
23125.586170678936,5756.0
23125.586233175767,6029.0
23125.586295672598,6396.0
23125.58635816943,7038.0
23125.58642066626,7304.0
23125.586483163093,7823.0
23125.586545659924,8578.0
23125.586608156755,9178.0
23125.586670653585,9696.0
23125.58673315042,10390.0
23125.58679564725,10840.0
23125.58685814408,10883.0
23125.58692064091,11179.0
23125.586983137742,11162.0
23125.587045634576,10515.0
23125.587108131407,9807.0
23125.587170628238,9069.0
23125.58723312507,8015.0
23125.5872956219,6830.0
23125.587358118733,5881.0
23125.587420615564,4704.0
23125.587483112395,3381.0
23125.587545609225,2525.0
23125.587608106056,1664.0
23125.58767060289,617.0
23125.58773309972,-67.0
23125.58779559655,-667.0
23125.587858093382,-1743.0
23125.587920590217,-2744.0
23125.587983087047,-3520.0
23125.588045583878,-4734.0
23125.58810808071,-6269.0
23125.58817057754,-7827.0
23125.588233074373,-9882.0
23125.588295571204,-11682.0
23125.588358068035,-12702.0
23125.588420564865,-13802.0
23125.588483061696,-15065.0
23125.58854555853,-15671.0
23125.58860805536,-15331.0
23125.58867055219,-14956.0
23125.588733049022,-13943.0
23125.588795545853,-12211.0
23125.588858042687,-10433.0
23125.588920539518,-8298.0
23125.58898303635,-5925.0
23125.58904553318,-3480.0
23125.589108030013,-1459.0
23125.589170526844,674.0
23125.589233023675,2600.0
23125.589295520505,3473.0
23125.589358017336,4264.0
23125.58942051417,5158.0
23125.589483011,5667.0
23125.58954550783,5893.0
23125.589608004662,6426.0
23125.589670501493,6666.0
23125.589732998327,6783.0
23125.589795495158,7509.0
23125.58985799199,8025.0
23125.58992048882,8464.0
23125.58998298565,9150.0
23125.590045482484,9884.0
23125.590107979315,10139.0
23125.590170476145,10340.0
23125.590232972976,10853.0
23125.59029546981,10717.0
23125.59035796664,9944.0
23125.59042046347,9375.0
23125.590482960302,8627.0
23125.590545457133,7125.0
23125.590607953967,5925.0
23125.590670450798,4926.0
23125.59073294763,3510.0
23125.59079544446,2422.0
23125.59085794129,1736.0
23125.590920438124,893.0
23125.590982934955,69.0
23125.591045431785,-178.0
23125.591107928616,-493.0
23125.591170425447,-1382.0
23125.59123292228,-1919.0
23125.59129541911,-2430.0
23125.591357915942,-3554.0
23125.591420412773,-4823.0
23125.591482909607,-6212.0
23125.591545406438,-8213.0
23125.59160790327,-10395.0
23125.5916704001,-11582.0
23125.59173289693,-12815.0
23125.591795393764,-14396.0
23125.591857890595,-15365.0
23125.591920387425,-15460.0
23125.591982884256,-15280.0
23125.592045381087,-14664.0
23125.59210787792,-12978.0
23125.59217037475,-11340.0
23125.592232871582,-9514.0
23125.592295368413,-7003.0
23125.592357865244,-4445.0
23125.592420362078,-2279.0
23125.59248285891,-56.0
23125.59254535574,2237.0
23125.59260785257,3258.0
23125.592670349404,3771.0
23125.592732846235,4789.0
23125.592795343066,5299.0
23125.592857839896,5181.0
23125.592920336727,5638.0
23125.59298283356,6022.0
23125.59304533039,5756.0
23125.593107827222,6303.0
23125.593170324053,7115.0
23125.593232820884,7520.0
23125.593295317718,8128.0
23125.59335781455,9106.0
23125.59342031138,9803.0
23125.59348280821,9804.0
23125.59354530504,10518.0
23125.593607801875,10974.0
23125.593670298706,10217.0
23125.593732795536,9740.0
23125.593795292367,9300.0
23125.5938577892,8149.0
23125.59392028603,6944.0
23125.593982782862,6167.0
23125.594045279693,4898.0
23125.594107776524,3350.0
23125.594170273358,2568.0
23125.59423277019,1941.0
23125.59429526702,820.0
23125.59435776385,280.0
23125.59442026068,235.0
23125.594482757515,-587.0
23125.594545254346,-1313.0
23125.594607751176,-1530.0
23125.594670248007,-2330.0
23125.594732744838,-3579.0
23125.59479524167,-4713.0
23125.594857738502,-6172.0
23125.594920235333,-8492.0
23125.594982732164,-10335.0
23125.595045228998,-11265.0
23125.59510772583,-12752.0
23125.59517022266,-14244.0
23125.59523271949,-14856.0
23125.59529521632,-14899.0
23125.595357713155,-14824.0
23125.595420209986,-13755.0
23125.595482706816,-12052.0
23125.595545203647,-10649.0
23125.595607700478,-8575.0
23125.595670197312,-5977.0
23125.595732694142,-3742.0
23125.595795190973,-1788.0
23125.595857687804,620.0
23125.595920184634,2437.0
23125.59598268147,3113.0
23125.5960451783,4071.0
23125.59610767513,5026.0
23125.59617017196,5259.0
23125.596232668795,5328.0
23125.596295165626,5845.0
23125.596357662456,5950.0
23125.596420159287,5780.0
23125.596482656118,6512.0
23125.596545152952,7210.0
23125.596607649783,7478.0
23125.596670146613,8183.0
23125.596732643444,9187.0
23125.596795140274,9481.0
23125.59685763711,9732.0
23125.59692013394,10600.0
23125.59698263077,10662.0
23125.5970451276,10034.0
23125.59710762443,9722.0
23125.597170121266,9187.0
23125.597232618096,7907.0
23125.597295114927,6825.0
23125.597357611758,6016.0
23125.597420108592,4474.0
23125.597482605423,3100.0
23125.597545102253,2484.0
23125.597607599084,1572.0
23125.597670095915,512.0
23125.59773259275,240.0
23125.59779508958,18.0
23125.59785758641,-810.0
23125.59792008324,-1326.0
23125.59798258007,-1544.0
23125.598045076906,-2447.0
23125.598107573736,-3574.0
23125.598170070567,-4509.0
23125.598232567398,-6097.0
23125.59829506423,-8329.0
23125.598357561063,-9972.0
23125.598420057893,-11052.0
23125.598482554724,-12624.0
23125.598545051555,-13910.0
23125.59860754839,-14572.0
23125.59867004522,-14900.0
23125.59873254205,-14769.0
23125.59879503888,-13712.0
23125.59885753571,-12229.0
23125.598920032546,-10944.0
23125.598982529376,-8886.0
23125.599045026207,-6423.0
23125.599107523038,-4331.0
23125.59917001987,-2271.0
23125.599232516703,96.0
23125.599295013533,1913.0
23125.599357510364,2725.0
23125.599420007195,3660.0
23125.599482504025,4482.0
23125.59954500086,4766.0
23125.59960749769,5034.0
23125.59966999452,5413.0
23125.59973249135,5472.0
23125.599794988186,5477.0
23125.599857485016,6172.0
23125.599919981847,6862.0
23125.599982478678,7176.0
23125.60004497551,7850.0
23125.600107472343,8741.0
23125.600169969173,9127.0
23125.600232466004,9463.0
23125.600294962835,10218.0
23125.600357459665,10430.0
23125.6004199565,9958.0
23125.60048245333,9666.0
23125.60054495016,9370.0
23125.60060744699,8382.0
23125.600669943822,7351.0
23125.600732440656,6511.0
23125.600794937487,5023.0
23125.600857434318,3625.0
23125.60091993115,2909.0
23125.600982427983,1976.0
23125.601044924813,978.0
23125.601107421644,554.0
23125.601169918475,322.0
23125.601232415305,-372.0
23125.60129491214,-943.0
23125.60135740897,-1155.0
23125.6014199058,-1909.0
23125.60148240263,-2921.0
23125.601544899462,-3714.0
23125.601607396296,-5070.0
23125.601669893127,-7061.0
23125.601732389958,-8895.0
23125.60179488679,-10238.0
23125.60185738362,-11659.0
23125.601919880453,-12967.0
23125.601982377284,-13906.0
23125.602044874115,-14610.0
23125.602107370945,-14617.0
23125.60216986778,-13974.0
23125.60223236461,-12755.0
23125.60229486144,-11493.0
23125.60235735827,-9845.0
23125.602419855102,-7662.0
23125.602482351936,-5604.0
23125.602544848767,-3471.0
23125.602607345598,-1242.0
23125.60266984243,775.0
23125.60273233926,2031.0
23125.602794836093,3038.0
23125.602857332924,4040.0
23125.602919829755,4561.0
23125.602982326585,4798.0
23125.603044823416,5083.0
23125.60310732025,5332.0
23125.60316981708,5290.0
23125.60323231391,5768.0
23125.603294810742,6561.0
23125.603357307577,6990.0
23125.603419804407,7522.0
23125.603482301238,8325.0
23125.60354479807,9145.0
23125.6036072949,9498.0
23125.603669791733,10005.0
23125.603732288564,10550.0
23125.603794785395,10296.0
23125.603857282225,9857.0
23125.603919779056,9519.0
23125.60398227589,8667.0
23125.60404477272,7474.0
23125.60410726955,6607.0
23125.604169766382,5471.0
23125.604232263213,3965.0
23125.604294760047,2976.0
23125.604357256878,2324.0
23125.60441975371,1359.0
23125.60448225054,531.0
23125.604544747373,378.0
23125.604607244204,-79.0
23125.604669741035,-741.0
23125.604732237865,-875.0
23125.604794734696,-1249.0
23125.60485723153,-2197.0
23125.60491972836,-2996.0
23125.60498222519,-3915.0
23125.605044722022,-5626.0
23125.605107218853,-7433.0
23125.605169715687,-9096.0
23125.605232212518,-10629.0
23125.60529470935,-12081.0
23125.60535720618,-13193.0
23125.60541970301,-14163.0
23125.605482199844,-14934.0
23125.605544696675,-14680.0
23125.605607193505,-13925.0
23125.605669690336,-12877.0
23125.60573218717,-11515.0
23125.605794684,-9678.0
23125.60585718083,-7567.0
23125.605919677662,-5533.0
23125.605982174493,-3332.0
23125.606044671327,-1243.0
23125.606107168158,586.0
23125.60616966499,1864.0
23125.60623216182,2843.0
23125.60629465865,3665.0
23125.606357155484,4120.0
23125.606419652315,4526.0
23125.606482149145,4766.0
23125.606544645976,4873.0
23125.606607142807,5091.0
23125.60666963964,5519.0
23125.60673213647,6088.0
23125.606794633302,6732.0
23125.606857130133,7323.0
23125.606919626967,8090.0
23125.606982123798,8919.0
23125.60704462063,9309.0
23125.60710711746,9916.0
23125.60716961429,10385.0
23125.607232111124,10179.0
23125.607294607955,9848.0
23125.607357104785,9355.0
23125.607419601616,8606.0
23125.607482098447,7582.0
23125.60754459528,6627.0
23125.60760709211,5572.0
23125.607669588942,4190.0
23125.607732085773,3227.0
23125.607794582604,2503.0
23125.607857079438,1544.0
23125.60791957627,871.0
23125.6079820731,607.0
23125.60804456993,107.0
23125.608107066764,-420.0
23125.608169563595,-677.0
23125.608232060426,-1132.0
23125.608294557256,-1962.0
23125.608357054087,-2777.0
23125.60841955092,-3717.0
23125.60848204775,-5356.0
23125.608544544582,-7034.0
23125.608607041413,-8659.0
23125.608669538244,-10327.0
23125.608732035078,-11695.0
23125.60879453191,-12773.0
23125.60885702874,-13826.0
23125.60891952557,-14582.0
23125.6089820224,-14456.0
23125.609044519235,-13905.0
23125.609107016066,-12950.0
23125.609169512896,-11697.0
23125.609232009727,-10028.0
23125.60929450656,-8060.0
23125.60935700339,-6067.0
23125.609419500222,-3930.0
23125.609481997053,-2043.0
23125.609544493884,-126.0
23125.609606990718,1412.0
23125.60966948755,2432.0
23125.60973198438,3328.0
23125.60979448121,4004.0
23125.60985697804,4444.0
23125.609919474875,4583.0
23125.609981971706,4710.0
23125.610044468536,4947.0
23125.610106965367,5359.0
23125.610169462198,5907.0
23125.61023195903,6576.0
23125.610294455862,7157.0
23125.610356952693,7813.0
23125.610419449524,8639.0
23125.610481946358,9034.0
23125.61054444319,9362.0
23125.61060694002,9815.0
23125.61066943685,9874.0
23125.61073193368,9672.0
23125.610794430515,9377.0
23125.610856927346,8801.0
23125.610919424176,7938.0
23125.610981921007,7091.0
23125.611044417838,6143.0
23125.611106914672,4895.0
23125.611169411502,3807.0
23125.611231908333,3090.0
23125.611294405164,2130.0
23125.611356901994,1307.0
23125.61141939883,973.0
23125.61148189566,373.0
23125.61154439249,-243.0
23125.61160688932,-553.0
23125.611669386155,-972.0
23125.611731882986,-1788.0
23125.611794379816,-2604.0
23125.611856876647,-3379.0
23125.611919373478,-4814.0
23125.611981870312,-6383.0
23125.612044367143,-7927.0
23125.612106863973,-9741.0
23125.612169360804,-11172.0
23125.612231857634,-12197.0
23125.61229435447,-13265.0
23125.6123568513,-14294.0
23125.61241934813,-14383.0
23125.61248184496,-14058.0
23125.61254434179,-13491.0
23125.612606838626,-12370.0
23125.612669335456,-10999.0
23125.612731832287,-9308.0
23125.612794329118,-7481.0
23125.612856825952,-5373.0
23125.612919322783,-3408.0
23125.612981819613,-1584.0
23125.613044316444,265.0
23125.613106813274,1618.0
23125.61316931011,2528.0
23125.61323180694,3352.0
23125.61329430377,4121.0
23125.6133568006,4354.0
23125.61341929743,4512.0
23125.613481794266,4903.0
23125.613544291096,5171.0
23125.613606787927,5539.0
23125.613669284758,6201.0
23125.61373178159,6728.0
23125.613794278423,7183.0
23125.613856775253,8152.0
23125.613919272084,8836.0
23125.613981768915,9166.0
23125.61404426575,9841.0
23125.61410676258,10263.0
23125.61416925941,10120.0
23125.61423175624,9893.0
23125.61429425307,9642.0
23125.614356749906,8928.0
23125.614419246736,8018.0
23125.614481743567,7231.0
23125.614544240398,6200.0
23125.61460673723,4961.0
23125.614669234063,4025.0
23125.614731730893,3198.0
23125.614794227724,2149.0
23125.614856724555,1482.0
23125.614919221385,1094.0
23125.61498171822,444.0
23125.61504421505,-149.0
23125.61510671188,-489.0
23125.61516920871,-1060.0
23125.615231705546,-1936.0
23125.615294202376,-2659.0
23125.615356699207,-3599.0
23125.615419196038,-5158.0
23125.61548169287,-6623.0
23125.615544189703,-8155.0
23125.615606686533,-9922.0
23125.615669183364,-11180.0
23125.615731680195,-12128.0
23125.615794177025,-13262.0
23125.61585667386,-14199.0
23125.61591917069,-14217.0
23125.61598166752,-13904.0
23125.61604416435,-13352.0
23125.616106661182,-12239.0
23125.616169158016,-10802.0
23125.616231654847,-9221.0
23125.616294151678,-7378.0
23125.61635664851,-5255.0
23125.616419145343,-3423.0
23125.616481642173,-1546.0
23125.616544139004,384.0
23125.616606635835,1636.0
23125.616669132665,2564.0
23125.6167316295,3560.0
23125.61679412633,4291.0
23125.61685662316,4554.0
23125.61691911999,4891.0
23125.616981616822,5248.0
23125.617044113656,5426.0
23125.617106610487,5836.0
23125.617169107318,6483.0
23125.61723160415,6943.0
23125.61729410098,7346.0
23125.617356597813,8194.0
23125.617419094644,8820.0
23125.617481591475,9133.0
23125.617544088305,9841.0
23125.61760658514,10255.0
23125.61766908197,10104.0
23125.6177315788,9917.0
23125.61779407563,9703.0
23125.617856572462,9064.0
23125.617919069296,8273.0
23125.617981566127,7608.0
23125.618044062958,6537.0
23125.61810655979,5292.0
23125.61816905662,4417.0
23125.618231553453,3581.0
23125.618294050284,2495.0
23125.618356547115,1786.0
23125.618419043945,1310.0
23125.618481540776,468.0
23125.61854403761,-138.0
23125.61860653444,-521.0
23125.61866903127,-1241.0
23125.618731528102,-2112.0
23125.618794024937,-2826.0
23125.618856521767,-3829.0
23125.618919018598,-5294.0
23125.61898151543,-6620.0
23125.61904401226,-8158.0
23125.619106509093,-9841.0
23125.619169005924,-11051.0
23125.619231502755,-12042.0
23125.619293999585,-13169.0
23125.619356496416,-14054.0
23125.61941899325,-14088.0
23125.61948149008,-13954.0
23125.61954398691,-13430.0
23125.619606483742,-12349.0
23125.619668980573,-11075.0
23125.619731477407,-9555.0
23125.619793974238,-7727.0
23125.61985647107,-5683.0
23125.6199189679,-3938.0
23125.619981464733,-2089.0
23125.620043961564,-172.0
23125.620106458395,1192.0
23125.620168955225,2208.0
23125.620231452056,3316.0
23125.62029394889,4186.0
23125.62035644572,4454.0
23125.62041894255,4817.0
23125.620481439382,5171.0
23125.620543936213,5614.0
23125.620606433047,6193.0
23125.620668929878,6669.0
23125.62073142671,7059.0
23125.62079392354,7409.0
23125.62085642037,8147.0
23125.620918917204,8714.0
23125.620981414035,8990.0
23125.621043910865,9637.0
23125.621106407696,10153.0
23125.62116890453,10149.0
23125.62123140136,10040.0
23125.62129389819,9969.0
23125.621356395022,9419.0
23125.621418891853,8675.0
23125.621481388687,8041.0
23125.621543885518,7044.0
23125.62160638235,5883.0
23125.62166887918,5008.0
23125.62173137601,4204.0
23125.621793872844,3097.0
23125.621856369675,2299.0
23125.621918866505,1804.0
23125.621981363336,940.0
23125.622043860167,180.0
23125.622106357,-170.0
23125.62216885383,-839.0
23125.622231350662,-1748.0
23125.622293847493,-2440.0
23125.622356344327,-3415.0
23125.622418841158,-4830.0
23125.62248133799,-6154.0
23125.62254383482,-7568.0
23125.62260633165,-9331.0
23125.622668828484,-10599.0
23125.622731325315,-11488.0
23125.622793822145,-12644.0
23125.622856318976,-13711.0
23125.622918815807,-13943.0
23125.62298131264,-13825.0
23125.62304380947,-13582.0
23125.623106306302,-12705.0
23125.623168803133,-11578.0
23125.623231299964,-10271.0
23125.623293796798,-8553.0
23125.62335629363,-6542.0
23125.62341879046,-4772.0
23125.62348128729,-3091.0
23125.623543784124,-1082.0
23125.623606280955,454.0
23125.623668777785,1516.0
23125.623731274616,2673.0
23125.623793771447,3676.0
23125.62385626828,4062.0
23125.62391876511,4434.0
23125.623981261942,4952.0
23125.624043758773,5089.0
23125.624106255604,5418.0
23125.624168752438,5979.0
23125.62423124927,6408.0
23125.6242937461,6733.0
23125.62435624293,7400.0
23125.62441873976,8181.0
23125.624481236595,8388.0
23125.624543733426,8903.0
23125.624606230256,9674.0
23125.624668727087,9803.0
23125.62473122392,9750.0
23125.62479372075,9809.0
23125.624856217582,9480.0
23125.624918714413,8805.0
23125.624981211244,8328.0
23125.625043708078,7656.0
23125.62510620491,6528.0
23125.62516870174,5531.0
23125.62523119857,4804.0
23125.6252936954,3771.0
23125.625356192235,2752.0
23125.625418689066,2279.0
23125.625481185896,1484.0
23125.625543682727,592.0
23125.625606179558,134.0
23125.62566867639,-501.0
23125.625731173222,-1385.0
23125.625793670053,-2162.0
23125.625856166884,-2872.0
23125.625918663718,-4089.0
23125.62598116055,-5477.0
23125.62604365738,-6642.0
23125.62610615421,-8282.0
23125.62616865104,-9986.0
23125.626231147875,-10950.0
23125.626293644706,-11885.0
23125.626356141536,-13142.0
23125.626418638367,-13927.0
23125.626481135198,-13967.0
23125.626543632032,-13961.0
23125.626606128862,-13481.0
23125.626668625693,-12402.0
23125.626731122524,-11351.0
23125.626793619354,-10019.0
23125.62685611619,-8163.0
23125.62691861302,-6304.0
23125.62698110985,-4765.0
23125.62704360668,-2905.0
23125.627106103515,-977.0
23125.627168600346,245.0
23125.627231097176,1332.0
23125.627293594007,2549.0
23125.627356090838,3393.0
23125.627418587672,3778.0
23125.627481084503,4372.0
23125.627543581333,4932.0
23125.627606078164,5104.0
23125.627668574994,5575.0
23125.62773107183,6285.0
23125.62779356866,6593.0
23125.62785606549,6965.0
23125.62791856232,7814.0
23125.62798105915,8320.0
23125.628043555986,8589.0
23125.628106052816,9282.0
23125.628168549647,9803.0
23125.628231046478,9774.0
23125.628293543312,9788.0
23125.628356040143,9878.0
23125.628418536973,9438.0
23125.628481033804,8806.0
23125.628543530634,8456.0
23125.62860602747,7666.0
23125.6286685243,6525.0
23125.62873102113,5835.0
23125.62879351796,5130.0
23125.62885601479,3990.0
23125.628918511626,3201.0
23125.628981008456,2782.0
23125.629043505287,1932.0
23125.629106002118,1098.0
23125.62916849895,695.0
23125.629230995783,60.0
23125.629293492613,-941.0
23125.629355989444,-1633.0
23125.629418486275,-2452.0
23125.62948098311,-3835.0
23125.62954347994,-5020.0
23125.62960597677,-6173.0
23125.6296684736,-7945.0
23125.62973097043,-9722.0
23125.629793467266,-10701.0
23125.629855964096,-11724.0
23125.629918460927,-13016.0
23125.629980957758,-13773.0
23125.63004345459,-13881.0
23125.630105951423,-14009.0
23125.630168448253,-13696.0
23125.630230945084,-12601.0
23125.630293441915,-11650.0
23125.630355938745,-10505.0
23125.63041843558,-8621.0
23125.63048093241,-6833.0
23125.63054342924,-5677.0
23125.63060592607,-3921.0
23125.630668422906,-1877.0
23125.630730919736,-714.0
23125.630793416567,349.0
23125.630855913398,1681.0
23125.63091841023,2643.0
23125.630980907063,3141.0
23125.631043403893,3804.0
23125.631105900724,4419.0
23125.631168397555,4589.0
23125.631230894385,5136.0
23125.63129339122,5899.0
23125.63135588805,6271.0
23125.63141838488,6604.0
23125.63148088171,7442.0
23125.631543378542,8151.0
23125.631605875376,8303.0
23125.631668372207,8943.0
23125.631730869038,9656.0
23125.63179336587,9739.0
23125.631855862703,9761.0
23125.631918359533,9913.0
23125.631980856364,9656.0
23125.632043353195,9055.0
23125.632105850025,8735.0
23125.63216834686,8153.0
23125.63223084369,7074.0
23125.63229334052,6294.0
23125.63235583735,5765.0
23125.632418334182,4762.0
23125.632480831016,3768.0
23125.632543327847,3418.0
23125.632605824678,2681.0
23125.63266832151,1629.0
23125.63273081834,1106.0
23125.632793315173,512.0
23125.632855812004,-544.0
23125.632918308835,-1405.0
23125.632980805665,-2108.0
23125.6330433025,-3341.0
23125.63310579933,-4644.0
23125.63316829616,-5740.0
23125.63323079299,-7183.0
23125.633293289822,-9072.0
23125.633355786656,-10510.0
23125.633418283487,-11406.0
23125.633480780318,-12595.0
23125.63354327715,-13625.0
23125.63360577398,-14119.0
23125.633668270813,-14305.0
23125.633730767644,-14315.0
23125.633793264475,-13627.0
23125.633855761305,-12570.0
23125.633918258136,-11656.0
23125.63398075497,-10212.0
23125.6340432518,-8322.0
23125.63410574863,-6700.0
23125.634168245462,-5211.0
23125.634230742296,-3188.0
23125.634293239127,-1435.0
23125.634355735958,-316.0
23125.63441823279,960.0
23125.63448072962,2192.0
23125.634543226453,3058.0
23125.634605723284,3666.0
23125.634668220115,4435.0
23125.634730716945,4940.0
23125.634793213776,5144.0
23125.63485571061,5830.0
23125.63491820744,6445.0
23125.63498070427,6716.0
23125.635043201102,7263.0
23125.635105697933,8155.0
23125.635168194767,8658.0
23125.635230691598,8942.0
23125.63529318843,9692.0
23125.63535568526,10270.0
23125.635418182093,10256.0
23125.635480678924,10366.0
23125.635543175755,10582.0
23125.635605672585,10179.0
23125.635668169416,9685.0
23125.63573066625,9387.0
23125.63579316308,8616.0
23125.63585565991,7604.0
23125.635918156742,6900.0
23125.635980653573,6174.0
23125.636043150407,5050.0
23125.636105647238,4183.0
23125.63616814407,3630.0
23125.6362306409,2709.0
23125.63629313773,1757.0
23125.636355634564,1222.0
23125.636418131395,531.0
23125.636480628225,-543.0
23125.636543125056,-1290.0
23125.63660562189,-2018.0
23125.63666811872,-3265.0
23125.63673061555,-4475.0
23125.636793112382,-5593.0
23125.636855609213,-7064.0
23125.636918106047,-8848.0
23125.636980602878,-10304.0
23125.63704309971,-11304.0
23125.63710559654,-12465.0
23125.63716809337,-13441.0
23125.637230590204,-14009.0
23125.637293087035,-14350.0
23125.637355583865,-14392.0
23125.637418080696,-13819.0
23125.637480577527,-12922.0
23125.63754307436,-12035.0
23125.63760557119,-10639.0
23125.637668068022,-8914.0
23125.637730564853,-7290.0
23125.637793061687,-5686.0
23125.637855558518,-3754.0
23125.63791805535,-1990.0
23125.63798055218,-717.0
23125.63804304901,613.0
23125.638105545844,1857.0
23125.638168042675,2816.0
23125.638230539505,3556.0
23125.638293036336,4304.0
23125.638355533167,4915.0
23125.63841803,5229.0
23125.63848052683,5776.0
23125.638543023662,6442.0
23125.638605520493,6842.0
23125.638668017324,7310.0
23125.638730514158,8090.0
23125.63879301099,8639.0
23125.63885550782,8970.0
23125.63891800465,9601.0
23125.638980501484,10205.0
23125.639042998315,10343.0
23125.639105495145,10401.0
23125.639167991976,10556.0
23125.639230488807,10366.0
23125.63929298564,9897.0
23125.63935548247,9514.0
23125.639417979302,8930.0
23125.639480476133,7939.0
23125.639542972964,7109.0
23125.639605469798,6413.0
23125.63966796663,5337.0
23125.63973046346,4306.0
23125.63979296029,3599.0
23125.63985545712,2768.0
23125.639917953955,1781.0
23125.639980450786,1094.0
23125.640042947616,474.0
23125.640105444447,-476.0
23125.64016794128,-1371.0
23125.64023043811,-2091.0
23125.640292934942,-3131.0
23125.640355431773,-4329.0
23125.640417928604,-5393.0
23125.640480425438,-6623.0
23125.64054292227,-7969.0
23125.6406054191,-9462.0
23125.64066791593,-10786.0
23125.64073041276,-11867.0
23125.640792909595,-12956.0
23125.640855406426,-13738.0
23125.640917903256,-14275.0
23125.640980400087,-14468.0
23125.641042896917,-14169.0
23125.64110539375,-13392.0
23125.641167890582,-12543.0
23125.641230387413,-11483.0
23125.641292884244,-9832.0
23125.641355381078,-8113.0
23125.64141787791,-6542.0
23125.64148037474,-4789.0
23125.64154287157,-2839.0
23125.6416053684,-1281.0
23125.641667865235,-27.0
23125.641730362066,1293.0
23125.641792858896,2416.0
23125.641855355727,3323.0
23125.641917852558,4101.0
23125.64198034939,4792.0
23125.642042846222,5278.0
23125.642105343053,5705.0
23125.642167839884,6306.0
23125.642230336714,6816.0
23125.64229283355,7191.0
23125.64235533038,7721.0
23125.64241782721,8370.0
23125.64248032404,8816.0
23125.642542820875,9291.0
23125.642605317706,9916.0
23125.642667814536,10342.0
23125.642730311367,10465.0
23125.642792808198,10556.0
23125.642855305032,10569.0
23125.642917801862,10200.0
23125.642980298693,9739.0
23125.643042795524,9303.0
23125.643105292354,8548.0
23125.64316778919,7560.0
23125.64323028602,6764.0
23125.64329278285,5981.0
23125.64335527968,4918.0
23125.64341777651,3972.0
23125.643480273346,3237.0
23125.643542770176,2382.0
23125.643605267007,1456.0
23125.643667763838,804.0
23125.643730260672,96.0
23125.643792757503,-935.0
23125.643855254333,-1800.0
23125.643917751164,-2576.0
23125.643980247994,-3741.0
23125.64404274483,-4924.0
23125.64410524166,-5910.0
23125.64416773849,-7300.0
23125.64423023532,-8942.0
23125.64429273215,-10430.0
23125.644355228986,-11634.0
23125.644417725816,-12660.0
23125.644480222647,-13556.0
23125.644542719478,-14162.0
23125.64460521631,-14659.0
23125.644667713143,-14735.0
23125.644730209973,-14293.0
23125.644792706804,-13514.0
23125.644855203635,-12617.0
23125.64491770047,-11400.0
23125.6449801973,-9805.0
23125.64504269413,-8257.0
23125.64510519096,-6598.0
23125.64516768779,-4714.0
23125.645230184626,-2887.0
23125.645292681456,-1375.0
23125.645355178287,-31.0
23125.645417675118,1217.0
23125.64548017195,2307.0
23125.645542668783,3372.0
23125.645605165613,4157.0
23125.645667662444,4729.0
23125.645730159275,5277.0
23125.645792656105,5832.0
23125.64585515294,6399.0
23125.64591764977,6892.0
23125.6459801466,7292.0
23125.64604264343,7801.0
23125.646105140266,8471.0
23125.646167637096,8937.0
23125.646230133927,9322.0
23125.646292630758,9786.0
23125.64635512759,10117.0
23125.646417624423,10240.0
23125.646480121253,10204.0
23125.646542618084,10167.0
23125.646605114915,9868.0
23125.646667611745,9349.0
23125.64673010858,8913.0
23125.64679260541,8175.0
23125.64685510224,7245.0
23125.64691759907,6535.0
23125.646980095902,5779.0
23125.647042592736,4754.0
23125.647105089567,3825.0
23125.647167586398,3099.0
23125.64723008323,2270.0
23125.647292580063,1358.0
23125.647355076893,647.0
23125.647417573724,-31.0
23125.647480070555,-1016.0
23125.647542567385,-1859.0
23125.64760506422,-2584.0
23125.64766756105,-3737.0
23125.64773005788,-4843.0
23125.64779255471,-5791.0
23125.647855051542,-7095.0
23125.647917548376,-8568.0
23125.647980045207,-9932.0
23125.648042542038,-11265.0
23125.64810503887,-12309.0
23125.6481675357,-13109.0
23125.648230032533,-13778.0
23125.648292529364,-14373.0
23125.648355026195,-14522.0
23125.648417523025,-14155.0
23125.64848001986,-13549.0
23125.64854251669,-12687.0
23125.64860501352,-11507.0
23125.64866751035,-10088.0
23125.648730007182,-8547.0
23125.648792504016,-6758.0
23125.648855000847,-4974.0
23125.648917497678,-3217.0
23125.64897999451,-1476.0
23125.64904249134,-10.0
23125.649104988173,1236.0
23125.649167485004,2404.0
23125.649229981835,3519.0
23125.649292478665,4365.0
23125.649354975496,4946.0
23125.64941747233,5524.0
23125.64947996916,6030.0
23125.64954246599,6461.0
23125.649604962822,6991.0
23125.649667459656,7412.0
23125.649729956487,7689.0
23125.649792453318,8212.0
23125.64985495015,8731.0
23125.64991744698,9025.0
23125.649979943813,9393.0
23125.650042440644,9843.0
23125.650104937475,10051.0
23125.650167434305,10033.0
23125.650229931136,10027.0
23125.65029242797,9855.0
23125.6503549248,9475.0
23125.65041742163,9082.0
23125.650479918462,8460.0
23125.650542415293,7396.0
23125.650604912127,6462.0
23125.650667408958,5771.0
23125.65072990579,4904.0
23125.65079240262,3904.0
23125.650854899453,3077.0
23125.650917396284,2358.0
23125.650979893115,1446.0
23125.651042389945,622.0
23125.651104886776,31.0
23125.65116738361,-803.0
23125.65122988044,-1669.0
23125.65129237727,-2336.0
23125.651354874102,-3254.0
23125.651417370933,-4346.0
23125.651479867767,-5292.0
23125.651542364598,-6284.0
23125.65160486143,-7710.0
23125.65166735826,-9113.0
23125.65172985509,-10401.0
23125.651792351924,-11726.0
23125.651854848755,-12615.0
23125.651917345585,-13295.0
23125.651979842416,-14018.0
23125.65204233925,-14466.0
23125.65210483608,-14319.0
23125.65216733291,-13945.0
23125.652229829742,-13283.0
23125.652292326573,-12249.0
23125.652354823407,-10984.0
23125.652417320238,-9485.0
23125.65247981707,-7878.0
23125.6525423139,-6049.0
23125.65260481073,-4267.0
23125.652667307564,-2541.0
23125.652729804395,-840.0
23125.652792301225,595.0
23125.652854798056,1707.0
23125.652917294887,2796.0
23125.65297979172,3916.0
23125.65304228855,4574.0
23125.653104785382,5104.0
23125.653167282213,5716.0
23125.653229779047,6082.0
23125.653292275878,6432.0
23125.65335477271,6977.0
23125.65341726954,7332.0
23125.65347976637,7611.0
23125.653542263204,8308.0
23125.653604760035,8845.0
23125.653667256865,9029.0
23125.653729753696,9460.0
23125.653792250527,10011.0
23125.65385474736,10193.0
23125.65391724419,10185.0
23125.653979741022,10261.0
23125.654042237853,10057.0
23125.654104734684,9633.0
23125.654167231518,9236.0
23125.65422972835,8607.0
23125.65429222518,7681.0
23125.65435472201,6854.0
23125.654417218844,6111.0
23125.654479715675,5040.0
23125.654542212505,3960.0
23125.654604709336,3190.0
23125.654667206167,2338.0
23125.654729703,1292.0
23125.65479219983,538.0
23125.654854696662,-86.0
23125.654917193493,-1027.0
23125.654979690324,-1843.0
23125.655042187158,-2488.0
23125.65510468399,-3496.0
23125.65516718082,-4572.0
23125.65522967765,-5415.0
23125.65529217448,-6503.0
23125.655354671315,-7893.0
23125.655417168146,-9088.0
23125.655479664976,-10326.0
23125.655542161807,-11609.0
23125.65560465864,-12450.0
23125.65566715547,-13078.0
23125.655729652302,-13778.0
23125.655792149133,-14210.0
23125.655854645964,-13988.0
23125.655917142798,-13584.0
23125.65597963963,-12928.0
23125.65604213646,-11840.0
23125.65610463329,-10557.0
23125.65616713012,-9163.0
23125.656229626955,-7545.0
23125.656292123786,-5647.0
23125.656354620616,-3879.0
23125.656417117447,-2179.0
23125.656479614277,-458.0
23125.65654211111,1058.0
23125.656604607942,2232.0
23125.656667104773,3409.0
23125.656729601604,4550.0
23125.656792098438,5193.0
23125.65685459527,5717.0
23125.6569170921,6297.0
23125.65697958893,6644.0
23125.65704208576,6904.0
23125.657104582595,7398.0
23125.657167079426,7782.0
23125.657229576256,7998.0
23125.657292073087,8519.0
23125.657354569918,8997.0
23125.65741706675,9200.0
23125.657479563582,9593.0
23125.657542060413,10134.0
23125.657604557244,10307.0
23125.657667054074,10233.0
23125.65772955091,10281.0
23125.65779204774,10142.0
23125.65785454457,9730.0
23125.6579170414,9294.0
23125.657979538235,8717.0
23125.658042035066,7790.0
23125.658104531896,6878.0
23125.658167028727,6130.0
23125.658229525558,5086.0
23125.658292022392,3953.0
23125.658354519222,3147.0
23125.658417016053,2272.0
23125.658479512884,1138.0
23125.658542009714,357.0
23125.65860450655,-275.0
23125.65866700338,-1264.0
23125.65872950021,-2149.0
23125.65879199704,-2840.0
23125.65885449387,-3767.0
23125.658916990706,-4822.0
23125.658979487536,-5678.0
23125.659041984367,-6626.0
23125.659104481198,-7937.0
23125.659166978032,-9067.0
23125.659229474863,-10143.0
23125.659291971693,-11513.0
23125.659354468524,-12416.0
23125.659416965354,-12922.0
23125.65947946219,-13606.0
23125.65954195902,-14142.0
23125.65960445585,-14068.0
23125.65966695268,-13719.0
23125.65972944951,-13214.0
23125.659791946346,-12209.0
23125.659854443176,-10952.0
23125.659916940007,-9627.0
23125.659979436838,-8067.0
23125.66004193367,-6177.0
23125.660104430503,-4411.0
23125.660166927333,-2729.0
23125.660229424164,-860.0
23125.660291920994,791.0
23125.66035441783,2047.0
23125.66041691466,3171.0
23125.66047941149,4467.0
23125.66054190832,5534.0
23125.66060440515,6114.0
23125.660666901986,6717.0
23125.660729398816,7065.0
23125.660791895647,7247.0
23125.660854392478,7707.0
23125.66091688931,8067.0
23125.660979386143,8208.0
23125.661041882973,8600.0
23125.661104379804,9099.0
23125.661166876635,9374.0
23125.661229373465,9659.0
23125.6612918703,10169.0
23125.66135436713,10489.0
23125.66141686396,10432.0
23125.66147936079,10476.0
23125.661541857626,10479.0
23125.661604354456,10085.0
23125.661666851287,9644.0
23125.661729348118,9172.0
23125.66179184495,8290.0
23125.661854341783,7288.0
23125.661916838613,6474.0
23125.661979335444,5509.0
23125.662041832275,4298.0
23125.662104329105,3305.0
23125.66216682594,2468.0
23125.66222932277,1393.0
23125.6622918196,419.0
23125.66235431643,-284.0
23125.662416813262,-1152.0
23125.662479310096,-2149.0
23125.662541806927,-2843.0
23125.662604303758,-3561.0
23125.66266680059,-4562.0
23125.662729297423,-5416.0
23125.662791794253,-6229.0
23125.662854291084,-7346.0
23125.662916787915,-8486.0
23125.662979284745,-9483.0
23125.66304178158,-10725.0
23125.66310427841,-11847.0
23125.66316677524,-12422.0
23125.66322927207,-12963.0
23125.663291768902,-13599.0
23125.663354265736,-13858.0
23125.663416762567,-13573.0
23125.663479259398,-13225.0
23125.66354175623,-12537.0
23125.66360425306,-11404.0
23125.663666749893,-10218.0
23125.663729246724,-8874.0
23125.663791743555,-7165.0
23125.663854240385,-5329.0
23125.66391673722,-3701.0
23125.66397923405,-1921.0
23125.66404173088,-66.0
23125.66410422771,1397.0
23125.664166724542,2604.0
23125.664229221376,3870.0
23125.664291718207,4927.0
23125.664354215038,5596.0
23125.66441671187,6209.0
23125.6644792087,6764.0
23125.664541705533,7108.0
23125.664604202364,7423.0
23125.664666699195,7916.0
23125.664729196025,8208.0
23125.664791692856,8345.0
23125.66485418969,8780.0
23125.66491668652,9113.0
23125.66497918335,9302.0
23125.665041680182,9657.0
23125.665104177016,10073.0
23125.665166673847,10214.0
23125.665229170678,10140.0
23125.66529166751,10137.0
23125.66535416434,9983.0
23125.665416661173,9535.0
23125.665479158004,9063.0
23125.665541654835,8566.0
23125.665604151665,7653.0
23125.665666648496,6645.0
23125.66572914533,5828.0
23125.66579164216,4751.0
23125.66585413899,3577.0
23125.665916635822,2661.0
23125.665979132653,1746.0
23125.666041629487,632.0
23125.666104126318,-347.0
23125.66616662315,-1143.0
23125.66622911998,-2060.0
23125.666291616813,-2955.0
23125.666354113644,-3673.0
23125.666416610475,-4517.0
23125.666479107305,-5527.0
23125.666541604136,-6280.0
23125.66660410097,-7067.0
23125.6666665978,-8195.0
23125.66672909463,-9199.0
23125.666791591462,-10136.0
23125.666854088293,-11301.0
23125.666916585127,-12264.0
23125.666979081958,-12701.0
23125.66704157879,-13134.0
23125.66710407562,-13678.0
23125.66716657245,-13807.0
23125.667229069284,-13479.0
23125.667291566115,-13082.0
23125.667354062945,-12296.0
23125.667416559776,-11155.0
23125.66747905661,-10004.0
23125.66754155344,-8581.0
23125.66760405027,-6816.0
23125.667666547102,-5033.0
23125.667729043933,-3365.0
23125.667791540767,-1537.0
23125.667854037598,293.0
23125.66791653443,1694.0
23125.66797903126,2918.0
23125.66804152809,4211.0
23125.668104024924,5266.0
23125.668166521755,5958.0
23125.668229018585,6616.0
23125.668291515416,7174.0
23125.668354012247,7411.0
23125.66841650908,7744.0
23125.66847900591,8208.0
23125.668541502742,8435.0
23125.668603999573,8606.0
23125.668666496407,8998.0
23125.668728993238,9327.0
23125.66879149007,9459.0
23125.6688539869,9763.0
23125.66891648373,10123.0
23125.668978980564,10183.0
23125.669041477395,10135.0
23125.669103974225,10151.0
23125.669166471056,9922.0
23125.669228967887,9462.0
23125.66929146472,9034.0
23125.66935396155,8415.0
23125.669416458382,7459.0
23125.669478955213,6499.0
23125.669541452044,5701.0
23125.669603948878,4640.0
23125.66966644571,3410.0
23125.66972894254,2430.0
23125.66979143937,1411.0
23125.669853936204,274.0
23125.669916433035,-653.0
23125.669978929865,-1474.0
23125.670041426696,-2453.0
23125.670103923527,-3321.0
23125.67016642036,-3983.0
23125.67022891719,-4827.0
23125.670291414022,-5732.0
23125.670353910853,-6457.0
23125.670416407684,-7196.0
23125.670478904518,-8189.0
23125.67054140135,-9321.0
23125.67060389818,-10184.0
23125.67066639501,-11133.0
23125.67072889184,-12103.0
23125.670791388675,-12556.0
23125.670853885505,-12909.0
23125.670916382336,-13429.0
23125.670978879167,-13727.0
23125.671041376,-13485.0
23125.67110387283,-13092.0
23125.671166369662,-12459.0
23125.671228866493,-11351.0
23125.671291363324,-10219.0
23125.671353860158,-8932.0
23125.67141635699,-7270.0
23125.67147885382,-5477.0
23125.67154135065,-3818.0
23125.67160384748,-2032.0
23125.671666344315,-169.0
23125.671728841146,1317.0
23125.671791337976,2616.0
23125.671853834807,3975.0
23125.671916331637,5145.0
23125.67197882847,5953.0
23125.672041325302,6597.0
23125.672103822133,7170.0
23125.672166318964,7544.0
23125.672228815798,7788.0
23125.67229131263,8180.0
23125.67235380946,8523.0
23125.67241630629,8632.0
23125.67247880312,8910.0
23125.672541299955,9273.0
23125.672603796786,9408.0
23125.672666293616,9550.0
23125.672728790447,9855.0
23125.672791287278,9966.0
23125.67285378411,9850.0
23125.672916280942,9810.0
23125.672978777773,9685.0
23125.673041274604,9309.0
23125.673103771434,8834.0
23125.67316626827,8326.0
23125.6732287651,7511.0
23125.67329126193,6502.0
23125.67335375876,5645.0
23125.673416255595,4687.0
23125.673478752426,3509.0
23125.673541249256,2466.0
23125.673603746087,1531.0
23125.673666242918,439.0
23125.673728739752,-589.0
23125.673791236582,-1411.0
23125.673853733413,-2287.0
23125.673916230244,-3244.0
23125.673978727074,-3972.0
23125.67404122391,-4670.0
23125.67410372074,-5583.0
23125.67416621757,-6434.0
23125.6742287144,-7124.0
23125.67429121123,-7973.0
23125.674353708066,-8945.0
23125.674416204896,-9747.0
23125.674478701727,-10651.0
23125.674541198558,-11688.0
23125.674603695392,-12347.0
23125.674666192223,-12711.0
23125.674728689053,-13171.0
23125.674791185884,-13553.0
23125.674853682714,-13500.0
23125.67491617955,-13120.0
23125.67497867638,-12597.0
23125.67504117321,-11618.0
23125.67510367004,-10389.0
23125.67516616687,-9178.0
23125.675228663706,-7619.0
23125.675291160536,-5731.0
23125.675353657367,-3972.0
23125.675416154198,-2269.0
23125.67547865103,-387.0
23125.675541147863,1370.0
23125.675603644693,2767.0
23125.675666141524,3994.0
23125.675728638354,5308.0
23125.67579113519,6339.0
23125.67585363202,6929.0
23125.67591612885,7501.0
23125.67597862568,7938.0
23125.67604112251,8118.0
23125.676103619346,8393.0
23125.676166116176,8742.0
23125.676228613007,8837.0
23125.676291109838,8919.0
23125.67635360667,9253.0
23125.676416103503,9516.0
23125.676478600333,9595.0
23125.676541097164,9904.0
23125.676603593995,10267.0
23125.676666090825,10208.0
23125.67672858766,10135.0
23125.67679108449,10150.0
23125.67685358132,9871.0
23125.67691607815,9402.0
23125.676978574986,8999.0
23125.677041071816,8397.0
23125.677103568647,7445.0
23125.677166065478,6512.0
23125.67722856231,5632.0
23125.677291059143,4539.0
23125.677353555973,3342.0
23125.677416052804,2339.0
23125.677478549635,1303.0
23125.677541046465,218.0
23125.6776035433,-694.0
23125.67766604013,-1580.0
23125.67772853696,-2529.0
23125.67779103379,-3366.0
23125.677853530622,-4018.0
23125.677916027456,-4778.0
23125.677978524287,-5637.0
23125.678041021118,-6303.0
23125.67810351795,-6960.0
23125.678166014783,-7787.0
23125.678228511613,-8615.0
23125.678291008444,-9376.0
23125.678353505275,-10300.0
23125.678416002105,-11311.0
23125.67847849894,-11911.0
23125.67854099577,-12317.0
23125.6786034926,-12902.0
23125.67866598943,-13257.0
23125.678728486262,-13193.0
23125.678790983096,-13009.0
23125.678853479927,-12571.0
23125.678915976758,-11660.0
23125.67897847359,-10622.0
23125.67904097042,-9482.0
23125.679103467253,-7937.0
23125.679165964084,-6159.0
23125.679228460915,-4497.0
23125.679290957745,-2734.0
23125.67935345458,-830.0
23125.67941595141,815.0
23125.67947844824,2247.0
23125.67954094507,3651.0
23125.679603441902,4885.0
23125.679665938736,5838.0
23125.679728435567,6608.0
23125.679790932398,7265.0
23125.67985342923,7706.0
23125.67991592606,7942.0
23125.679978422893,8327.0
23125.680040919724,8711.0
23125.680103416555,8787.0
23125.680165913385,8960.0
23125.680228410216,9299.0
23125.68029090705,9442.0
23125.68035340388,9590.0
23125.68041590071,9830.0
23125.680478397542,10073.0
23125.680540894376,10331.0
23125.680603391207,10303.0
23125.680665888038,10189.0
23125.68072838487,9935.0
23125.6807908817,9459.0
23125.680853378533,9000.0
23125.680915875364,8344.0
23125.680978372195,7431.0
23125.681040869025,6597.0
23125.681103365856,5740.0
23125.68116586269,4631.0
23125.68122835952,3483.0
23125.68129085635,2517.0
23125.681353353182,1480.0
23125.681415850013,393.0
23125.681478346847,-542.0
23125.681540843678,-1415.0
23125.68160334051,-2389.0
23125.68166583734,-3258.0
23125.681728334173,-3943.0
23125.681790831004,-4787.0
23125.681853327835,-5613.0
23125.681915824665,-6252.0
23125.681978321496,-6917.0
23125.68204081833,-7735.0
23125.68210331516,-8557.0
23125.68216581199,-9366.0
23125.682228308822,-10267.0
23125.682290805653,-11193.0
23125.682353302487,-11855.0
23125.682415799318,-12338.0
23125.68247829615,-12899.0
23125.68254079298,-13231.0
23125.68260328981,-13262.0
23125.682665786644,-13111.0
23125.682728283475,-12674.0
23125.682790780305,-11786.0
23125.682853277136,-10738.0
23125.68291577397,-9608.0
23125.6829782708,-8138.0
23125.68304076763,-6427.0
23125.683103264462,-4714.0
23125.683165761293,-2968.0
23125.683228258127,-1056.0
23125.683290754958,697.0
23125.68335325179,2244.0
23125.68341574862,3666.0
23125.68347824545,4888.0
23125.683540742284,5963.0
23125.683603239115,6814.0
23125.683665735945,7465.0
23125.683728232776,7920.0
23125.683790729607,8165.0
23125.68385322644,8451.0
23125.68391572327,8762.0
23125.683978220102,8877.0
23125.684040716933,8933.0
23125.684103213767,9177.0
23125.684165710598,9412.0
23125.68422820743,9555.0
23125.68429070426,9794.0
23125.68435320109,10064.0
23125.684415697924,10126.0
23125.684478194755,10088.0
23125.684540691585,10168.0
23125.684603188416,9985.0
23125.684665685247,9583.0
23125.68472818208,9179.0
23125.68479067891,8608.0
23125.684853175742,7734.0
23125.684915672573,6794.0
23125.684978169404,5915.0
23125.685040666238,4855.0
23125.68510316307,3635.0
23125.6851656599,2487.0
23125.68522815673,1411.0
23125.685290653564,234.0
23125.685353150395,-871.0
23125.685415647225,-1800.0
23125.685478144056,-2792.0
23125.685540640887,-3705.0
23125.68560313772,-4404.0
23125.68566563455,-5125.0
23125.685728131382,-5936.0
23125.685790628213,-6602.0
23125.685853125044,-7195.0
23125.685915621878,-7971.0
23125.68597811871,-8724.0
23125.68604061554,-9381.0
23125.68610311237,-10147.0
23125.6861656092,-11011.0
23125.686228106035,-11794.0
23125.686290602865,-12317.0
23125.686353099696,-12764.0
23125.686415596527,-13214.0
23125.68647809336,-13454.0
23125.68654059019,-13424.0
23125.686603087022,-13148.0
23125.686665583853,-12560.0
23125.686728080684,-11633.0
23125.686790577518,-10590.0
23125.68685307435,-9295.0
23125.68691557118,-7658.0
23125.68697806801,-5955.0
23125.68704056484,-4225.0
23125.687103061675,-2314.0
23125.687165558506,-405.0
23125.687228055336,1280.0
23125.687290552167,2840.0
23125.687353048997,4234.0
23125.68741554583,5421.0
23125.687478042662,6388.0
23125.687540539493,7243.0
23125.687603036324,7840.0
23125.687665533158,8132.0
23125.68772802999,8409.0
23125.68779052682,8726.0
23125.68785302365,8967.0
23125.68791552048,9022.0
23125.687978017315,9156.0
23125.688040514146,9429.0
23125.688103010976,9578.0
23125.688165507807,9724.0
23125.688228004637,10006.0
23125.68829050147,10206.0
23125.688352998302,10248.0
23125.688415495133,10293.0
23125.688477991964,10253.0
23125.688540488794,10009.0
23125.68860298563,9670.0
23125.68866548246,9194.0
23125.68872797929,8491.0
23125.68879047612,7545.0
23125.688852972955,6564.0
23125.688915469786,5562.0
23125.688977966616,4411.0
23125.689040463447,3197.0
23125.689102960278,2043.0
23125.68916545711,888.0
23125.689227953942,-263.0
23125.689290450773,-1269.0
23125.689352947604,-2216.0
23125.689415444434,-3177.0
23125.68947794127,-4039.0
23125.6895404381,-4653.0
23125.68960293493,-5330.0
23125.68966543176,-6039.0
23125.68972792859,-6513.0
23125.689790425426,-7076.0
23125.689852922256,-7745.0
23125.689915419087,-8319.0
23125.689977915918,-8933.0
23125.690040412752,-9670.0
23125.690102909582,-10480.0
23125.690165406413,-11227.0
23125.690227903244,-11823.0
23125.690290400074,-12272.0
23125.69035289691,-12616.0
23125.69041539374,-12859.0
23125.69047789057,-12990.0
23125.6905403874,-12910.0
23125.69060288423,-12343.0
23125.690665381066,-11422.0
23125.690727877896,-10367.0
23125.690790374727,-9054.0
23125.690852871558,-7512.0
23125.69091536839,-5844.0
23125.690977865223,-4097.0
23125.691040362053,-2261.0
23125.691102858884,-428.0
23125.691165355714,1313.0
23125.69122785255,2906.0
23125.69129034938,4219.0
23125.69135284621,5401.0
23125.69141534304,6391.0
23125.69147783987,7172.0
23125.691540336706,7796.0
23125.691602833536,8152.0
23125.691665330367,8402.0
23125.691727827198,8664.0
23125.69179032403,8896.0
23125.691852820863,9073.0
23125.691915317693,9153.0
23125.691977814524,9298.0
23125.692040311355,9525.0
23125.692102808185,9655.0
23125.69216530502,9866.0
23125.69222780185,10109.0
23125.69229029868,10185.0
23125.69235279551,10218.0
23125.692415292346,10190.0
23125.692477789176,9936.0
23125.692540286007,9564.0
23125.692602782838,9076.0
23125.69266527967,8341.0
23125.692727776503,7363.0
23125.692790273333,6303.0
23125.692852770164,5278.0
23125.692915266995,4131.0
23125.692977763825,2895.0
23125.69304026066,1757.0
23125.69310275749,674.0
23125.69316525432,-453.0
23125.69322775115,-1446.0
23125.693290247982,-2311.0
23125.693352744816,-3218.0
23125.693415241647,-4056.0
23125.693477738478,-4716.0
23125.69354023531,-5331.0
23125.693602732143,-5955.0
23125.693665228973,-6481.0
23125.693727725804,-6951.0
23125.693790222635,-7559.0
23125.693852719465,-8162.0
23125.6939152163,-8686.0
23125.69397771313,-9381.0
23125.69404020996,-10199.0
23125.69410270679,-10989.0
23125.694165203622,-11703.0
23125.694227700456,-12174.0
23125.694290197287,-12512.0
23125.694352694118,-12801.0
23125.69441519095,-12937.0
23125.69447768778,-12712.0
23125.694540184613,-12172.0
23125.694602681444,-11347.0
23125.694665178275,-10368.0
23125.694727675105,-9202.0
23125.69479017194,-7679.0
23125.69485266877,-6025.0
23125.6949151656,-4274.0
23125.69497766243,-2450.0
23125.695040159262,-622.0
23125.695102656096,1106.0
23125.695165152927,2698.0
23125.695227649758,4107.0
23125.69529014659,5268.0
23125.69535264342,6342.0
23125.695415140253,7227.0
23125.695477637084,7775.0
23125.695540133915,8234.0
23125.695602630745,8593.0
23125.695665127576,8739.0
23125.69572762441,8968.0
23125.69579012124,9161.0
23125.69585261807,9182.0
23125.695915114902,9326.0
23125.695977611736,9554.0
23125.696040108567,9686.0
23125.696102605398,9834.0
23125.69616510223,10066.0
23125.69622759906,10246.0
23125.696290095893,10288.0
23125.696352592724,10244.0
23125.696415089555,10088.0
23125.696477586385,9695.0
23125.696540083216,9282.0
23125.69660258005,8765.0
23125.69666507688,7913.0
23125.69672757371,6931.0
23125.696790070542,5862.0
23125.696852567373,4772.0
23125.696915064207,3548.0
23125.696977561038,2262.0
23125.69704005787,1135.0
23125.6971025547,18.0
23125.697165051533,-1056.0
23125.697227548364,-1950.0
23125.697290045195,-2785.0
23125.697352542025,-3643.0
23125.697415038856,-4357.0
23125.69747753569,-4927.0
23125.69754003252,-5535.0
23125.69760252935,-6113.0
23125.697665026182,-6564.0
23125.697727523013,-7074.0
23125.697790019847,-7713.0
23125.697852516678,-8260.0
23125.69791501351,-8833.0
23125.69797751034,-9544.0
23125.69804000717,-10278.0
23125.698102504004,-11064.0
23125.698165000835,-11717.0
23125.698227497665,-12142.0
23125.698289994496,-12477.0
23125.69835249133,-12749.0
23125.69841498816,-12817.0
23125.69847748499,-12530.0
23125.698539981822,-11884.0
23125.698602478653,-10973.0
23125.698664975487,-9979.0
23125.698727472318,-8673.0
23125.69878996915,-7096.0
23125.69885246598,-5453.0
23125.69891496281,-3682.0
23125.698977459644,-1836.0
23125.699039956475,-86.0
23125.699102453305,1574.0
23125.699164950136,3130.0
23125.699227446967,4400.0
23125.6992899438,5500.0
23125.69935244063,6497.0
23125.699414937462,7273.0
23125.699477434293,7751.0
23125.699539931127,8147.0
23125.699602427958,8439.0
23125.69966492479,8521.0
23125.69972742162,8740.0
23125.69978991845,8868.0
23125.699852415284,8848.0
23125.699914912115,9024.0
23125.699977408945,9269.0
23125.700039905776,9442.0
23125.700102402607,9619.0
23125.70016489944,9852.0
23125.70022739627,9985.0
23125.700289893102,10001.0
23125.700352389933,10033.0
23125.700414886764,9815.0
23125.700477383598,9453.0
23125.70053988043,9269.0
23125.70060237726,8738.0
23125.70066487409,7780.0
23125.700727370924,6748.0
23125.700789867755,5660.0
23125.700852364585,4521.0
23125.700914861416,3268.0
23125.700977358247,2041.0
23125.70103985508,932.0
23125.70110235191,-174.0
23125.701164848742,-1176.0
23125.701227345573,-2019.0
23125.701289842404,-2822.0
23125.701352339238,-3646.0
23125.70141483607,-4220.0
23125.7014773329,-4762.0
23125.70153982973,-5309.0
23125.70160232656,-5761.0
23125.701664823395,-6197.0
23125.701727320225,-6659.0
23125.701789817056,-7224.0
23125.701852313887,-7685.0
23125.70191481072,-8243.0
23125.70197730755,-8994.0
23125.702039804382,-9668.0
23125.702102301213,-10434.0
23125.702164798044,-11269.0
23125.702227294878,-11697.0
23125.70228979171,-11931.0
23125.70235228854,-12277.0
23125.70241478537,-12476.0
23125.7024772822,-12190.0
23125.702539779035,-11585.0
23125.702602275866,-10809.0
23125.702664772696,-9730.0
23125.702727269527,-8430.0
23125.702789766357,-6993.0
23125.70285226319,-5354.0
23125.702914760022,-3547.0
23125.702977256853,-1815.0
23125.703039753684,-125.0
23125.703102250518,1547.0
23125.70316474735,3069.0
23125.70322724418,4323.0
23125.70328974101,5381.0
23125.70335223784,6378.0
23125.703414734675,7124.0
23125.703477231506,7570.0
23125.703539728336,7972.0
23125.703602225167,8265.0
23125.703664721997,8303.0
23125.70372721883,8447.0
23125.703789715662,8672.0
23125.703852212493,8659.0
23125.703914709324,8719.0
23125.703977206154,9012.0
23125.70403970299,9203.0
23125.70410219982,9291.0
23125.70416469665,9582.0
23125.70422719348,9836.0
23125.704289690315,9832.0
23125.704352187146,9885.0
23125.704414683976,9810.0
23125.704477180807,9406.0
23125.704539677638,8982.0
23125.70460217447,8485.0
23125.704664671302,7666.0
23125.704727168133,6631.0
23125.704789664964,5599.0
23125.704852161794,4560.0
23125.70491465863,3345.0
23125.70497715546,2113.0
23125.70503965229,1015.0
23125.70510214912,-57.0
23125.70516464595,-1087.0
23125.705227142786,-1945.0
23125.705289639616,-2670.0
23125.705352136447,-3364.0
23125.705414633278,-4025.0
23125.705477130112,-4513.0
23125.705539626942,-4909.0
23125.705602123773,-5425.0
23125.705664620604,-5816.0
23125.705727117434,-6140.0
23125.70578961427,-6783.0
23125.7058521111,-7392.0
23125.70591460793,-7886.0
23125.70597710476,-8558.0
23125.70603960159,-9249.0
23125.706102098426,-9978.0
23125.706164595256,-10882.0
23125.706227092087,-11604.0
23125.706289588918,-11919.0
23125.70635208575,-12111.0
23125.706414582583,-12364.0
23125.706477079413,-12395.0
23125.706539576244,-11886.0
23125.706602073074,-11262.0
23125.70666456991,-10436.0
23125.70672706674,-9233.0
23125.70678956357,-7961.0
23125.7068520604,-6542.0
23125.70691455723,-4854.0
23125.706977054066,-3102.0
23125.707039550896,-1450.0
23125.707102047727,213.0
23125.707164544558,1840.0
23125.70722704139,3240.0
23125.707289538223,4329.0
23125.707352035053,5358.0
23125.707414531884,6247.0
23125.707477028714,6816.0
23125.707539525545,7294.0
23125.70760202238,7683.0
23125.70766451921,7842.0
23125.70772701604,7952.0
23125.70778951287,8180.0
23125.707852009706,8368.0
23125.707914506536,8357.0
23125.707977003367,8519.0
23125.708039500198,8870.0
23125.70810199703,9072.0
23125.708164493863,9259.0
23125.708226990693,9573.0
23125.708289487524,9763.0
23125.708351984355,9775.0
23125.708414481185,9839.0
23125.70847697802,9729.0
23125.70853947485,9326.0
23125.70860197168,8880.0
23125.70866446851,8377.0
23125.708726965342,7509.0
23125.708789462176,6411.0
23125.708851959007,5456.0
23125.708914455838,4421.0
23125.70897695267,3162.0
23125.709039449503,2041.0
23125.709101946333,1021.0
23125.709164443164,-101.0
23125.709226939995,-1070.0
23125.709289436825,-1785.0
23125.70935193366,-2468.0
23125.70941443049,-3196.0
23125.70947692732,-3823.0
23125.70953942415,-4213.0
23125.709601920982,-4661.0
23125.709664417816,-5262.0
23125.709726914647,-5658.0
23125.709789411478,-6131.0
23125.70985190831,-6864.0
23125.70991440514,-7441.0
23125.709976901973,-7989.0
23125.710039398804,-8751.0
23125.710101895635,-9461.0
23125.710164392465,-10123.0
23125.7102268893,-10927.0
23125.71028938613,-11685.0
23125.71035188296,-12076.0
23125.71041437979,-12183.0
23125.710476876622,-12540.0
23125.710539373456,-12773.0
23125.710601870287,-12232.0
23125.710664367118,-11596.0
23125.71072686395,-10718.0
23125.71078936078,-9417.0
23125.710851857613,-8149.0
23125.710914354444,-6726.0
23125.710976851275,-5026.0
23125.711039348105,-3234.0
23125.711101844936,-1607.0
23125.71116434177,-60.0
23125.7112268386,1613.0
23125.71128933543,3011.0
23125.711351832262,4092.0
23125.711414329096,5145.0
23125.711476825927,6023.0
23125.711539322758,6681.0
23125.71160181959,7199.0
23125.71166431642,7577.0
23125.711726813253,7825.0
23125.711789310084,7959.0
23125.711851806915,8213.0
23125.711914303745,8423.0
23125.711976800576,8468.0
23125.71203929741,8624.0
23125.71210179424,8957.0
23125.71216429107,9240.0
23125.712226787902,9404.0
23125.712289284733,9726.0
23125.712351781567,10024.0
23125.712414278398,10063.0
23125.71247677523,10064.0
23125.71253927206,10040.0
23125.712601768893,9700.0
23125.712664265724,9114.0
23125.712726762555,8552.0
23125.712789259385,7731.0
23125.712851756216,6627.0
23125.71291425305,5538.0
23125.71297674988,4445.0
23125.71303924671,3251.0
23125.713101743542,2049.0
23125.713164240373,973.0
23125.713226737207,-87.0
23125.713289234038,-1132.0
23125.71335173087,-1958.0
23125.7134142277,-2644.0
23125.71347672453,-3391.0
23125.713539221364,-3995.0
23125.713601718195,-4379.0
23125.713664215025,-4819.0
23125.713726711856,-5269.0
23125.71378920869,-5622.0
23125.71385170552,-5971.0
23125.71391420235,-6468.0
23125.713976699182,-7067.0
23125.714039196013,-7687.0
23125.714101692847,-8283.0
23125.714164189678,-8920.0
23125.71422668651,-9618.0
23125.71428918334,-10308.0
23125.71435168017,-11112.0
23125.714414177004,-11744.0
23125.714476673835,-11975.0
23125.714539170665,-12086.0
23125.714601667496,-12162.0
23125.714664164327,-11946.0
23125.71472666116,-11323.0
23125.71478915799,-10539.0
23125.714851654822,-9466.0
23125.714914151653,-8124.0
23125.714976648487,-6735.0
23125.715039145318,-5252.0
23125.71510164215,-3578.0
23125.71516413898,-1920.0
23125.71522663581,-394.0
23125.715289132644,1190.0
23125.715351629475,2677.0
23125.715414126305,3921.0
23125.715476623136,4946.0
23125.715539119967,5888.0
23125.7156016168,6706.0
23125.71566411363,7254.0
23125.715726610462,7697.0
23125.715789107293,8044.0
23125.715851604124,8194.0
23125.715914100958,8291.0
23125.71597659779,8512.0
23125.71603909462,8671.0
23125.71610159145,8700.0
23125.716164088284,8863.0
23125.716226585115,9152.0
23125.716289081945,9354.0
23125.716351578776,9555.0
23125.716414075607,9840.0
23125.71647657244,9962.0
23125.71653906927,9974.0
23125.716601566102,9989.0
23125.716664062933,9795.0
23125.716726559764,9388.0
23125.716789056598,8909.0
23125.71685155343,8262.0
23125.71691405026,7393.0
23125.71697654709,6392.0
23125.71703904392,5333.0
23125.717101540755,4207.0
23125.717164037585,3003.0
23125.717226534416,1804.0
23125.717289031247,675.0
23125.71735152808,-361.0
23125.71741402491,-1306.0
23125.717476521742,-2140.0
23125.717539018573,-2770.0
23125.717601515404,-3373.0
23125.717664012238,-3942.0
23125.71772650907,-4338.0
23125.7177890059,-4791.0
23125.71785150273,-5250.0
23125.71791399956,-5638.0
23125.717976496395,-6054.0
23125.718038993225,-6557.0
23125.718101490056,-7175.0
23125.718163986887,-7768.0
23125.718226483717,-8348.0
23125.71828898055,-9053.0
23125.718351477382,-9675.0
23125.718413974213,-10373.0
23125.718476471044,-11209.0
23125.718538967878,-11690.0
23125.71860146471,-11921.0
23125.71866396154,-12053.0
23125.71872645837,-12089.0
23125.7187889552,-11856.0
23125.718851452035,-11223.0
23125.718913948866,-10519.0
23125.718976445696,-9461.0
23125.719038942527,-8099.0
23125.719101439357,-6807.0
23125.71916393619,-5341.0
23125.719226433022,-3641.0
23125.719288929853,-2015.0
23125.719351426684,-455.0
23125.719413923514,1121.0
23125.71947642035,2557.0
23125.71953891718,3816.0
23125.71960141401,4831.0
23125.71966391084,5695.0
23125.719726407675,6436.0
23125.719788904506,6995.0
23125.719851401336,7458.0
23125.719913898167,7731.0
23125.719976394998,7919.0
23125.72003889183,8064.0
23125.720101388662,8230.0
23125.720163885493,8424.0
23125.720226382324,8491.0
23125.720288879154,8589.0
23125.72035137599,8896.0
23125.72041387282,9086.0
23125.72047636965,9325.0
23125.72053886648,9867.0
23125.72060136331,10043.0
23125.720663860146,9980.0
23125.720726356976,9965.0
23125.720788853807,9825.0
23125.720851350638,9412.0
23125.720913847472,8900.0
23125.720976344302,8328.0
23125.721038841133,7495.0
23125.721101337964,6448.0
23125.721163834794,5397.0
23125.72122633163,4307.0
23125.72128882846,3123.0
23125.72135132529,1979.0
23125.72141382212,861.0
23125.72147631895,-242.0
23125.721538815786,-1119.0
23125.721601312616,-1814.0
23125.721663809447,-2470.0
23125.721726306278,-3000.0
23125.72178880311,-3483.0
23125.721851299943,-3889.0
23125.721913796773,-4279.0
23125.721976293604,-4688.0
23125.722038790434,-5050.0
23125.72210128727,-5424.0
23125.7221637841,-5928.0
23125.72222628093,-6538.0
23125.72228877776,-7108.0
23125.72235127459,-7794.0
23125.722413771426,-8590.0
23125.722476268256,-9392.0
23125.722538765087,-10090.0
23125.722601261918,-10733.0
23125.72266375875,-11383.0
23125.722726255583,-11648.0
23125.722788752413,-11674.0
23125.722851249244,-11632.0
23125.722913746074,-11396.0
23125.722976242905,-11030.0
23125.72303873974,-10394.0
23125.72310123657,-9440.0
23125.7231637334,-8288.0
23125.72322623023,-7019.0
23125.723288727066,-5699.0
23125.723351223896,-4245.0
23125.723413720727,-2659.0
23125.723476217558,-1193.0
23125.72353871439,281.0
23125.723601211223,1697.0
23125.723663708053,2853.0
23125.723726204884,3898.0
23125.723788701715,4786.0
23125.723851198545,5496.0
23125.72391369538,6132.0
23125.72397619221,6652.0
23125.72403868904,7012.0
23125.72410118587,7234.0
23125.724163682702,7383.0
23125.724226179536,7567.0
23125.724288676367,7757.0
23125.724351173198,7921.0
23125.72441367003,8075.0
23125.724476166863,8203.0
23125.724538663693,8508.0
23125.724601160524,8796.0
23125.724663657355,8924.0
23125.724726154185,9125.0
23125.72478865102,9214.0
23125.72485114785,9179.0
23125.72491364468,9082.0
23125.72497614151,8877.0
23125.725038638342,8443.0
23125.725101135176,7871.0
23125.725163632007,7245.0
23125.725226128838,6401.0
23125.72528862567,5391.0
23125.7253511225,4390.0
23125.725413619333,3390.0
23125.725476116164,2220.0
23125.725538612995,1158.0
23125.725601109825,232.0
23125.72566360666,-733.0
23125.72572610349,-1551.0
23125.72578860032,-2155.0
23125.72585109715,-2683.0
23125.725913593982,-3221.0
23125.725976090816,-3585.0
23125.726038587647,-3923.0
23125.726101084478,-4354.0
23125.72616358131,-4745.0
23125.72622607814,-5060.0
23125.726288574973,-5443.0
23125.726351071804,-6013.0
23125.726413568635,-6554.0
23125.726476065465,-7106.0
23125.726538562296,-7692.0
23125.72660105913,-8282.0
23125.72666355596,-8899.0
23125.72672605279,-9572.0
23125.726788549622,-10256.0
23125.726851046456,-10876.0
23125.726913543287,-11359.0
23125.726976040118,-11519.0
23125.72703853695,-11461.0
23125.72710103378,-11313.0
23125.727163530613,-11020.0
23125.727226027444,-10437.0
23125.727288524275,-9594.0
23125.727351021105,-8480.0
23125.727413517936,-7262.0
23125.72747601477,-6034.0
23125.7275385116,-4641.0
23125.72760100843,-3148.0
23125.727663505262,-1719.0
23125.727726002093,-360.0
23125.727788498927,988.0
23125.727850995758,2189.0
23125.72791349259,3221.0
23125.72797598942,4123.0
23125.728038486253,4857.0
23125.728100983084,5477.0
23125.728163479915,6011.0
23125.728225976745,6427.0
23125.728288473576,6704.0
23125.72835097041,6949.0
23125.72841346724,7190.0
23125.72847596407,7384.0
23125.728538460902,7665.0
23125.728600957733,7907.0
23125.728663454567,8010.0
23125.728725951398,8201.0
23125.72878844823,8463.0
23125.72885094506,8684.0
23125.72891344189,8859.0
23125.728975938724,9001.0
23125.729038435555,9008.0
23125.729100932385,8893.0
23125.729163429216,8734.0
23125.72922592605,8440.0
23125.72928842288,7921.0
23125.72935091971,7327.0
23125.729413416542,6638.0
23125.729475913373,5705.0
23125.729538410207,4745.0
23125.729600907038,3842.0
23125.72966340387,2838.0
23125.7297259007,1812.0
23125.72978839753,861.0
23125.729850894364,-39.0
23125.729913391195,-862.0
23125.729975888025,-1508.0
23125.730038384856,-2014.0
23125.730100881687,-2479.0
23125.73016337852,-2923.0
23125.73022587535,-3305.0
23125.730288372182,-3656.0
23125.730350869013,-4025.0
23125.730413365847,-4340.0
23125.730475862678,-4823.0
23125.73053835951,-5604.0
23125.73060085634,-6278.0
23125.73066335317,-6880.0
23125.730725850004,-7500.0
23125.730788346835,-8125.0
23125.730850843665,-8742.0
23125.730913340496,-9208.0
23125.730975837327,-9797.0
23125.73103833416,-10468.0
23125.73110083099,-10987.0
23125.731163327822,-11377.0
23125.731225824653,-11360.0
23125.731288321484,-11257.0
23125.731350818318,-11137.0
23125.73141331515,-10719.0
23125.73147581198,-10071.0
23125.73153830881,-9135.0
23125.731600805644,-7994.0
23125.731663302475,-6892.0
23125.731725799305,-5697.0
23125.731788296136,-4358.0
23125.731850792967,-2990.0
23125.7319132898,-1596.0
23125.73197578663,-261.0
23125.732038283462,956.0
23125.732100780293,2100.0
23125.732163277124,3139.0
23125.732225773958,4008.0
23125.73228827079,4760.0
23125.73235076762,5443.0
23125.73241326445,6048.0
23125.73247576128,6481.0
23125.732538258115,6888.0
23125.732600754945,7228.0
23125.732663251776,7416.0
23125.732725748607,7675.0
23125.73278824544,7919.0
23125.73285074227,8066.0
23125.732913239102,8250.0
23125.732975735933,8468.0
23125.733038232764,8632.0
23125.733100729598,8766.0
23125.73316322643,8875.0
23125.73322572326,8942.0
23125.73328822009,8841.0
23125.73335071692,8664.0
23125.733413213755,8467.0
23125.733475710585,8069.0
23125.733538207416,7585.0
23125.733600704247,7077.0
23125.733663201077,6355.0
23125.73372569791,5538.0
23125.733788194742,4712.0
23125.733850691573,3845.0
23125.733913188404,2898.0
23125.733975685238,1886.0
23125.73403818207,1073.0
23125.7341006789,321.0
23125.73416317573,-481.0
23125.73422567256,-1083.0
23125.734288169395,-1598.0
23125.734350666226,-2135.0
23125.734413163056,-2565.0
23125.734475659887,-2995.0
23125.734538156717,-3434.0
23125.73460065355,-3802.0
23125.734663150382,-4201.0
23125.734725647213,-4635.0
23125.734788144044,-5081.0
23125.734850640874,-5601.0
23125.73491313771,-6217.0
23125.73497563454,-6878.0
23125.73503813137,-7468.0
23125.7351006282,-7893.0
23125.735163125035,-8482.0
23125.735225621866,-9110.0
23125.735288118696,-9611.0
23125.735350615527,-10204.0
23125.735413112357,-10571.0
23125.73547560919,-10680.0
23125.735538106022,-10623.0
23125.735600602853,-10414.0
23125.735663099684,-10142.0
23125.735725596514,-9530.0
23125.73578809335,-8714.0
23125.73585059018,-7724.0
23125.73591308701,-6541.0
23125.73597558384,-5380.0
23125.73603808067,-4116.0
23125.736100577506,-2714.0
23125.736163074336,-1364.0
23125.736225571167,-37.0
23125.736288067998,1234.0
23125.73635056483,2402.0
23125.736413061662,3491.0
23125.736475558493,4341.0
23125.736538055324,5144.0
23125.736600552154,5890.0
23125.73666304899,6459.0
23125.73672554582,6893.0
23125.73678804265,7197.0
23125.73685053948,7487.0
23125.73691303631,7701.0
23125.736975533146,7924.0
23125.737038029976,8191.0
23125.737100526807,8302.0
23125.737163023638,8337.0
23125.73722552047,8499.0
23125.737288017302,8645.0
23125.737350514133,8684.0
23125.737413010964,8790.0
23125.737475507794,8814.0
23125.73753800463,8721.0
23125.73760050146,8618.0
23125.73766299829,8400.0
23125.73772549512,8083.0
23125.73778799195,7646.0
23125.737850488786,7123.0
23125.737912985616,6483.0
23125.737975482447,5690.0
23125.738037979278,4876.0
23125.73810047611,4061.0
23125.738162972943,3201.0
23125.738225469773,2297.0
23125.738287966604,1447.0
23125.738350463434,650.0
23125.738412960265,-125.0
23125.7384754571,-806.0
23125.73853795393,-1300.0
23125.73860045076,-1768.0
23125.73866294759,-2272.0
23125.738725444426,-2626.0
23125.738787941256,-3000.0
23125.738850438087,-3445.0
23125.738912934918,-3842.0
23125.73897543175,-4258.0
23125.739037928583,-4737.0
23125.739100425413,-5280.0
23125.739162922244,-5823.0
23125.739225419075,-6360.0
23125.739287915905,-7024.0
23125.73935041274,-7677.0
23125.73941290957,-8265.0
23125.7394754064,-8937.0
23125.73953790323,-9502.0
23125.739600400062,-10020.0
23125.739662896896,-10557.0
23125.739725393727,-10767.0
23125.739787890558,-10696.0
23125.73985038739,-10577.0
23125.739912884223,-10391.0
23125.739975381053,-9921.0
23125.740037877884,-9196.0
23125.740100374715,-8260.0
23125.740162871545,-7105.0
23125.74022536838,-5904.0
23125.74028786521,-4663.0
23125.74035036204,-3329.0
23125.74041285887,-1965.0
23125.740475355702,-544.0
23125.740537852536,975.0
23125.740600349367,2182.0
23125.740662846198,3197.0
23125.74072534303,4114.0
23125.74078783986,4837.0
23125.740850336693,5517.0
23125.740912833524,6120.0
23125.740975330355,6584.0
23125.741037827185,6947.0
23125.74110032402,7288.0
23125.74116282085,7548.0
23125.74122531768,7737.0
23125.74128781451,8021.0
23125.741350311342,8253.0
23125.741412808176,8343.0
23125.741475305007,8453.0
23125.741537801838,8696.0
23125.74160029867,8839.0
23125.7416627955,8880.0
23125.741725292333,8985.0
23125.741787789164,8920.0
23125.741850285995,8750.0
23125.741912782825,8601.0
23125.741975279656,8352.0
23125.74203777649,7920.0
23125.74210027332,7440.0
23125.74216277015,6879.0
23125.742225266982,6147.0
23125.742287763816,5310.0
23125.742350260647,4447.0
23125.742412757478,3614.0
23125.74247525431,2721.0
23125.74253775114,1859.0
23125.742600247973,1062.0
23125.742662744804,272.0
23125.742725241635,-382.0
23125.742787738465,-872.0
23125.742850235296,-1360.0
23125.74291273213,-1844.0
23125.74297522896,-2252.0
23125.74303772579,-2661.0
23125.743100222622,-3074.0
23125.743162719453,-3486.0
23125.743225216287,-3911.0
23125.743287713118,-4380.0
23125.74335020995,-4872.0
23125.74341270678,-5429.0
23125.743475203613,-6011.0
23125.743537700444,-6540.0
23125.743600197275,-7152.0
23125.743662694105,-7809.0
23125.743725190936,-8419.0
23125.74378768777,-9072.0
23125.7438501846,-9592.0
23125.74391268143,-10140.0
23125.743975178262,-10676.0
23125.744037675093,-10768.0
23125.744100171927,-10629.0
23125.744162668758,-10507.0
23125.74422516559,-10255.0
23125.74428766242,-9640.0
23125.74435015925,-8846.0
23125.744412656084,-7885.0
23125.744475152915,-6714.0
23125.744537649745,-5519.0
23125.744600146576,-4319.0
23125.74466264341,-3021.0
23125.74472514024,-1653.0
23125.74478763707,-442.0
23125.744850133902,766.0
23125.744912630733,1899.0
23125.744975127567,2852.0
23125.745037624398,3716.0
23125.74510012123,4461.0
23125.74516261806,5093.0
23125.74522511489,5674.0
23125.745287611724,6162.0
23125.745350108555,6508.0
23125.745412605385,6843.0
23125.745475102216,7063.0
23125.745537599047,7329.0
23125.74560009588,7677.0
23125.74566259271,7861.0
23125.745725089542,7978.0
23125.745787586373,8104.0
23125.745850083207,8276.0
23125.745912580038,8366.0
23125.74597507687,8451.0
23125.7460375737,8537.0
23125.74610007053,8463.0
23125.746162567364,8287.0
23125.746225064195,8118.0
23125.746287561025,7810.0
23125.746350057856,7329.0
23125.746412554687,6868.0
23125.74647505152,6247.0
23125.74653754835,5548.0
23125.746600045182,4773.0
23125.746662542013,3954.0
23125.746725038844,3211.0
23125.746787535678,2398.0
23125.74685003251,1567.0
23125.74691252934,814.0
23125.74697502617,100.0
23125.747037523004,-563.0
23125.747100019835,-1094.0
23125.747162516665,-1566.0
23125.747225013496,-2003.0
23125.747287510327,-2435.0
23125.74735000716,-2800.0
23125.74741250399,-3128.0
23125.747475000822,-3571.0
23125.747537497653,-3950.0
23125.747599994484,-4378.0
23125.747662491318,-4901.0
23125.74772498815,-5423.0
23125.74778748498,-5997.0
23125.74784998181,-6623.0
23125.74791247864,-7311.0
23125.747974975475,-7931.0
23125.748037472305,-8540.0
23125.748099969136,-9190.0
23125.748162465967,-9704.0
23125.7482249628,-10236.0
23125.74828745963,-10679.0
23125.748349956462,-10691.0
23125.748412453293,-10563.0
23125.748474950124,-10421.0
23125.748537446958,-10092.0
23125.74859994379,-9498.0
23125.74866244062,-8747.0
23125.74872493745,-7819.0
23125.74878743428,-6672.0
23125.748849931115,-5478.0
23125.748912427945,-4326.0
23125.748974924776,-3066.0
23125.749037421607,-1706.0
23125.749099918437,-522.0
23125.74916241527,666.0
23125.749224912102,1785.0
23125.749287408933,2757.0
23125.749349905764,3631.0
23125.749412402598,4357.0
23125.74947489943,4992.0
23125.74953739626,5603.0
23125.74959989309,6125.0
23125.74966238992,6468.0
23125.749724886755,6818.0
23125.749787383585,7105.0
23125.749849880416,7365.0
23125.749912377247,7687.0
23125.749974874077,7921.0
23125.75003737091,8043.0
23125.750099867742,8170.0
23125.750162364573,8319.0
23125.750224861404,8395.0
23125.750287358234,8447.0
23125.75034985507,8469.0
23125.7504123519,8434.0
23125.75047484873,8138.0
23125.75053734556,7724.0
23125.750599842395,7459.0
23125.750662339226,7025.0
23125.750724836056,6578.0
23125.750787332887,6096.0
23125.750849829717,5384.0
23125.75091232655,4612.0
23125.750974823382,3867.0
23125.751037320213,3101.0
23125.751099817044,2323.0
23125.751162313874,1554.0
23125.75122481071,813.0
23125.75128730754,71.0
23125.75134980437,-614.0
23125.7514123012,-1142.0
23125.75147479803,-1620.0
23125.751537294866,-2051.0
23125.751599791696,-2435.0
23125.751662288527,-2804.0
23125.751724785358,-3176.0
23125.75178728219,-3621.0
23125.751849779022,-4022.0
23125.751912275853,-4416.0
23125.751974772684,-4891.0
23125.752037269514,-5437.0
23125.75209976635,-6064.0
23125.75216226318,-6683.0
23125.75222476001,-7277.0
23125.75228725684,-7820.0
23125.75234975367,-8400.0
23125.752412250506,-9088.0
23125.752474747336,-9641.0
23125.752537244167,-10100.0
23125.752599740998,-10565.0
23125.75266223783,-10640.0
23125.752724734662,-10479.0
23125.752787231493,-10383.0
23125.752849728324,-10218.0
23125.752912225154,-9804.0
23125.75297472199,-9059.0
23125.75303721882,-8175.0
23125.75309971565,-7118.0
23125.75316221248,-6014.0
23125.75322470931,-4953.0
23125.753287206146,-3698.0
23125.753349702976,-2291.0
23125.753412199807,-1033.0
23125.753474696638,126.0
23125.75353719347,1315.0
23125.753599690303,2443.0
23125.753662187133,3401.0
23125.753724683964,4195.0
23125.753787180794,4922.0
23125.753849677625,5547.0
23125.75391217446,6091.0
23125.75397467129,6565.0
23125.75403716812,6953.0
23125.75409966495,7242.0
23125.754162161786,7470.0
23125.754224658616,7742.0
23125.754287155447,7993.0
23125.754349652278,8155.0
23125.75441214911,8260.0
23125.754474645943,8378.0
23125.754537142773,8467.0
23125.754599639604,8463.0
23125.754662136434,8478.0
23125.754724633265,8452.0
23125.7547871301,8262.0
23125.75484962693,8097.0
23125.75491212376,7838.0
23125.75497462059,7404.0
23125.755037117422,6955.0
23125.755099614256,6535.0
23125.755162111087,5940.0
23125.755224607918,5192.0
23125.75528710475,4495.0
23125.755349601583,3747.0
23125.755412098413,2918.0
23125.755474595244,2080.0
23125.755537092075,1382.0
23125.755599588905,687.0
23125.75566208574,-20.0
23125.75572458257,-604.0
23125.7557870794,-1159.0
23125.75584957623,-1712.0
23125.755912073062,-2192.0
23125.755974569896,-2522.0
23125.756037066727,-2886.0
23125.756099563558,-3307.0
23125.75616206039,-3650.0
23125.75622455722,-4076.0
23125.756287054053,-4625.0
23125.756349550884,-5150.0
23125.756412047715,-5663.0
23125.756474544545,-6171.0
23125.75653704138,-6609.0
23125.75659953821,-7121.0
23125.75666203504,-7669.0
23125.75672453187,-8236.0
23125.756787028702,-8838.0
23125.756849525536,-9295.0
23125.756912022367,-9785.0
23125.756974519198,-10241.0
23125.75703701603,-10274.0
23125.75709951286,-10118.0
23125.757162009693,-10021.0
23125.757224506524,-9794.0
23125.757287003355,-9290.0
23125.757349500185,-8601.0
23125.757411997016,-7719.0
23125.75747449385,-6623.0
23125.75753699068,-5520.0
23125.75759948751,-4404.0
23125.757661984342,-3158.0
23125.757724481176,-1833.0
23125.757786978007,-666.0
23125.757849474838,545.0
23125.75791197167,1713.0
23125.7579744685,2689.0
23125.758036965333,3584.0
23125.758099462164,4368.0
23125.758161958995,5064.0
23125.758224455825,5626.0
23125.758286952656,6132.0
23125.75834944949,6508.0
23125.75841194632,6785.0
23125.75847444315,6989.0
23125.758536939982,7275.0
23125.758599436813,7587.0
23125.758661933647,7748.0
23125.758724430478,7874.0
23125.75878692731,7985.0
23125.75884942414,8124.0
23125.758911920973,8192.0
23125.758974417804,8232.0
23125.759036914635,8310.0
23125.759099411465,8204.0
23125.759161908296,8000.0
23125.75922440513,7880.0
23125.75928690196,7611.0
23125.75934939879,7167.0
23125.759411895622,6720.0
23125.759474392453,6196.0
23125.759536889287,5582.0
23125.759599386118,4885.0
23125.75966188295,4148.0
23125.75972437978,3391.0
23125.75978687661,2598.0
23125.759849373444,1825.0
23125.759911870275,1106.0
23125.759974367105,385.0
23125.760036863936,-291.0
23125.76009936077,-802.0
23125.7601618576,-1285.0
23125.76022435443,-1754.0
23125.760286851262,-2138.0
23125.760349348093,-2449.0
23125.760411844927,-2774.0
23125.760474341758,-3028.0
23125.76053683859,-3187.0
23125.76059933542,-3641.0
23125.76066183225,-4206.0
23125.760724329084,-4720.0
23125.760786825915,-5349.0
23125.760849322745,-6044.0
23125.760911819576,-6708.0
23125.760974316407,-7251.0
23125.76103681324,-7795.0
23125.76109931007,-8391.0
23125.761161806902,-8885.0
23125.761224303733,-9257.0
23125.761286800567,-9646.0
23125.761349297398,-9974.0
23125.76141179423,-9969.0
23125.76147429106,-9914.0
23125.76153678789,-9792.0
23125.761599284724,-9513.0
23125.761661781555,-9029.0
23125.761724278385,-8396.0
23125.761786775216,-7594.0
23125.761849272047,-6527.0
23125.76191176888,-5500.0
23125.76197426571,-4449.0
23125.762036762542,-3221.0
23125.762099259373,-1891.0
23125.762161756204,-704.0
23125.762224253038,512.0
23125.76228674987,1717.0
23125.7623492467,2709.0
23125.76241174353,3583.0
23125.762474240364,4371.0
23125.762536737195,5131.0
23125.762599234025,5784.0
23125.762661730856,6321.0
23125.762724227687,6781.0
23125.76278672452,7116.0
23125.76284922135,7377.0
23125.762911718182,7638.0
23125.762974215013,7875.0
23125.763036711844,8076.0
23125.763099208678,8213.0
23125.76316170551,8268.0
23125.76322420234,8387.0
23125.76328669917,8448.0
23125.763349196,8422.0
23125.763411692835,8416.0
23125.763474189665,8274.0
23125.763536686496,8068.0
23125.763599183327,7916.0
23125.76366168016,7638.0
23125.76372417699,7206.0
23125.763786673822,6725.0
23125.763849170653,6209.0
23125.763911667484,5565.0
23125.763974164318,4858.0
23125.76403666115,4203.0
23125.76409915798,3446.0
23125.76416165481,2632.0
23125.76422415164,1842.0
23125.764286648475,1122.0
23125.764349145305,408.0
23125.764411642136,-260.0
23125.764474138967,-859.0
23125.764536635797,-1356.0
23125.76459913263,-1841.0
23125.764661629462,-2303.0
23125.764724126293,-2615.0
23125.764786623124,-2948.0
23125.764849119958,-3319.0
23125.76491161679,-3667.0
23125.76497411362,-4065.0
23125.76503661045,-4599.0
23125.76509910728,-5068.0
23125.765161604115,-5495.0
23125.765224100945,-6052.0
23125.765286597776,-6594.0
23125.765349094607,-7110.0
23125.765411591437,-7675.0
23125.76547408827,-8268.0
23125.765536585102,-8801.0
23125.765599081933,-9234.0
23125.765661578764,-9747.0
23125.765724075594,-10243.0
23125.76578657243,-10384.0
23125.76584906926,-10297.0
23125.76591156609,-10221.0
23125.76597406292,-10016.0
23125.766036559755,-9550.0
23125.766099056586,-8918.0
23125.766161553416,-8135.0
23125.766224050247,-7099.0
23125.766286547077,-5996.0
23125.76634904391,-4891.0
23125.766411540742,-3670.0
23125.766474037573,-2355.0
23125.766536534404,-1118.0
23125.766599031234,101.0
23125.76666152807,1263.0
23125.7667240249,2282.0
23125.76678652173,3209.0
23125.76684901856,4018.0
23125.76691151539,4721.0
23125.766974012226,5262.0
23125.767036509056,5803.0
23125.767099005887,6301.0
23125.767161502717,6639.0
23125.76722399955,6912.0
23125.767286496382,7201.0
23125.767348993213,7513.0
23125.767411490044,7746.0
23125.767473986874,7887.0
23125.76753648371,8076.0
23125.76759898054,8259.0
23125.76766147737,8301.0
23125.7677239742,8362.0
23125.76778647103,8416.0
23125.767848967866,8380.0
23125.767911464696,8191.0
23125.767973961527,7987.0
23125.768036458358,7775.0
23125.768098955188,7366.0
23125.768161452022,6877.0
23125.768223948853,6374.0
23125.768286445684,5784.0
23125.768348942514,5069.0
23125.76841143935,4385.0
23125.76847393618,3684.0
23125.76853643301,2917.0
23125.76859892984,2200.0
23125.76866142667,1512.0
23125.768723923506,808.0
23125.768786420336,146.0
23125.768848917167,-345.0
23125.768911413998,-807.0
23125.76897391083,-1347.0
23125.769036407662,-1778.0
23125.769098904493,-2121.0
23125.769161401324,-2535.0
23125.769223898154,-2904.0
23125.769286394985,-3274.0
23125.76934889182,-3718.0
23125.76941138865,-4234.0
23125.76947388548,-4816.0
23125.76953638231,-5237.0
23125.769598879146,-5721.0
23125.769661375976,-6340.0
23125.769723872807,-6798.0
23125.769786369638,-7342.0
23125.76984886647,-7993.0
23125.769911363303,-8545.0
23125.769973860133,-9058.0
23125.770036356964,-9544.0
23125.770098853794,-9988.0
23125.770161350625,-10260.0
23125.77022384746,-10269.0
23125.77028634429,-10194.0
23125.77034884112,-10065.0
23125.77041133795,-9688.0
23125.770473834782,-9234.0
23125.770536331616,-8793.0
23125.770598828447,-7830.0
23125.770661325278,-6672.0
23125.77072382211,-5614.0
23125.770786318943,-4444.0
23125.770848815773,-3155.0
23125.770911312604,-1887.0
23125.770973809435,-744.0
23125.771036306265,467.0
23125.7710988031,1599.0
23125.77116129993,2556.0
23125.77122379676,3459.0
23125.77128629359,4221.0
23125.771348790422,4869.0
23125.771411287256,5455.0
23125.771473784087,6015.0
23125.771536280918,6480.0
23125.77159877775,6825.0
23125.77166127458,7119.0
23125.771723771413,7402.0
23125.771786268244,7689.0
23125.771848765075,7912.0
23125.771911261905,8034.0
23125.77197375874,8173.0
23125.77203625557,8283.0
23125.7720987524,8313.0
23125.77216124923,8333.0
23125.772223746062,8326.0
23125.772286242896,8194.0
23125.772348739727,7977.0
23125.772411236558,7755.0
23125.77247373339,7417.0
23125.77253623022,7028.0
23125.772598727053,6586.0
23125.772661223884,6023.0
23125.772723720715,5343.0
23125.772786217545,4630.0
23125.772848714376,3989.0
23125.77291121121,3261.0
23125.77297370804,2498.0
23125.77303620487,1853.0
23125.773098701702,1219.0
23125.773161198536,538.0
23125.773223695367,-81.0
23125.773286192198,-611.0
23125.77334868903,-1117.0
23125.77341118586,-1590.0
23125.773473682693,-1995.0
23125.773536179524,-2300.0
23125.773598676355,-2652.0
23125.773661173185,-3071.0
23125.773723670016,-3434.0
23125.77378616685,-3850.0
23125.77384866368,-4322.0
23125.77391116051,-4704.0
23125.773973657342,-5119.0
23125.774036154173,-5642.0
23125.774098651007,-6182.0
23125.774161147838,-6672.0
23125.77422364467,-7217.0
23125.7742861415,-7799.0
23125.774348638333,-8309.0
23125.774411135164,-8850.0
23125.774473631995,-9335.0
23125.774536128825,-9708.0
23125.774598625656,-9933.0
23125.77466112249,-9963.0
23125.77472361932,-9850.0
23125.77478611615,-9627.0
23125.774848612982,-9289.0
23125.774911109813,-8715.0
23125.774973606647,-8066.0
23125.775036103478,-7177.0
23125.77509860031,-6050.0
23125.77516109714,-5017.0
23125.77522359397,-3922.0
23125.775286090804,-2669.0
23125.775348587635,-1473.0
23125.775411084465,-329.0
23125.775473581296,871.0
23125.77553607813,2015.0
23125.77559857496,2998.0
23125.77566107179,3800.0
23125.775723568622,4594.0
23125.775786065453,5273.0
23125.775848562287,5884.0
23125.775911059118,6467.0
23125.77597355595,6864.0
23125.77603605278,7140.0
23125.77609854961,7399.0
23125.776161046444,7705.0
23125.776223543275,7981.0
23125.776286040105,8200.0
23125.776348536936,8327.0
23125.776411033767,8407.0
23125.7764735306,8442.0
23125.77653602743,8498.0
23125.776598524262,8530.0
23125.776661021093,8451.0
23125.776723517927,8328.0
23125.776786014758,8126.0
23125.77684851159,7872.0
23125.77691100842,7496.0
23125.77697350525,7070.0
23125.777036002084,6646.0
23125.777098498915,6172.0
23125.777160995745,5579.0
23125.777223492576,4955.0
23125.777285989407,4333.0
23125.77734848624,3641.0
23125.77741098307,2963.0
23125.777473479902,2233.0
23125.777535976733,1564.0
23125.777598473564,931.0
23125.777660970398,254.0
23125.77772346723,-287.0
23125.77778596406,-804.0
23125.77784846089,-1319.0
23125.777910957724,-1783.0
23125.777973454555,-2202.0
23125.778035951385,-2580.0
23125.778098448216,-2938.0
23125.778160945047,-3268.0
23125.77822344188,-3696.0
23125.77828593871,-4194.0
23125.778348435542,-4585.0
23125.778410932373,-5083.0
23125.778473429204,-5645.0
23125.778535926038,-6102.0
23125.77859842287,-6650.0
23125.7786609197,-7273.0
23125.77872341653,-7856.0
23125.77878591336,-8293.0
23125.778848410195,-8714.0
23125.778910907025,-9186.0
23125.778973403856,-9613.0
23125.779035900687,-9976.0
23125.77909839752,-10029.0
23125.77916089435,-9902.0
23125.779223391182,-9798.0
23125.779285888013,-9536.0
23125.779348384844,-9035.0
23125.779410881678,-8407.0
23125.77947337851,-7553.0
23125.77953587534,-6511.0
23125.77959837217,-5408.0
23125.779660869,-4298.0
23125.779723365835,-3061.0
23125.779785862665,-1755.0
23125.779848359496,-606.0
23125.779910856327,613.0
23125.779973353157,1775.0
23125.78003584999,2778.0
23125.780098346822,3696.0
23125.780160843653,4500.0
23125.780223340484,5147.0
23125.780285837318,5758.0
23125.78034833415,6363.0
23125.78041083098,6719.0
23125.78047332781,7187.0
23125.78053582464,7725.0
23125.780598321475,7978.0
23125.780660818305,8192.0
23125.780723315136,8409.0
23125.780785811967,8517.0
23125.780848308797,8635.0
23125.78091080563,8716.0
23125.780973302462,8728.0
23125.781035799293,8768.0
23125.781098296124,8739.0
23125.781160792954,8592.0
23125.78122328979,8335.0
23125.78128578662,8088.0
23125.78134828345,7743.0
23125.78141078028,7302.0
23125.781473277115,6816.0
23125.781535773946,6300.0
23125.781598270776,5679.0
23125.781660767607,4988.0
23125.781723264437,4331.0
23125.78178576127,3601.0
23125.781848258102,2877.0
23125.781910754933,2181.0
23125.781973251764,1485.0
23125.782035748594,806.0
23125.78209824543,193.0
23125.78216074226,-350.0
23125.78222323909,-852.0
23125.78228573592,-1371.0
23125.78234823275,-1871.0
23125.782410729586,-2278.0
23125.782473226416,-2655.0
23125.782535723247,-2960.0
23125.782598220077,-3284.0
23125.78266071691,-3641.0
23125.782723213742,-4021.0
23125.782785710573,-4449.0
23125.782848207404,-4822.0
23125.782910704234,-5264.0
23125.78297320107,-5779.0
23125.7830356979,-6243.0
23125.78309819473,-6783.0
23125.78316069156,-7353.0
23125.78322318839,-7807.0
23125.783285685226,-8264.0
23125.783348182056,-8708.0
23125.783410678887,-9096.0
23125.783473175718,-9486.0
23125.783535672548,-9631.0
23125.783598169382,-9528.0
23125.783660666213,-9419.0
23125.783723163044,-9299.0
23125.783785659874,-9014.0
23125.78384815671,-8470.0
23125.78391065354,-7780.0
23125.78397315037,-6857.0
23125.7840356472,-5784.0
23125.78409814403,-4754.0
23125.784160640866,-3629.0
23125.784223137696,-2322.0
23125.784285634527,-1144.0
23125.784348131358,-8.0
23125.78441062819,1178.0
23125.784473125022,2159.0
23125.784535621853,3091.0
23125.784598118684,3968.0
23125.784660615514,4672.0
23125.784723112345,5280.0
23125.78478560918,5871.0
23125.78484810601,6349.0
23125.78491060284,6660.0
23125.78497309967,6949.0
23125.785035596506,7232.0
23125.785098093336,7522.0
23125.785160590167,7808.0
23125.785223086998,7986.0
23125.78528558383,8053.0
23125.785348080663,8163.0
23125.785410577493,8289.0
23125.785473074324,8251.0
23125.785535571154,8264.0
23125.785598067985,8229.0
23125.78566056482,7946.0
23125.78572306165,7676.0
23125.78578555848,7366.0
23125.78584805531,6968.0
23125.785910552142,6546.0
23125.785973048976,6071.0
23125.786035545807,5508.0
23125.786098042638,4830.0
23125.78616053947,4172.0
23125.786223036303,3560.0
23125.786285533133,2912.0
23125.786348029964,2258.0
23125.786410526794,1592.0
23125.786473023625,925.0
23125.78653552046,339.0
23125.78659801729,-175.0
23125.78666051412,-641.0
23125.78672301095,-1088.0
23125.786785507782,-1522.0
23125.786848004616,-1910.0
23125.786910501447,-2286.0
23125.786972998278,-2639.0
23125.78703549511,-3014.0
23125.78709799194,-3388.0
23125.787160488773,-3784.0
23125.787222985604,-4256.0
23125.787285482435,-4684.0
23125.787347979265,-5087.0
23125.7874104761,-5573.0
23125.78747297293,-6055.0
23125.78753546976,-6458.0
23125.78759796659,-6993.0
23125.787660463422,-7520.0
23125.787722960256,-7991.0
23125.787785457087,-8522.0
23125.787847953918,-8978.0
23125.78791045075,-9444.0
23125.78797294758,-9798.0
23125.788035444413,-9903.0
23125.788097941244,-9858.0
23125.788160438075,-9615.0
23125.788222934905,-9375.0
23125.788285431736,-8890.0
23125.78834792857,-8197.0
23125.7884104254,-7412.0
23125.78847292223,-6437.0
23125.788535419062,-5435.0
23125.788597915896,-4381.0
23125.788660412727,-3238.0
23125.788722909558,-2029.0
23125.78878540639,-891.0
23125.78884790322,256.0
23125.788910400053,1374.0
23125.788972896884,2352.0
23125.789035393715,3285.0
23125.789097890545,4123.0
23125.789160387376,4812.0
23125.78922288421,5434.0
23125.78928538104,6061.0
23125.78934787787,6527.0
23125.789410374702,6889.0
23125.789472871533,7216.0
23125.789535368367,7535.0
23125.789597865198,7827.0
23125.78966036203,8068.0
23125.78972285886,8232.0
23125.789785355693,8307.0
23125.789847852524,8421.0
23125.789910349355,8461.0
23125.789972846185,8432.0
23125.790035343016,8347.0
23125.79009783985,8166.0
23125.79016033668,7896.0
23125.79022283351,7618.0
23125.790285330342,7274.0
23125.790347827173,6802.0
23125.790410324007,6392.0
23125.790472820838,5755.0
23125.79053531767,4944.0
23125.7905978145,4329.0
23125.79066031133,3749.0
23125.790722808164,3153.0
23125.790785304995,2511.0
23125.790847801825,1890.0
23125.790910298656,1285.0
23125.79097279549,674.0
23125.79103529232,127.0
23125.79109778915,-380.0
23125.791160285982,-919.0
23125.791222782813,-1323.0
23125.791285279647,-1756.0
23125.791347776478,-2167.0
23125.79141027331,-2463.0
23125.79147277014,-2808.0
23125.79153526697,-3095.0
23125.791597763804,-3418.0
23125.791660260635,-3820.0
23125.791722757465,-4282.0
23125.791785254296,-4764.0
23125.791847751127,-5247.0
23125.79191024796,-5803.0
23125.79197274479,-6339.0
23125.792035241622,-6846.0
23125.792097738453,-7327.0
23125.792160235287,-7802.0
23125.792222732118,-8257.0
23125.79228522895,-8664.0
23125.79234772578,-9033.0
23125.79241022261,-9370.0
23125.792472719444,-9655.0
23125.792535216275,-9658.0
23125.792597713105,-9459.0
23125.792660209936,-9348.0
23125.792722706767,-9209.0
23125.7927852036,-8781.0
23125.79284770043,-8204.0
23125.792910197262,-7455.0
23125.792972694093,-6492.0
23125.793035190924,-5522.0
23125.793097687758,-4523.0
23125.79316018459,-3390.0
23125.79322268142,-2171.0
23125.79328517825,-1055.0
23125.793347675084,91.0
23125.793410171915,1224.0
23125.793472668745,2235.0
23125.793535165576,3209.0
23125.793597662407,4116.0
23125.79366015924,4863.0
23125.79372265607,5524.0
23125.793785152902,6205.0
23125.793847649733,6725.0
23125.793910146564,7079.0
23125.793972643398,7392.0
23125.79403514023,7688.0
23125.79409763706,7929.0
23125.79416013389,8138.0
23125.79422263072,8266.0
23125.794285127555,8331.0
23125.794347624385,8359.0
23125.794410121216,8326.0
23125.794472618047,8250.0
23125.79453511488,8147.0
23125.79459761171,7997.0
23125.794660108542,7725.0
23125.794722605373,7425.0
23125.794785102204,7078.0
23125.794847599038,6661.0
23125.79491009587,6188.0
23125.7949725927,5770.0
23125.79503508953,5321.0
23125.79509758636,4683.0
23125.795160083195,4051.0
23125.795222580025,3494.0
23125.795285076856,2878.0
23125.795347573687,2267.0
23125.795410070517,1728.0
23125.79547256735,1122.0
23125.795535064182,547.0
23125.795597561013,82.0
23125.795660057844,-400.0
23125.795722554678,-853.0
23125.79578505151,-1263.0
23125.79584754834,-1708.0
23125.79591004517,-2138.0
23125.795972542,-2526.0
23125.796035038835,-2867.0
23125.796097535665,-3222.0
23125.796160032496,-3662.0
23125.796222529327,-4086.0
23125.796285026157,-4488.0
23125.79634752299,-4925.0
23125.796410019822,-5314.0
23125.796472516653,-5757.0
23125.796535013484,-6251.0
23125.796597510314,-6747.0
23125.79666000715,-7251.0
23125.79672250398,-7725.0
23125.79678500081,-8178.0
23125.79684749764,-8624.0
23125.796909994475,-9095.0
23125.796972491305,-9488.0
23125.797034988136,-9629.0
23125.797097484967,-9603.0
23125.797159981797,-9531.0
23125.79722247863,-9414.0
23125.797284975462,-9019.0
23125.797347472293,-8426.0
23125.797409969124,-7641.0
23125.797472465954,-6666.0
23125.79753496279,-5673.0
23125.79759745962,-4583.0
23125.79765995645,-3392.0
23125.79772245328,-2144.0
23125.79778495011,-990.0
23125.797847446946,223.0
23125.797909943776,1399.0
23125.797972440607,2415.0
23125.798034937437,3377.0
23125.79809743427,4247.0
23125.798159931102,4942.0
23125.798222427933,5553.0
23125.798284924764,6177.0
23125.798347421594,6632.0
23125.79840991843,6954.0
23125.79847241526,7195.0
23125.79853491209,7498.0
23125.79859740892,7762.0
23125.79865990575,7935.0
23125.798722402586,8111.0
23125.798784899416,8225.0
23125.798847396247,8300.0
23125.798909893078,8338.0
23125.798972389908,8317.0
23125.799034886742,8244.0
23125.799097383573,8129.0
23125.799159880404,7900.0
23125.799222377234,7600.0
23125.79928487407,7281.0
23125.7993473709,6845.0
23125.79940986773,6348.0
23125.79947236456,5849.0
23125.79953486139,5299.0
23125.799597358226,4650.0
23125.799659855056,3978.0
23125.799722351887,3349.0
23125.799784848718,2680.0
23125.79984734555,2028.0
23125.799909842382,1400.0
23125.799972339213,745.0
23125.800034836044,167.0
23125.800097332874,-267.0
23125.800159829705,-704.0
23125.80022232654,-1166.0
23125.80028482337,-1562.0
23125.8003473202,-1902.0
23125.80040981703,-2292.0
23125.800472313866,-2474.0
23125.800534810696,-2494.0
23125.800597307527,-2828.0
23125.800659804358,-3270.0
23125.80072230119,-3692.0
23125.800784798023,-4158.0
23125.800847294853,-4651.0
23125.800909791684,-5177.0
23125.800972288514,-5697.0
23125.801034785345,-6278.0
23125.80109728218,-6859.0
23125.80115977901,-7450.0
23125.80122227584,-8003.0
23125.80128477267,-8387.0
23125.801347269502,-8758.0
23125.801409766336,-9140.0
23125.801472263167,-9511.0
23125.801534759998,-9652.0
23125.80159725683,-9594.0
23125.801659753663,-9435.0
23125.801722250493,-9195.0
23125.801784747324,-8860.0
23125.801847244154,-8259.0
23125.801909740985,-7479.0
23125.80197223782,-6527.0
23125.80203473465,-5563.0
23125.80209723148,-4560.0
23125.80215972831,-3456.0
23125.802222225142,-2262.0
23125.802284721976,-1142.0
23125.802347218807,-69.0
23125.802409715638,1037.0
23125.80247221247,2005.0
23125.8025347093,2952.0
23125.802597206133,3853.0
23125.802659702964,4625.0
23125.802722199795,5334.0
23125.802784696625,5995.0
23125.80284719346,6542.0
23125.80290969029,6997.0
23125.80297218712,7349.0
23125.80303468395,7642.0
23125.803097180782,7939.0
23125.803159677616,8185.0
23125.803222174447,8365.0
23125.803284671278,8442.0
23125.80334716811,8527.0
23125.80340966494,8555.0
23125.803472161773,8453.0
23125.803534658604,8350.0
23125.803597155435,8202.0
23125.803659652265,7871.0
23125.803722149096,7510.0
23125.80378464593,7137.0
23125.80384714276,6660.0
23125.80390963959,6117.0
23125.803972136422,5587.0
23125.804034633256,5079.0
23125.804097130087,4440.0
23125.804159626918,3796.0
23125.80422212375,3227.0
23125.80428462058,2655.0
23125.804347117413,2060.0
23125.804409614244,1538.0
23125.804472111075,1002.0
23125.804534607905,471.0
23125.804597104736,35.0
23125.80465960157,-383.0
23125.8047220984,-828.0
23125.80478459523,-1289.0
23125.804847092062,-1669.0
23125.804909588893,-2025.0
23125.804972085727,-2388.0
23125.805034582558,-2728.0
23125.80509707939,-3070.0
23125.80515957622,-3497.0
23125.805222073053,-3978.0
23125.805284569884,-4406.0
23125.805347066715,-4874.0
23125.805409563545,-5353.0
23125.805472060376,-5886.0
23125.80553455721,-6421.0
23125.80559705404,-6866.0
23125.80565955087,-7321.0
23125.805722047702,-7778.0
23125.805784544533,-8208.0
23125.805847041367,-8639.0
23125.805909538198,-9088.0
23125.80597203503,-9497.0
23125.80603453186,-9723.0
23125.80609702869,-9677.0
23125.806159525524,-9581.0
23125.806222022355,-9485.0
23125.806284519185,-9234.0
23125.806347016016,-8747.0
23125.80640951285,-8143.0
23125.80647200968,-7321.0
23125.80653450651,-6331.0
23125.806597003342,-5311.0
23125.806659500173,-4255.0
23125.806721997007,-3063.0
23125.806784493838,-1867.0
23125.80684699067,-719.0
23125.8069094875,483.0
23125.80697198433,1588.0
23125.807034481164,2598.0
23125.807096977995,3498.0
23125.807159474825,4316.0
23125.807221971656,5020.0
23125.807284468487,5660.0
23125.80734696532,6229.0
23125.80740946215,6687.0
23125.807471958982,7029.0
23125.807534455813,7342.0
23125.807596952647,7676.0
23125.807659449478,7889.0
23125.80772194631,8069.0
23125.80778444314,8183.0
23125.80784693997,8266.0
23125.807909436804,8306.0
23125.807971933635,8295.0
23125.808034430465,8238.0
23125.808096927296,8090.0
23125.808159424127,7876.0
23125.80822192096,7592.0
23125.80828441779,7217.0
23125.808346914622,6775.0
23125.808409411453,6307.0
23125.808471908284,5742.0
23125.808534405118,5256.0
23125.80859690195,4700.0
23125.80865939878,4001.0
23125.80872189561,3399.0
23125.808784392444,2834.0
23125.808846889275,2259.0
23125.808909386105,1675.0
23125.808971882936,1131.0
23125.809034379767,546.0
23125.8090968766,17.0
23125.80915937343,-396.0
23125.809221870262,-821.0
23125.809284367093,-1267.0
23125.809346863924,-1664.0
23125.809409360758,-2004.0
23125.80947185759,-2422.0
23125.80953435442,-2763.0
23125.80959685125,-3026.0
23125.80965934808,-3418.0
23125.809721844915,-3826.0
23125.809784341745,-4218.0
23125.809846838576,-4610.0
23125.809909335407,-5065.0
23125.80997183224,-5517.0
23125.81003432907,-5937.0
23125.810096825902,-6432.0
23125.810159322733,-6969.0
23125.810221819564,-7453.0
23125.810284316398,-7876.0
23125.81034681323,-8316.0
23125.81040931006,-8656.0
23125.81047180689,-9252.0
23125.81053430372,-9877.0
23125.810596800555,-9883.0
23125.810659297385,-9808.0
23125.810721794216,-9689.0
23125.810784291047,-9428.0
23125.810846787877,-9023.0
23125.81090928471,-8446.0
23125.810971781542,-7613.0
23125.811034278373,-6635.0
23125.811096775204,-5667.0
23125.811159272038,-4614.0
23125.81122176887,-3401.0
23125.8112842657,-2148.0
23125.81134676253,-1045.0
23125.81140925936,114.0
23125.811471756195,1249.0
23125.811534253025,2257.0
23125.811596749856,3200.0
23125.811659246687,4004.0
23125.811721743517,4694.0
23125.81178424035,5342.0
23125.811846737182,5986.0
23125.811909234013,6449.0
23125.811971730844,6795.0
23125.812034227674,7131.0
23125.81209672451,7406.0
23125.81215922134,7654.0
23125.81222171817,7899.0
23125.812284215,8047.0
23125.812346711835,8138.0
23125.812409208665,8275.0
23125.812471705496,8305.0
23125.812534202327,8272.0
23125.812596699157,8174.0
23125.81265919599,7926.0
23125.812721692822,7589.0
23125.812784189653,7227.0
23125.812846686484,6831.0
23125.812909183314,6321.0
23125.81297168015,5781.0
23125.81303417698,5286.0
23125.81309667381,4709.0
23125.81315917064,4059.0
23125.81322166747,3452.0
23125.813284164306,2856.0
23125.813346661136,2293.0
23125.813409157967,1715.0
23125.813471654797,1138.0
23125.81353415163,668.0
23125.813596648462,201.0
23125.813659145293,-222.0
23125.813721642124,-569.0
23125.813784138954,-934.0
23125.81384663579,-1272.0
23125.81390913262,-1578.0
23125.81397162945,-1846.0
23125.81403412628,-2146.0
23125.81409662311,-2483.0
23125.814159119946,-2815.0
23125.814221616776,-3193.0
23125.814284113607,-3614.0
23125.814346610437,-4052.0
23125.814409107268,-4490.0
23125.814471604102,-5002.0
23125.814534100933,-5476.0
23125.814596597764,-5912.0
23125.814659094594,-6493.0
23125.81472159143,-7027.0
23125.81478408826,-7459.0
23125.81484658509,-7933.0
23125.81490908192,-8387.0
23125.81497157875,-8743.0
23125.815034075586,-9136.0
23125.815096572416,-9423.0
23125.815159069247,-9436.0
23125.815221566078,-9327.0
23125.815284062908,-9190.0
23125.815346559742,-8943.0
23125.815409056573,-8458.0
23125.815471553404,-7867.0
23125.815534050234,-6985.0
23125.815596547065,-5952.0
23125.8156590439,-5007.0
23125.81572154073,-3946.0
23125.81578403756,-2737.0
23125.81584653439,-1584.0
23125.815909031226,-510.0
23125.815971528056,678.0
23125.816034024887,1782.0
23125.816096521718,2785.0
23125.81615901855,3702.0
23125.816221515382,4493.0
23125.816284012213,5158.0
23125.816346509044,5785.0
23125.816409005874,6384.0
23125.816471502705,6822.0
23125.81653399954,7238.0
23125.81659649637,7592.0
23125.8166589932,7816.0
23125.81672149003,8007.0
23125.816783986862,8222.0
23125.816846483696,8372.0
23125.816908980527,8445.0
23125.816971477358,8508.0
23125.81703397419,8480.0
23125.817096471023,8346.0
23125.817158967853,8185.0
23125.817221464684,7957.0
23125.817283961514,7582.0
23125.817346458345,7188.0
23125.81740895518,6724.0
23125.81747145201,6121.0
23125.81753394884,5579.0
23125.81759644567,5071.0
23125.817658942502,4437.0
23125.817721439336,3764.0
23125.817783936167,3134.0
23125.817846432998,2551.0
23125.81790892983,2021.0
23125.81797142666,1482.0
23125.818033923493,984.0
23125.818096420324,546.0
23125.818158917155,86.0
23125.818221413985,-292.0
23125.81828391082,-643.0
23125.81834640765,-1021.0
23125.81840890448,-1369.0
23125.81847140131,-1691.0
23125.818533898142,-1948.0
23125.818596394976,-2232.0
23125.818658891807,-2552.0
23125.818721388638,-2877.0
23125.81878388547,-3265.0
23125.8188463823,-3678.0
23125.818908879133,-4119.0
23125.818971375964,-4613.0
23125.819033872795,-5148.0
23125.819096369625,-5629.0
23125.819158866456,-6098.0
23125.81922136329,-6578.0
23125.81928386012,-7029.0
23125.81934635695,-7447.0
23125.819408853782,-7850.0
23125.819471350616,-8264.0
23125.819533847447,-8559.0
23125.819596344278,-8901.0
23125.81965884111,-9193.0
23125.81972133794,-9137.0
23125.819783834773,-8989.0
23125.819846331604,-8862.0
23125.819908828435,-8593.0
23125.819971325265,-8079.0
23125.820033822096,-7498.0
23125.82009631893,-6642.0
23125.82015881576,-5689.0
23125.82022131259,-4809.0
23125.820283809422,-3810.0
23125.820346306253,-2632.0
23125.820408803087,-1488.0
23125.820471299918,-296.0
23125.82053379675,1084.0
23125.82059629358,2185.0
23125.820658790413,3111.0
23125.820721287244,3985.0
23125.820783784075,4772.0
23125.820846280905,5410.0
23125.820908777736,6003.0
23125.82097127457,6579.0
23125.8210337714,6987.0
23125.82109626823,7336.0
23125.821158765062,7640.0
23125.821221261893,7913.0
23125.821283758727,8158.0
23125.821346255558,8352.0
23125.82140875239,8413.0
23125.82147124922,8359.0
23125.82153374605,8377.0
23125.821596242884,8335.0
23125.821658739715,8162.0
23125.821721236545,7939.0
23125.821783733376,7634.0
23125.82184623021,7271.0
23125.82190872704,6891.0
23125.82197122387,6444.0
23125.822033720702,5904.0
23125.822096217533,5347.0
23125.822158714367,4824.0
23125.822221211198,4252.0
23125.82228370803,3625.0
23125.82234620486,3032.0
23125.82240870169,2468.0
23125.822471198524,1913.0
23125.822533695355,1438.0
23125.822596192185,1041.0
23125.822658689016,595.0
23125.822721185847,227.0
23125.82278368268,-68.0
23125.82284617951,-407.0
23125.822908676342,-772.0
23125.822971173173,-1109.0
23125.823033670007,-1439.0
23125.823096166838,-1801.0
23125.82315866367,-2157.0
23125.8232211605,-2480.0
23125.82328365733,-2830.0
23125.823346154164,-3220.0
23125.823408650995,-3664.0
23125.823471147825,-4120.0
23125.823533644656,-4547.0
23125.823596141487,-5019.0
23125.82365863832,-5490.0
23125.82372113515,-5894.0
23125.823783631982,-6390.0
23125.823846128813,-6884.0
23125.823908625644,-7285.0
23125.823971122478,-7688.0
23125.82403361931,-8106.0
23125.82409611614,-8440.0
23125.82415861297,-8825.0
23125.824221109804,-9166.0
23125.824283606635,-9174.0
23125.824346103465,-9053.0
23125.824408600296,-8968.0
23125.824471097127,-8763.0
23125.82453359396,-8211.0
23125.82459609079,-7616.0
23125.824658587622,-6806.0
23125.824721084453,-5784.0
23125.824783581284,-4840.0
23125.824846078118,-3795.0
23125.82490857495,-2589.0
23125.82497107178,-1373.0
23125.82503356861,-283.0
23125.82509606544,850.0
23125.825158562275,1937.0
23125.825221059105,2872.0
23125.825283555936,3721.0
23125.825346052767,4482.0
23125.8254085496,5103.0
23125.82547104643,5648.0
23125.825533543262,6206.0
23125.825596040093,6604.0
23125.825658536924,6855.0
23125.825721033758,7105.0
23125.82578353059,7361.0
23125.82584602742,7570.0
23125.82590852425,7780.0
23125.82597102108,7921.0
23125.826033517915,7977.0
23125.826096014745,8013.0
23125.826158511576,7998.0
23125.826221008407,7891.0
23125.826283505237,7715.0
23125.82634600207,7474.0
23125.826408498902,7091.0
23125.826470995733,6641.0
23125.826533492564,6196.0
23125.826595989398,5664.0
23125.82665848623,5093.0
23125.82672098306,4548.0
23125.82678347989,3953.0
23125.82684597672,3305.0
23125.826908473555,2690.0
23125.826970970385,2208.0
23125.827033467216,1716.0
23125.827095964047,1235.0
23125.827158460877,842.0
23125.82722095771,430.0
23125.827283454542,73.0
23125.827345951373,-225.0
23125.827408448204,-525.0
23125.827470945034,-853.0
23125.82753344187,-1140.0
23125.8275959387,-1396.0
23125.82765843553,-1704.0
23125.82772093236,-2030.0
23125.827783429195,-2348.0
23125.827845926025,-2660.0
23125.827908422856,-2993.0
23125.827970919687,-3362.0
23125.828033416517,-3770.0
23125.82809591335,-4210.0
23125.828158410182,-4696.0
23125.828220907013,-5174.0
23125.828283403844,-5559.0
23125.828345900674,-5976.0
23125.82840839751,-6424.0
23125.82847089434,-6848.0
23125.82853339117,-7286.0
23125.828595888,-7707.0
23125.82865838483,-8111.0
23125.828720881666,-8428.0
23125.828783378496,-8775.0
23125.828845875327,-8925.0
23125.828908372157,-8781.0
23125.82897086899,-8696.0
23125.829033365822,-8594.0
23125.829095862653,-8181.0
23125.829158359484,-7651.0
23125.829220856314,-7042.0
23125.82928335315,-6134.0
23125.82934584998,-5179.0
23125.82940834681,-4271.0
23125.82947084364,-3259.0
23125.82953334047,-2035.0
23125.829595837306,-915.0
23125.829658334136,154.0
23125.829720830967,1307.0
23125.829783327797,2293.0
23125.829845824628,3214.0
23125.829908321462,4082.0
23125.829970818293,4807.0
23125.830033315124,5404.0
23125.830095811954,6006.0
23125.83015830879,6518.0
23125.83022080562,6872.0
23125.83028330245,7165.0
23125.83034579928,7399.0
23125.83040829611,7655.0
23125.830470792946,7695.0
23125.830533289776,7594.0
23125.830595786607,7705.0
23125.830658283438,7745.0
23125.830720780268,7739.0
23125.830783277102,7687.0
23125.830845773933,7513.0
23125.830908270764,7287.0
23125.830970767594,6990.0
23125.831033264425,6560.0
23125.83109576126,6091.0
23125.83115825809,5583.0
23125.83122075492,5052.0
23125.83128325175,4503.0
23125.831345748586,3950.0
23125.831408245416,3370.0
23125.831470742247,2781.0
23125.831533239078,2284.0
23125.83159573591,1836.0
23125.831658232742,1335.0
23125.831720729573,904.0
23125.831783226404,535.0
23125.831845723234,138.0
23125.831908220065,-186.0
23125.8319707169,-436.0
23125.83203321373,-724.0
23125.83209571056,-1053.0
23125.83215820739,-1359.0
23125.832220704222,-1622.0
23125.832283201056,-1912.0
23125.832345697887,-2199.0
23125.832408194718,-2462.0
23125.83247069155,-2804.0
23125.832533188383,-3126.0
23125.832595685213,-3457.0
23125.832658182044,-3899.0
23125.832720678874,-4379.0
23125.832783175705,-4844.0
23125.83284567254,-5264.0
23125.83290816937,-5718.0
23125.8329706662,-6154.0
23125.83303316303,-6536.0
23125.833095659862,-6945.0
23125.833158156696,-7358.0
23125.833220653527,-7747.0
23125.833283150358,-8082.0
23125.83334564719,-8478.0
23125.83340814402,-8859.0
23125.833470640853,-9006.0
23125.833533137684,-8932.0
23125.833595634514,-8812.0
23125.833658131345,-8642.0
23125.83372062818,-8181.0
23125.83378312501,-7625.0
23125.83384562184,-6916.0
23125.83390811867,-5927.0
23125.833970615502,-4951.0
23125.834033112336,-3965.0
23125.834095609167,-2824.0
23125.834158105998,-1580.0
23125.83422060283,-443.0
23125.83428309966,673.0
23125.834345596493,1791.0
23125.834408093324,2744.0
23125.834470590155,3563.0
23125.834533086985,4403.0
23125.834595583816,5126.0
23125.83465808065,5652.0
23125.83472057748,6211.0
23125.83478307431,6635.0
23125.834845571142,6907.0
23125.834908067976,7171.0
23125.834970564807,7434.0
23125.835033061638,7671.0
23125.83509555847,7869.0
23125.8351580553,8008.0
23125.835220552133,8082.0
23125.835283048964,8115.0
23125.835345545795,8132.0
23125.835408042625,8061.0
23125.835470539456,7848.0
23125.83553303629,7593.0
23125.83559553312,7257.0
23125.83565802995,6772.0
23125.835720526782,6273.0
23125.835783023613,5703.0
23125.835845520447,5049.0
23125.835908017278,4436.0
23125.83597051411,3872.0
23125.83603301094,3259.0
23125.836095507773,2651.0
23125.836158004604,2170.0
23125.836220501435,1707.0
23125.836282998265,1227.0
23125.836345495096,853.0
23125.83640799193,525.0
23125.83647048876,131.0
23125.83653298559,-77.0
23125.836595482422,-204.0
23125.836657979253,-530.0
23125.836720476087,-817.0
23125.836782972918,-1056.0
23125.83684546975,-1368.0
23125.83690796658,-1705.0
23125.83697046341,-1980.0
23125.837032960244,-2298.0
23125.837095457075,-2645.0
23125.837157953905,-2945.0
23125.837220450736,-3284.0
23125.83728294757,-3669.0
23125.8373454444,-4044.0
23125.83740794123,-4431.0
23125.837470438062,-4877.0
23125.837532934893,-5256.0
23125.837595431727,-5629.0
23125.837657928558,-6098.0
23125.83772042539,-6501.0
23125.83778292222,-6861.0
23125.83784541905,-7300.0
23125.837907915884,-7671.0
23125.837970412715,-8035.0
23125.838032909545,-8446.0
23125.838095406376,-8612.0
23125.838157903207,-8596.0
23125.83822040004,-8551.0
23125.83828289687,-8463.0
23125.838345393702,-8043.0
23125.838407890533,-7463.0
23125.838470387367,-6825.0
23125.838532884198,-5853.0
23125.83859538103,-4864.0
23125.83865787786,-3964.0
23125.83872037469,-2826.0
23125.838782871524,-1555.0
23125.838845368355,-467.0
23125.838907865185,647.0
23125.838970362016,1772.0
23125.839032858847,2710.0
23125.83909535568,3558.0
23125.83915785251,4341.0
23125.839220349342,5002.0
23125.839282846173,5556.0
23125.839345343004,6097.0
23125.839407839838,6557.0
23125.83947033667,6850.0
23125.8395328335,7101.0
23125.83959533033,7391.0
23125.839657827164,7602.0
23125.839720323995,7814.0
23125.839782820825,7963.0
23125.839845317656,8011.0
23125.839907814487,8030.0
23125.83997031132,8003.0
23125.84003280815,7896.0
23125.840095304982,7685.0
23125.840157801813,7418.0
23125.840220298644,7005.0
23125.840282795478,6525.0
23125.84034529231,6039.0
23125.84040778914,5416.0
23125.84047028597,4925.0
23125.8405327828,4475.0
23125.840595279635,3817.0
23125.840657776465,3146.0
23125.840720273296,2534.0
23125.840782770127,2029.0
23125.84084526696,1609.0
23125.84090776379,1179.0
23125.840970260622,795.0
23125.841032757453,479.0
23125.841095254284,182.0
23125.841157751118,-56.0
23125.84122024795,-196.0
23125.84128274478,-394.0
23125.84134524161,-727.0
23125.84140773844,-991.0
23125.841470235275,-1262.0
23125.841532732105,-1595.0
23125.841595228936,-1874.0
23125.841657725767,-2136.0
23125.841720222597,-2487.0
23125.84178271943,-2886.0
23125.841845216262,-3169.0
23125.841907713093,-3510.0
23125.841970209924,-3894.0
23125.842032706758,-4204.0
23125.84209520359,-4526.0
23125.84215770042,-4904.0
23125.84222019725,-5292.0
23125.84228269408,-5684.0
23125.842345190915,-6106.0
23125.842407687745,-6574.0
23125.842470184576,-7077.0
23125.842532681407,-7462.0
23125.842595178237,-7766.0
23125.84265767507,-8146.0
23125.842720171902,-8377.0
23125.842782668733,-8419.0
23125.842845165564,-8406.0
23125.842907662394,-8342.0
23125.84297015923,-8123.0
23125.84303265606,-7668.0
23125.84309515289,-7102.0
23125.84315764972,-6230.0
23125.843220146555,-5202.0
23125.843282643385,-4266.0
23125.843345140216,-3243.0
23125.843407637047,-2026.0
23125.843470133877,-887.0
23125.84353263071,205.0
23125.843595127542,1391.0
23125.843657624373,2346.0
23125.843720121204,3175.0
23125.843782618034,3969.0
23125.84384511487,4676.0
23125.8439076117,5207.0
23125.84397010853,5719.0
23125.84403260536,6219.0
23125.84409510219,6539.0
23125.844157599025,6814.0
23125.844220095856,7076.0
23125.844282592687,7312.0
23125.844345089517,7546.0
23125.84440758635,7770.0
23125.844470083182,7837.0
23125.844532580013,7903.0
23125.844595076844,8007.0
23125.844657573674,7928.0
23125.84472007051,7774.0
23125.84478256734,7535.0
23125.84484506417,7207.0
23125.844907561,6735.0
23125.84497005783,6228.0
23125.845032554666,5702.0
23125.845095051496,5037.0
23125.845157548327,4303.0
23125.845220045157,3689.0
23125.845282541988,3087.0
23125.845345038822,2424.0
23125.845407535653,1893.0
23125.845470032484,1434.0
23125.845532529314,1042.0
23125.84559502615,694.0
23125.84565752298,383.0
23125.84572001981,100.0
23125.84578251664,-187.0
23125.84584501347,-380.0
23125.845907510306,-535.0
23125.845970007136,-781.0
23125.846032503967,-1065.0
23125.846095000798,-1316.0
23125.846157497628,-1632.0
23125.846219994462,-1953.0
23125.846282491293,-2222.0
23125.846344988124,-2521.0
23125.846407484954,-2887.0
23125.846469981785,-3217.0
23125.84653247862,-3457.0
23125.84659497545,-3762.0
23125.84665747228,-4114.0
23125.84671996911,-4431.0
23125.846782465946,-4814.0
23125.846844962776,-5237.0
23125.846907459607,-5547.0
23125.846969956438,-5836.0
23125.84703245327,-6221.0
23125.847094950102,-6569.0
23125.847157446933,-6929.0
23125.847219943764,-7348.0
23125.847282440594,-7749.0
23125.847344937425,-8186.0
23125.84740743426,-8465.0
23125.84746993109,-8526.0
23125.84753242792,-8457.0
23125.84759492475,-8337.0
23125.847657421582,-8087.0
23125.847719918416,-7560.0
23125.847782415247,-6906.0
23125.847844912078,-5960.0
23125.84790740891,-4925.0
23125.847969905743,-3966.0
23125.848032402573,-2894.0
23125.848094899404,-1662.0
23125.848157396234,-504.0
23125.848219893065,579.0
23125.8482823899,1705.0
23125.84834488673,2667.0
23125.84840738356,3489.0
23125.84846988039,4224.0
23125.848532377222,4893.0
23125.848594874056,5437.0
23125.848657370887,5895.0
23125.848719867718,6331.0
23125.84878236455,6623.0
23125.84884486138,6860.0
23125.848907358213,7126.0
23125.848969855044,7348.0
23125.849032351874,7544.0
23125.849094848705,7738.0
23125.84915734554,7819.0
23125.84921984237,7867.0
23125.8492823392,7874.0
23125.84934483603,7776.0
23125.849407332862,7628.0
23125.849469829696,7341.0
23125.849532326527,6944.0
23125.849594823358,6483.0
23125.84965732019,5933.0
23125.84971981702,5310.0
23125.849782313853,4648.0
23125.849844810684,3989.0
23125.849907307515,3349.0
23125.849969804345,2706.0
23125.850032301176,2092.0
23125.85009479801,1587.0
23125.85015729484,1144.0
23125.85021979167,786.0
23125.850282288502,496.0
23125.850344785336,222.0
23125.850407282167,-9.0
23125.850469778998,-428.0
23125.85053227583,-768.0
23125.85059477266,-874.0
23125.850657269493,-1121.0
23125.850719766324,-1374.0
23125.850782263155,-1622.0
23125.850844759985,-1930.0
23125.850907256816,-2192.0
23125.85096975365,-2462.0
23125.85103225048,-2776.0
23125.85109474731,-3095.0
23125.851157244142,-3365.0
23125.851219740973,-3601.0
23125.851282237807,-3920.0
23125.851344734638,-4224.0
23125.85140723147,-4486.0
23125.8514697283,-4744.0
23125.851532225133,-5025.0
23125.851594721964,-5291.0
23125.851657218795,-5568.0
23125.851719715625,-5931.0
23125.851782212456,-6317.0
23125.85184470929,-6730.0
23125.85190720612,-7149.0
23125.85196970295,-7581.0
23125.852032199782,-8036.0
23125.852094696613,-8322.0
23125.852157193447,-8393.0
23125.852219690278,-8352.0
23125.85228218711,-8230.0
23125.85234468394,-7914.0
23125.85240718077,-7408.0
23125.852469677604,-6771.0
23125.852532174435,-5814.0
23125.852594671265,-4795.0
23125.852657168096,-3852.0
23125.85271966493,-2789.0
23125.85278216176,-1603.0
23125.85284465859,-450.0
23125.852907155422,619.0
23125.852969652253,1697.0
23125.853032149087,2644.0
23125.853094645918,3431.0
23125.85315714275,4148.0
23125.85321963958,4753.0
23125.85328213641,5246.0
23125.853344633244,5710.0
23125.853407130075,6120.0
23125.853469626905,6389.0
23125.853532123736,6631.0
23125.853594620567,6920.0
23125.8536571174,7188.0
23125.85371961423,7399.0
23125.853782111062,7633.0
23125.853844607893,7796.0
23125.853907104727,7850.0
23125.853969601558,7872.0
23125.85403209839,7846.0
23125.85409459522,7718.0
23125.85415709205,7420.0
23125.854219588884,7022.0
23125.854282085715,6539.0
23125.854344582545,5956.0
23125.854407079376,5319.0
23125.854469576207,4649.0
23125.85453207304,4003.0
23125.85459456987,3386.0
23125.854657066702,2750.0
23125.854719563533,2138.0
23125.854782060364,1644.0
23125.854844557198,1230.0
23125.85490705403,871.0
23125.85496955086,603.0
23125.85503204769,377.0
23125.855094544524,142.0
23125.855157041355,-99.0
23125.855219538185,-252.0
23125.855282035016,-410.0
23125.855344531847,-690.0
23125.85540702868,-967.0
23125.85546952551,-1246.0
23125.855532022342,-1559.0
23125.855594519173,-1844.0
23125.855657016004,-2140.0
23125.855719512838,-2437.0
23125.85578200967,-2756.0
23125.8558445065,-3042.0
23125.85590700333,-3286.0
23125.85596950016,-3562.0
23125.856031996995,-3802.0
23125.856094493825,-4038.0
23125.856156990656,-4347.0
23125.856219487487,-4659.0
23125.85628198432,-4915.0
23125.85634448115,-5241.0
23125.856406977982,-5638.0
23125.856469474813,-6038.0
23125.856531971644,-6465.0
23125.856594468478,-6909.0
23125.85665696531,-7362.0
23125.85671946214,-7834.0
23125.85678195897,-8139.0
23125.8568444558,-8211.0
23125.856906952635,-8186.0
23125.856969449465,-8027.0
23125.857031946296,-7774.0
23125.857094443127,-7278.0
23125.857156939957,-6656.0
23125.85721943679,-5758.0
23125.857281933622,-4671.0
23125.857344430453,-3729.0
23125.857406927284,-2677.0
23125.857469424118,-1487.0
23125.85753192095,-346.0
23125.85759441778,719.0
23125.85765691461,1784.0
23125.85771941144,2735.0
23125.857781908275,3504.0
23125.857844405105,4216.0
23125.857906901936,4838.0
23125.857969398767,5313.0
23125.858031895597,5755.0
23125.85809439243,6181.0
23125.858156889262,6510.0
23125.858219386093,6771.0
23125.858281882924,7038.0
23125.858344379754,7299.0
23125.85840687659,7535.0
23125.85846937342,7751.0
23125.85853187025,7902.0
23125.85859436708,7969.0
23125.858656863915,7933.0
23125.858719360745,7872.0
23125.858781857576,7706.0
23125.858844354407,7382.0
23125.858906851237,6962.0
23125.85896934807,6441.0
23125.859031844902,5857.0
23125.859094341733,5216.0
23125.859156838564,4507.0
23125.859219335394,3815.0
23125.85928183223,3151.0
23125.85934432906,2576.0
23125.85940682589,2010.0
23125.85946932272,1424.0
23125.85953181955,1051.0
23125.859594316385,771.0
23125.859656813216,481.0
23125.859719310047,291.0
23125.859781806877,84.0
23125.85984430371,-139.0
23125.859906800542,-317.0
23125.859969297373,-497.0
23125.860031794204,-708.0
23125.860094291034,-995.0
23125.86015678787,-1294.0
23125.8602192847,-1563.0
23125.86028178153,-1907.0
23125.86034427836,-2230.0
23125.86040677519,-2535.0
23125.860469272026,-2675.0
23125.860531768856,-2746.0
23125.860594265687,-2953.0
23125.860656762517,-3232.0
23125.860719259348,-3550.0
23125.860781756182,-3819.0
23125.860844253013,-4031.0
23125.860906749844,-4314.0
23125.860969246674,-4675.0
23125.86103174351,-5003.0
23125.86109424034,-5323.0
23125.86115673717,-5720.0
23125.861219234,-6182.0
23125.86128173083,-6622.0
23125.861344227666,-7086.0
23125.861406724496,-7559.0
23125.861469221327,-7989.0
23125.861531718157,-8164.0
23125.861594214988,-8189.0
23125.861656711822,-8146.0
23125.861719208653,-7977.0
23125.861781705484,-7567.0
23125.861844202314,-6931.0
23125.861906699145,-6100.0
23125.86196919598,-5096.0
23125.86203169281,-4090.0
23125.86209418964,-3029.0
23125.86215668647,-1882.0
23125.862219183306,-635.0
23125.862281680136,471.0
23125.862344176967,1483.0
23125.862406673798,2439.0
23125.862469170628,3180.0
23125.862531667462,3882.0
23125.862594164293,4572.0
23125.862656661124,5122.0
23125.862719157954,5591.0
23125.862781654785,6054.0
23125.86284415162,6429.0
23125.86290664845,6698.0
23125.86296914528,6953.0
23125.86303164211,7251.0
23125.863094138942,7546.0
23125.863156635776,7815.0
23125.863219132607,8030.0
23125.863281629438,8090.0
23125.86334412627,8086.0
23125.863406623102,8044.0
23125.863469119933,7873.0
23125.863531616764,7600.0
23125.863594113594,7228.0
23125.863656610425,6670.0
23125.86371910726,6039.0
23125.86378160409,5326.0
23125.86384410092,4570.0
23125.86390659775,3848.0
23125.863969094582,3146.0
23125.864031591416,2559.0
23125.864094088247,1984.0
23125.864156585078,1440.0
23125.86421908191,1066.0
23125.86428157874,747.0
23125.864344075573,466.0
23125.864406572404,273.0
23125.864469069234,22.0
23125.864531566065,-234.0
23125.8645940629,-387.0
23125.86465655973,-566.0
23125.86471905656,-786.0
23125.86478155339,-1066.0
23125.864844050222,-1342.0
23125.864906547056,-1657.0
23125.864969043887,-2025.0
23125.865031540718,-2378.0
23125.86509403755,-2703.0
23125.86515653438,-3007.0
23125.865219031213,-3234.0
23125.865281528044,-3422.0
23125.865344024875,-3671.0
23125.865406521705,-3887.0
23125.865469018536,-4103.0
23125.86553151537,-4336.0
23125.8655940122,-4541.0
23125.86565650903,-4818.0
23125.865719005862,-5120.0
23125.865781502696,-5409.0
23125.865843999527,-5751.0
23125.865906496358,-6204.0
23125.86596899319,-6657.0
23125.86603149002,-7139.0
23125.866093986853,-7597.0
23125.866156483684,-8045.0
23125.866218980515,-8386.0
23125.866281477345,-8403.0
23125.866343974176,-8309.0
23125.86640647101,-8122.0
23125.86646896784,-7805.0
23125.86653146467,-7231.0
23125.866593961502,-6501.0
23125.866656458333,-5539.0
23125.866718955167,-4405.0
23125.866781451998,-3364.0
23125.86684394883,-2264.0
23125.86690644566,-1050.0
23125.866968942493,80.0
23125.867031439324,1076.0
23125.867093936155,2102.0
23125.867156432985,2948.0
23125.867218929816,3647.0
23125.86728142665,4319.0
23125.86734392348,4872.0
23125.86740642031,5279.0
23125.867468917142,5676.0
23125.867531413973,6121.0
23125.867593910807,6501.0
23125.867656407638,6781.0
23125.86771890447,7045.0
23125.8677814013,7339.0
23125.86784389813,7617.0
23125.867906394964,7896.0
23125.867968891795,8040.0
23125.868031388625,8037.0
23125.868093885456,7996.0
23125.86815638229,7877.0
23125.86821887912,7601.0
23125.86828137595,7178.0
23125.868343872782,6686.0
23125.868406369613,6081.0
23125.868468866447,5379.0
23125.868531363278,4664.0
23125.86859386011,3941.0
23125.86865635694,3225.0
23125.86871885377,2629.0
23125.868781350604,2080.0
23125.868843847435,1517.0
23125.868906344265,1060.0
23125.868968841096,770.0
23125.869031337927,561.0
23125.86909383476,383.0
23125.86915633159,257.0
23125.869218828422,86.0
23125.869281325253,-115.0
23125.869343822087,-246.0
23125.869406318918,-415.0
23125.86946881575,-703.0
23125.86953131258,-989.0
23125.86959380941,-1269.0
23125.869656306244,-1662.0
23125.869718803075,-1978.0
23125.869781299905,-2224.0
23125.869843796736,-2497.0
23125.869906293567,-2732.0
23125.8699687904,-2941.0
23125.87003128723,-3112.0
23125.870093784062,-3295.0
23125.870156280893,-3508.0
23125.870218777723,-3671.0
23125.870281274558,-3852.0
23125.87034377139,-4143.0
23125.87040626822,-4408.0
23125.87046876505,-4934.0
23125.870531261884,-5514.0
23125.870593758715,-5848.0
23125.870656255545,-6402.0
23125.870718752376,-6913.0
23125.870781249207,-7339.0
23125.87084374604,-7814.0
23125.87090624287,-8196.0
23125.870968739702,-8498.0
23125.871031236533,-8608.0
23125.871093733364,-8531.0
23125.871156230198,-8278.0
23125.87121872703,-7933.0
23125.87128122386,-7410.0
23125.87134372069,-6678.0
23125.87140621752,-5720.0
23125.871468714355,-4649.0
23125.871531211185,-3590.0
23125.871593708016,-2469.0
23125.871656204847,-1395.0
23125.87171870168,-211.0
23125.87178119851,852.0
23125.871843695342,1763.0
23125.871906192173,2628.0
23125.871968689004,3373.0
23125.872031185838,4041.0
23125.87209368267,4614.0
23125.8721561795,5098.0
23125.87221867633,5527.0
23125.87228117316,5995.0
23125.872343669995,6414.0
23125.872406166825,6789.0
23125.872468663656,7076.0
23125.872531160487,7433.0
23125.872593657317,7795.0
23125.87265615415,7954.0
23125.872718650982,8107.0
23125.872781147813,8087.0
23125.872843644644,7979.0
23125.872906141478,7858.0
23125.87296863831,7593.0
23125.87303113514,7190.0
23125.87309363197,6690.0
23125.8731561288,6100.0
23125.873218625635,5400.0
23125.873281122465,4706.0
23125.873343619296,3989.0
23125.873406116127,3294.0
23125.873468612957,2686.0
23125.87353110979,2212.0
23125.873593606622,1773.0
23125.873656103453,1315.0
23125.873718600284,1040.0
23125.873781097114,839.0
23125.87384359395,636.0
23125.87390609078,446.0
23125.87396858761,214.0
23125.87403108444,-8.0
23125.874093581275,-205.0
23125.874156078105,-468.0
23125.874218574936,-771.0
23125.874281071767,-1068.0
23125.874343568597,-1429.0
23125.87440606543,-1766.0
23125.874468562262,-2057.0
23125.874531059093,-2318.0
23125.874593555924,-2547.0
23125.874656052754,-2734.0
23125.87471854959,-2880.0
23125.87478104642,-3048.0
23125.87484354325,-3209.0
23125.87490604008,-3371.0
23125.87496853691,-3565.0
23125.875031033745,-3807.0
23125.875093530576,-4052.0
23125.875156027407,-4365.0
23125.875218524237,-4720.0
23125.87528102107,-5039.0
23125.875343517902,-5451.0
23125.875406014733,-5946.0
23125.875468511564,-6464.0
23125.875531008394,-6905.0
23125.87559350523,-7275.0
23125.87565600206,-7653.0
23125.87571849889,-8025.0
23125.87578099572,-8158.0
23125.87584349255,-8061.0
23125.875905989386,-7816.0
23125.875968486216,-7504.0
23125.876030983047,-7013.0
23125.876093479877,-6301.0
23125.876155976708,-5475.0
23125.876218473542,-4432.0
23125.876280970373,-3388.0
23125.876343467204,-2375.0
23125.876405964034,-1356.0
23125.87646846087,-289.0
23125.8765309577,766.0
23125.87659345453,1712.0
23125.87665595136,2559.0
23125.87671844819,3326.0
23125.876780945026,4008.0
23125.876843441856,4607.0
23125.876905938687,5137.0
23125.876968435517,5614.0
23125.877030932348,6130.0
23125.877093429182,6607.0
23125.877155926013,6983.0
23125.877218422844,7296.0
23125.877280919674,7587.0
23125.877343416505,7864.0
23125.87740591334,8118.0
23125.87746841017,8273.0
23125.877530907,8284.0
23125.87759340383,8197.0
23125.877655900666,7998.0
23125.877718397496,7732.0
23125.877780894327,7335.0
23125.877843391158,6818.0
23125.877905887988,6193.0
23125.877968384822,5536.0
23125.878030881653,4905.0
23125.878093378484,4217.0
23125.878155875314,3581.0
23125.878218372145,3017.0
23125.87828086898,2513.0
23125.87834336581,2051.0
23125.87840586264,1607.0
23125.87846835947,1239.0
23125.878530856302,1005.0
23125.878593353136,846.0
23125.878655849967,587.0
23125.878718346798,329.0
23125.87878084363,49.0
23125.878843340462,-261.0
23125.878905837293,-555.0
23125.878968334124,-857.0
23125.879030830954,-1221.0
23125.879093327785,-1591.0
23125.87915582462,-1898.0
23125.87921832145,-2181.0
23125.87928081828,-2444.0
23125.87934331511,-2669.0
23125.879405811942,-2815.0
23125.879468308776,-2953.0
23125.879530805607,-3087.0
23125.879593302438,-3184.0
23125.87965579927,-3358.0
23125.8797182961,-3549.0
23125.879780792933,-3738.0
23125.879843289764,-4009.0
23125.879905786594,-4380.0
23125.879968283425,-4807.0
23125.88003078026,-5206.0
23125.88009327709,-5587.0
23125.88015577392,-6052.0
23125.88021827075,-6584.0
23125.880280767582,-7070.0
23125.880343264416,-7536.0
23125.880405761247,-7884.0
23125.880468258078,-7988.0
23125.88053075491,-8024.0
23125.88059325174,-7920.0
23125.880655748573,-7663.0
23125.880718245404,-7387.0
23125.880780742234,-7030.0
23125.880843239065,-6406.0
23125.880905735896,-5621.0
23125.88096823273,-4625.0
23125.88103072956,-3535.0
23125.88109322639,-2560.0
23125.881155723222,-1605.0
23125.881218220056,-567.0
23125.881280716887,488.0
23125.881343213718,1448.0
23125.88140571055,2416.0
23125.88146820738,3217.0
23125.881530704213,3945.0
23125.881593201044,4647.0
23125.881655697875,5258.0
23125.881718194705,5797.0
23125.881780691536,6287.0
23125.88184318837,6801.0
23125.8819056852,7187.0
23125.88196818203,7513.0
23125.882030678862,7835.0
23125.882093175693,8112.0
23125.882155672527,8311.0
23125.882218169358,8444.0
23125.88228066619,8450.0
23125.88234316302,8313.0
23125.882405659853,8148.0
23125.882468156684,7814.0
23125.882530653515,7409.0
23125.882593150345,6935.0
23125.882655647176,6378.0
23125.88271814401,5842.0
23125.88278064084,5204.0
23125.88284313767,4533.0
23125.882905634502,3885.0
23125.882968131333,3319.0
23125.883030628167,2803.0
23125.883093124998,2338.0
23125.88315562183,1894.0
23125.88321811866,1482.0
23125.88328061549,1158.0
23125.883343112324,933.0
23125.883405609155,720.0
23125.883468105985,368.0
23125.883530602816,66.0
23125.88359309965,-206.0
23125.88365559648,-599.0
23125.88371809331,-938.0
23125.883780590142,-1248.0
23125.883843086973,-1605.0
23125.883905583807,-1947.0
23125.883968080638,-2213.0
23125.88403057747,-2478.0
23125.8840930743,-2678.0
23125.88415557113,-2817.0
23125.884218067964,-2921.0
23125.884280564795,-3030.0
23125.884343061625,-3190.0
23125.884405558456,-3368.0
23125.884468055287,-3615.0
23125.88453055212,-3861.0
23125.88459304895,-4112.0
23125.884655545782,-4446.0
23125.884718042613,-4781.0
23125.884780539447,-5170.0
23125.884843036278,-5648.0
23125.88490553311,-6160.0
23125.88496802994,-6653.0
23125.88503052677,-7037.0
23125.885093023604,-7380.0
23125.885155520435,-7757.0
23125.885218017265,-8008.0
23125.885280514096,-8283.0
23125.885343010927,-8472.0
23125.88540550776,-8301.0
23125.88546800459,-7993.0
23125.885530501422,-7534.0
23125.885592998253,-7038.0
23125.885655495083,-6403.0
23125.885717991918,-5618.0
23125.88578048875,-4695.0
23125.88584298558,-3618.0
23125.88590548241,-2623.0
23125.885967979244,-1666.0
23125.886030476075,-625.0
23125.886092972905,463.0
23125.886155469736,1409.0
23125.886217966567,2308.0
23125.8862804634,3195.0
23125.88634296023,3999.0
23125.886405457062,4692.0
23125.886467953893,5308.0
23125.886530450724,5870.0
23125.886592947558,6377.0
23125.88665544439,6863.0
23125.88671794122,7279.0
23125.88678043805,7579.0
23125.88684293488,7801.0
23125.886905431715,8020.0
23125.886967928545,8222.0
23125.887030425376,8308.0
23125.887092922207,8264.0
23125.88715541904,8101.0
23125.88721791587,7846.0
23125.887280412702,7510.0
23125.887342909533,7125.0
23125.887405406364,6610.0
23125.887467903198,5981.0
23125.88753040003,5394.0
23125.88759289686,4762.0
23125.88765539369,4063.0
23125.88771789052,3427.0
23125.887780387355,2868.0
23125.887842884185,2357.0
23125.887905381016,1895.0
23125.887967877847,1498.0
23125.888030374677,1142.0
23125.88809287151,832.0
23125.888155368342,586.0
23125.888217865173,365.0
23125.888280362004,99.0
23125.888342858838,-212.0
23125.88840535567,-518.0
23125.8884678525,-809.0
23125.88853034933,-1098.0
23125.88859284616,-1398.0
23125.888655342995,-1703.0
23125.888717839825,-2002.0
23125.888780336656,-2255.0
23125.888842833487,-2452.0
23125.888905330317,-2635.0
23125.88896782715,-2794.0
23125.889030323982,-2897.0
23125.889092820813,-2997.0
23125.889155317644,-3125.0
23125.889217814474,-3250.0
23125.88928031131,-3467.0
23125.88934280814,-3730.0
23125.88940530497,-4027.0
23125.8894678018,-4414.0
23125.889530298635,-4817.0
23125.889592795465,-5241.0
23125.889655292296,-5712.0
23125.889717789127,-6163.0
23125.889780285957,-6665.0
23125.88984278279,-7135.0
23125.889905279622,-7517.0
23125.889967776453,-7903.0
23125.890030273284,-8145.0
23125.890092770114,-8265.0
23125.89015526695,-8379.0
23125.89021776378,-8231.0
23125.89028026061,-7874.0
23125.89034275744,-7476.0
23125.89040525427,-6989.0
23125.890467751105,-6556.0
23125.890530247936,-5989.0
23125.890592744767,-4969.0
23125.890655241597,-3893.0
23125.89071773843,-2875.0
23125.890780235262,-1840.0
23125.890842732093,-808.0
23125.890905228924,277.0
23125.890967725754,1234.0
23125.89103022259,2185.0
23125.89109271942,3095.0
23125.89115521625,3902.0
23125.89121771308,4709.0
23125.89128020991,5368.0
23125.891342706745,5910.0
23125.891405203576,6418.0
23125.891467700407,6912.0
23125.891530197237,7373.0
23125.891592694068,7750.0
23125.891655190902,7942.0
23125.891717687733,8145.0
23125.891780184564,8353.0
23125.891842681394,8431.0
23125.89190517823,8446.0
23125.89196767506,8256.0
23125.89203017189,7973.0
23125.89209266872,7664.0
23125.89215516555,7233.0
23125.892217662386,6721.0
23125.892280159216,6167.0
23125.892342656047,5593.0
23125.892405152877,4985.0
23125.892467649708,4321.0
23125.892530146542,3682.0
23125.892592643373,3099.0
23125.892655140204,2520.0
23125.892717637034,2001.0
23125.892780133865,1515.0
23125.8928426307,1082.0
23125.89290512753,738.0
23125.89296762436,462.0
23125.89303012119,195.0
23125.893092618026,-121.0
23125.893155114856,-435.0
23125.893217611687,-712.0
23125.893280108518,-1019.0
23125.893342605348,-1346.0
23125.893405102182,-1629.0
23125.893467599013,-1936.0
23125.893530095844,-2148.0
23125.893592592674,-2275.0
23125.893655089505,-2445.0
23125.89371758634,-2616.0
23125.89378008317,-2752.0
23125.89384258,-2814.0
23125.89390507683,-2936.0
23125.893967573662,-3072.0
23125.894030070496,-3195.0
23125.894092567327,-3396.0
23125.894155064158,-3654.0
23125.89421756099,-3964.0
23125.894280057822,-4363.0
23125.894342554653,-4808.0
23125.894405051484,-5245.0
23125.894467548314,-5668.0
23125.894530045145,-6015.0
23125.894592541976,-6384.0
23125.89465503881,-6810.0
23125.89471753564,-7165.0
23125.89478003247,-7438.0
23125.894842529302,-7651.0
23125.894905026136,-7889.0
23125.894967522967,-8034.0
23125.895030019798,-7916.0
23125.89509251663,-7586.0
23125.89515501346,-7174.0
23125.895217510293,-6816.0
23125.895280007124,-6253.0
23125.895342503954,-5549.0
23125.895405000785,-4662.0
23125.89546749762,-3662.0
23125.89552999445,-2688.0
23125.89559249128,-1650.0
23125.89565498811,-624.0
23125.895717484942,478.0
23125.895779981773,1495.0
23125.895842478607,2475.0
23125.895904975438,3441.0
23125.89596747227,4296.0
23125.8960299691,5058.0
23125.896092465933,5679.0
23125.896154962764,6211.0
23125.896217459594,6718.0
23125.896279956425,7179.0
23125.896342453256,7556.0
23125.89640495009,7826.0
23125.89646744692,7974.0
23125.89652994375,8188.0
23125.896592440582,8379.0
23125.896654937416,8418.0
23125.896717434247,8389.0
23125.896779931078,8261.0
23125.89684242791,7990.0
23125.89690492474,7666.0
23125.89696742157,7329.0
23125.897029918404,6851.0
23125.897092415235,6318.0
23125.897154912065,5767.0
23125.897217408896,5152.0
23125.89727990573,4490.0
23125.89734240256,3872.0
23125.89740489939,3304.0
23125.897467396222,2717.0
23125.897529893053,2235.0
23125.897592389887,1806.0
23125.897654886718,1327.0
23125.89771738355,956.0
23125.89777988038,665.0
23125.897842377213,367.0
23125.897904874044,35.0
23125.897967370875,-277.0
23125.898029867705,-577.0
23125.898092364536,-906.0
23125.898154861366,-1196.0
23125.8982173582,-1464.0
23125.89827985503,-1750.0
23125.898342351862,-2036.0
23125.898404848693,-2270.0
23125.898467345527,-2496.0
23125.898529842358,-2621.0
23125.89859233919,-2733.0
23125.89865483602,-2887.0
23125.89871733285,-2997.0
23125.898779829684,-3221.0
23125.898842326515,-3440.0
23125.898904823345,-3683.0
23125.898967320176,-3985.0
23125.89902981701,-4275.0
23125.89909231384,-4606.0
23125.89915481067,-4965.0
23125.899217307502,-5360.0
23125.899279804333,-5755.0
23125.899342301163,-6080.0
23125.899404797998,-6390.0
23125.89946729483,-6751.0
23125.89952979166,-7068.0
23125.89959228849,-7337.0
23125.899654785324,-7654.0
23125.899717282155,-7938.0
23125.899779778985,-8146.0
23125.899842275816,-8136.0
23125.899904772647,-7850.0
23125.89996726948,-7431.0
23125.90002976631,-7027.0
23125.900092263142,-6434.0
23125.900154759973,-5716.0
23125.900217256807,-4855.0
23125.900279753638,-3781.0
23125.90034225047,-2769.0
23125.9004047473,-1751.0
23125.90046724413,-510.0
23125.90052974096,763.0
23125.900592237795,1757.0
23125.900654734625,2682.0
23125.900717231456,3620.0
23125.900779728287,4404.0
23125.90084222512,5086.0
23125.90090472195,5694.0
23125.900967218782,6201.0
23125.901029715613,6702.0
23125.901092212443,7208.0
23125.901154709278,7625.0
23125.90121720611,7951.0
23125.90127970294,8167.0
23125.90134219977,8346.0
23125.901404696604,8522.0
23125.901467193435,8576.0
23125.901529690265,8611.0
23125.901592187096,8541.0
23125.901654683927,8310.0
23125.901717180757,7980.0
23125.90177967759,7558.0
23125.901842174422,7082.0
23125.901904671253,6529.0
23125.901967168084,5915.0
23125.902029664918,5278.0
23125.90209216175,4660.0
23125.90215465858,4055.0
23125.90221715541,3440.0
23125.90227965224,2835.0
23125.902342149075,2267.0
23125.902404645905,1752.0
23125.902467142736,1281.0
23125.902529639567,956.0
23125.9025921364,654.0
23125.90265463323,271.0
23125.902717130062,-24.0
23125.902779626893,-335.0
23125.902842123724,-658.0
23125.902904620554,-926.0
23125.90296711739,-1240.0
23125.90302961422,-1562.0
23125.90309211105,-1846.0
23125.90315460788,-2069.0
23125.903217104715,-2255.0
23125.903279601545,-2432.0
23125.903342098376,-2588.0
23125.903404595207,-2786.0
23125.903467092037,-2974.0
23125.90352958887,-3082.0
23125.903592085702,-3205.0
23125.903654582533,-3448.0
23125.903717079364,-3693.0
23125.903779576198,-3970.0
23125.90384207303,-4358.0
23125.90390456986,-4707.0
23125.90396706669,-5047.0
23125.90402956352,-5464.0
23125.90409206035,-5869.0
23125.904154557185,-6246.0
23125.904217054016,-6611.0
23125.904279550847,-6984.0
23125.904342047677,-7277.0
23125.90440454451,-7505.0
23125.904467041342,-7750.0
23125.904529538173,-7876.0
23125.904592035004,-7960.0
23125.904654531834,-8012.0
23125.90471702867,-7807.0
23125.9047795255,-7398.0
23125.90484202233,-6964.0
23125.90490451916,-6397.0
23125.904967015995,-5680.0
23125.905029512825,-4920.0
23125.905092009656,-3926.0
23125.905154506487,-2861.0
23125.905217003317,-1806.0
23125.905279500148,-748.0
23125.905341996982,345.0
23125.905404493813,1412.0
23125.905466990644,2317.0
23125.905529487474,3251.0
23125.90559198431,4148.0
23125.90565448114,4873.0
23125.90571697797,5527.0
23125.9057794748,6065.0
23125.90584197163,6474.0
23125.905904468465,6905.0
23125.905966965296,7365.0
23125.906029462127,7682.0
23125.906091958957,7889.0
23125.90615445579,8061.0
23125.906216952622,8219.0
23125.906279449453,8305.0
23125.906341946284,8312.0
23125.906404443114,8216.0
23125.906466939945,7941.0
23125.90652943678,7659.0
23125.90659193361,7329.0
23125.90665443044,6876.0
23125.90671692727,6380.0
23125.906779424105,5797.0
23125.906841920936,5160.0
23125.906904417767,4479.0
23125.906966914597,3856.0
23125.907029411428,3278.0
23125.907091908262,2717.0
23125.907154405093,2156.0
23125.907216901924,1681.0
23125.907279398754,1263.0
23125.90734189559,856.0
23125.90740439242,525.0
23125.90746688925,187.0
23125.90752938608,-111.0
23125.90759188291,-388.0
23125.907654379742,-716.0
23125.907716876576,-1054.0
23125.907779373407,-1334.0
23125.907841870237,-1582.0
23125.907904367068,-1818.0
23125.907966863902,-2045.0
23125.908029360733,-2278.0
23125.908091857564,-2445.0
23125.908154354394,-2601.0
23125.908216851225,-2755.0
23125.90827934806,-2889.0
23125.90834184489,-2994.0
23125.90840434172,-3120.0
23125.90846683855,-3329.0
23125.908529335386,-3490.0
23125.908591832216,-3697.0
23125.908654329047,-4014.0
23125.908716825877,-4355.0
23125.908779322708,-4672.0
23125.90884181954,-5064.0
23125.908904316373,-5517.0
23125.908966813204,-5868.0
23125.909029310034,-6201.0
23125.909091806865,-6543.0
23125.9091543037,-6853.0
23125.90921680053,-7113.0
23125.90927929736,-7378.0
23125.90934179419,-7552.0
23125.909404291022,-7627.0
23125.909466787856,-7756.0
23125.909529284687,-7651.0
23125.909591781518,-7314.0
23125.909654278348,-6957.0
23125.909716775182,-6574.0
23125.909779272013,-6069.0
23125.909841768844,-5394.0
23125.909904265674,-4580.0
23125.909966762505,-3544.0
23125.910029259336,-2484.0
23125.91009175617,-1434.0
23125.910154253,-378.0
23125.91021674983,751.0
23125.910279246662,1796.0
23125.910341743496,2783.0
23125.910404240327,3780.0
23125.910466737158,4348.0
23125.91052923399,4896.0
23125.91059173082,5603.0
23125.910654227653,6085.0
23125.910716724484,6524.0
23125.910779221314,6971.0
23125.910841718145,7344.0
23125.91090421498,7649.0
23125.91096671181,7841.0
23125.91102920864,7968.0
23125.91109170547,8100.0
23125.911154202302,8170.0
23125.911216699133,8225.0
23125.911279195967,8127.0
23125.911341692798,7859.0
23125.91140418963,7555.0
23125.91146668646,7184.0
23125.911529183293,6774.0
23125.911591680124,6270.0
23125.911654176954,5660.0
23125.911716673785,5041.0
23125.911779170616,4430.0
23125.91184166745,3808.0
23125.91190416428,3229.0
23125.91196666111,2681.0
23125.912029157942,2133.0
23125.912091654776,1667.0
23125.912154151607,1213.0
23125.912216648438,808.0
23125.91227914527,474.0
23125.9123416421,194.0
23125.91240413893,-78.0
23125.912466635764,-419.0
23125.912529132594,-696.0
23125.912591629425,-1028.0
23125.912654126256,-1392.0
23125.91271662309,-1666.0
23125.91277911992,-1918.0
23125.91284161675,-2141.0
23125.912904113582,-2363.0
23125.912966610413,-2499.0
23125.913029107247,-2629.0
23125.913091604078,-2848.0
23125.91315410091,-3016.0
23125.91321659774,-3144.0
23125.913279094573,-3350.0
23125.913341591404,-3553.0
23125.913404088235,-3739.0
23125.913466585065,-4005.0
23125.913529081896,-4283.0
23125.913591578726,-4553.0
23125.91365407556,-4878.0
23125.91371657239,-5247.0
23125.913779069222,-5561.0
23125.913841566053,-5816.0
23125.913904062887,-6105.0
23125.913966559718,-6333.0
23125.91402905655,-6551.0
23125.91409155338,-6719.0
23125.91415405021,-6878.0
23125.914216547044,-7034.0
23125.914279043875,-7125.0
23125.914341540705,-7289.0
23125.914404037536,-7231.0
23125.91446653437,-6982.0
23125.9145290312,-6645.0
23125.91459152803,-6232.0
23125.914654024862,-5742.0
23125.914716521693,-5043.0
23125.914779018523,-4196.0
23125.914841515358,-3155.0
23125.91490401219,-2108.0
23125.91496650902,-1082.0
23125.91502900585,-7.0
23125.915091502684,1147.0
23125.915153999515,2221.0
23125.915216496345,3179.0
23125.915278993176,4133.0
23125.915341490007,4901.0
23125.91540398684,5571.0
23125.91546648367,6148.0
23125.915528980502,6649.0
23125.915591477333,7072.0
23125.915653974167,7411.0
23125.915716470998,7768.0
23125.91577896783,8026.0
23125.91584146466,8166.0
23125.91590396149,8274.0
23125.91596645832,8388.0
23125.916028955155,8466.0
23125.916091451985,8505.0
23125.916153948816,8417.0
23125.916216445647,8169.0
23125.91627894248,7881.0
23125.91634143931,7539.0
23125.916403936142,7112.0
23125.916466432973,6542.0
23125.916528929803,5988.0
23125.916591426638,5452.0
23125.91665392347,4772.0
23125.9167164203,4150.0
23125.91677891713,3545.0
23125.916841413964,2899.0
23125.916903910795,2352.0
23125.916966407625,1908.0
23125.917028904456,1420.0
23125.917091401287,896.0
23125.917153898117,509.0
23125.91721639495,205.0
23125.917278891782,-149.0
23125.917341388613,-473.0
23125.917403885443,-774.0
23125.917466382278,-1136.0
23125.91752887911,-1412.0
23125.91759137594,-1597.0
23125.91765387277,-1879.0
23125.9177163696,-2160.0
23125.917778866435,-2341.0
23125.917841363265,-2484.0
23125.917903860096,-2685.0
23125.917966356927,-2887.0
23125.91802885376,-3086.0
23125.91809135059,-3294.0
23125.918153847422,-3418.0
23125.918216344253,-3561.0
23125.918278841084,-3830.0
23125.918341337914,-4150.0
23125.91840383475,-4393.0
23125.91846633158,-4628.0
23125.91852882841,-4884.0
23125.91859132524,-5153.0
23125.918653822075,-5480.0
23125.918716318905,-5778.0
23125.918778815736,-6010.0
23125.918841312567,-6229.0
23125.918903809397,-6481.0
23125.91896630623,-6599.0
23125.919028803062,-6655.0
23125.919091299893,-6792.0
23125.919153796724,-6942.0
23125.919216293558,-7198.0
23125.91927879039,-7282.0
23125.91934128722,-7103.0
23125.91940378405,-6764.0
23125.91946628088,-6379.0
23125.91952877771,-5903.0
23125.919591274545,-5199.0
23125.919653771376,-4392.0
23125.919716268207,-3352.0
23125.919778765037,-2277.0
23125.91984126187,-1270.0
23125.919903758702,-273.0
23125.919966255533,797.0
23125.920028752364,1828.0
23125.920091249194,2737.0
23125.92015374603,3643.0
23125.92021624286,4413.0
23125.92027873969,5075.0
23125.92034123652,5650.0
23125.920403733355,6114.0
23125.920466230185,6673.0
23125.920528727016,7241.0
23125.920591223847,7657.0
23125.920653720677,7888.0
23125.920716217508,8052.0
23125.920778714342,8214.0
23125.920841211173,8330.0
23125.920903708004,8433.0
23125.920966204834,8490.0
23125.92102870167,8368.0
23125.9210911985,8201.0
23125.92115369533,8004.0
23125.92121619216,7687.0
23125.92127868899,7283.0
23125.921341185825,6788.0
23125.921403682656,6273.0
23125.921466179487,5661.0
23125.921528676317,5044.0
23125.92159117315,4378.0
23125.921653669982,3688.0
23125.921716166813,3077.0
23125.921778663644,2503.0
23125.921841160474,2011.0
23125.921903657305,1494.0
23125.92196615414,992.0
23125.92202865097,580.0
23125.9220911478,242.0
23125.92215364463,-74.0
23125.922216141465,-417.0
23125.922278638296,-811.0
23125.922341135127,-1205.0
23125.922403631957,-1468.0
23125.922466128788,-1760.0
23125.922528625622,-2020.0
23125.922591122453,-2194.0
23125.922653619284,-2377.0
23125.922716116114,-2466.0
23125.92277861295,-2651.0
23125.92284110978,-2887.0
23125.92290360661,-3076.0
23125.92296610344,-3239.0
23125.92302860027,-3360.0
23125.923091097102,-3527.0
23125.923153593936,-3813.0
23125.923216090767,-4103.0
23125.923278587597,-4352.0
23125.923341084428,-4543.0
23125.923403581262,-4719.0
23125.923466078093,-5022.0
23125.923528574924,-5316.0
23125.923591071754,-5565.0
23125.923653568585,-5742.0
23125.92371606542,-5851.0
23125.92377856225,-6098.0
23125.92384105908,-6326.0
23125.92390355591,-6546.0
23125.923966052746,-6761.0
23125.924028549576,-6880.0
23125.924091046407,-6985.0
23125.924153543237,-7143.0
23125.924216040068,-7077.0
23125.9242785369,-6779.0
23125.924341033733,-6439.0
23125.924403530564,-6087.0
23125.924466027394,-5554.0
23125.924528524225,-4799.0
23125.92459102106,-3880.0
23125.92465351789,-2815.0
23125.92471601472,-1729.0
23125.92477851155,-679.0
23125.924841008382,413.0
23125.924903505216,1452.0
23125.924966002047,2362.0
23125.925028498878,3250.0
23125.925090995708,4086.0
23125.925153492542,4787.0
23125.925215989373,5352.0
23125.925278486204,5815.0
23125.925340983034,6208.0
23125.925403479865,6571.0
23125.925465976696,6912.0
23125.92552847353,7194.0
23125.92559097036,7412.0
23125.92565346719,7595.0
23125.925715964022,7785.0
23125.925778460856,7909.0
23125.925840957687,7992.0
23125.925903454518,8035.0
23125.92596595135,7994.0
23125.92602844818,7836.0
23125.926090945013,7561.0
23125.926153441844,7189.0
23125.926215938674,6721.0
23125.926278435505,6202.0
23125.92634093234,5671.0
23125.92640342917,5061.0
23125.926465926,4295.0
23125.92652842283,3577.0
23125.926590919662,2954.0
23125.926653416493,2317.0
23125.926715913327,1758.0
23125.926778410158,1253.0
23125.92684090699,759.0
23125.92690340382,319.0
23125.926965900653,-59.0
23125.927028397484,-357.0
23125.927090894314,-664.0
23125.927153391145,-994.0
23125.927215887976,-1245.0
23125.92727838481,-1481.0
23125.92734088164,-1756.0
23125.92740337847,-1944.0
23125.927465875302,-2143.0
23125.927528372136,-2388.0
23125.927590868967,-2611.0
23125.927653365798,-2894.0
23125.92771586263,-3143.0
23125.92777835946,-3360.0
23125.92784085629,-3518.0
23125.927903353124,-3680.0
23125.927965849954,-3924.0
23125.928028346785,-4169.0
23125.928090843616,-4402.0
23125.92815334045,-4551.0
23125.92821583728,-4741.0
23125.92827833411,-4908.0
23125.928340830942,-5026.0
23125.928403327773,-5244.0
23125.928465824607,-5486.0
23125.928528321438,-5666.0
23125.92859081827,-5782.0
23125.9286533151,-5926.0
23125.928715811933,-6077.0
23125.928778308764,-6274.0
23125.928840805595,-6506.0
23125.928903302425,-6714.0
23125.928965799256,-6876.0
23125.929028296086,-7079.0
23125.92909079292,-7177.0
23125.92915328975,-6952.0
23125.929215786582,-6586.0
23125.929278283413,-6171.0
23125.929340780247,-5655.0
23125.929403277078,-4928.0
23125.92946577391,-4122.0
23125.92952827074,-3096.0
23125.92959076757,-1960.0
23125.929653264404,-983.0
23125.929715761235,16.0
23125.929778258065,1045.0
23125.929840754896,2013.0
23125.92990325173,2822.0
23125.92996574856,3600.0
23125.93002824539,4304.0
23125.930090742222,4876.0
23125.930153239053,5422.0
23125.930215735883,5900.0
23125.930278232718,6288.0
23125.93034072955,6665.0
23125.93040322638,7106.0
23125.93046572321,7207.0
23125.930528220044,7274.0
23125.930590716875,7583.0
23125.930653213705,7761.0
23125.930715710536,7893.0
23125.930778207367,8030.0
23125.9308407042,8035.0
23125.93090320103,7846.0
23125.930965697862,7580.0
23125.931028194693,7257.0
23125.931090691527,6836.0
23125.931153188358,6323.0
23125.93121568519,5742.0
23125.93127818202,5095.0
23125.93134067885,4387.0
23125.93140317568,3699.0
23125.931465672515,3042.0
23125.931528169345,2463.0
23125.931590666176,1940.0
23125.931653163007,1390.0
23125.93171565984,932.0
23125.93177815667,500.0
23125.931840653502,108.0
23125.931903150333,-189.0
23125.931965647163,-484.0
23125.932028143998,-844.0
23125.93209064083,-1208.0
23125.93215313766,-1552.0
23125.93221563449,-1878.0
23125.932278131324,-2104.0
23125.932340628155,-2299.0
23125.932403124985,-2519.0
23125.932465621816,-2731.0
23125.932528118647,-2859.0
23125.932590615477,-3011.0
23125.93265311231,-3211.0
23125.932715609142,-3355.0
23125.932778105973,-3496.0
23125.932840602803,-3542.0
23125.932903099638,-3628.0
23125.93296559647,-3835.0
23125.9330280933,-4046.0
23125.93309059013,-4294.0
23125.93315308696,-4550.0
23125.933215583795,-4811.0
23125.933278080625,-5039.0
23125.933340577456,-5245.0
23125.933403074287,-5414.0
23125.93346557112,-5618.0
23125.93352806795,-5793.0
23125.933590564782,-5939.0
23125.933653061613,-6090.0
23125.933715558444,-6142.0
23125.933778055274,-6186.0
23125.93384055211,-6268.0
23125.93390304894,-6386.0
23125.93396554577,-6554.0
23125.9340280426,-6601.0
23125.934090539435,-6393.0
23125.934153036265,-6034.0
23125.934215533096,-5655.0
23125.934278029927,-5232.0
23125.934340526757,-4597.0
23125.93440302359,-3836.0
23125.934465520422,-2947.0
23125.934528017253,-1933.0
23125.934590514084,-980.0
23125.934653010918,-52.0
23125.93471550775,925.0
23125.93477800458,1831.0
23125.93484050141,2674.0
23125.93490299824,3547.0
23125.93496549507,4319.0
23125.935027991905,4975.0
23125.935090488736,5588.0
23125.935152985567,6069.0
23125.935215482397,6427.0
23125.93527797923,6808.0
23125.935340476062,7190.0
23125.935402972893,7468.0
23125.935465469724,7647.0
23125.935527966554,7857.0
23125.93559046339,8034.0
23125.93565296022,8089.0
23125.93571545705,8170.0
23125.93577795388,8139.0
23125.935840450715,7967.0
23125.935902947545,7766.0
23125.935965444376,7494.0
23125.936027941207,7097.0
23125.936090438037,6626.0
23125.936152934868,6086.0
23125.936215431702,5476.0
23125.936277928533,4806.0
23125.936340425364,4102.0
23125.936402922194,3418.0
23125.93646541903,2763.0
23125.93652791586,2193.0
23125.93659041269,1648.0
23125.93665290952,1063.0
23125.93671540635,559.0
23125.936777903185,127.0
23125.936840400016,-245.0
23125.936902896847,-593.0
23125.936965393677,-918.0
23125.93702789051,-1170.0
23125.937090387342,-1408.0
23125.937152884173,-1656.0
23125.937215381004,-1862.0
23125.937277877834,-2060.0
23125.937340374665,-2312.0
23125.9374028715,-2596.0
23125.93746536833,-2844.0
23125.93752786516,-3013.0
23125.93759036199,-3170.0
23125.937652858825,-3317.0
23125.937715355656,-3461.0
23125.937777852487,-3698.0
23125.937840349317,-3876.0
23125.937902846148,-3909.0
23125.937965342982,-4081.0
23125.938027839813,-4236.0
23125.938090336644,-4335.0
23125.938152833474,-4548.0
23125.93821533031,-4704.0
23125.93827782714,-4862.0
23125.93834032397,-5020.0
23125.9384028208,-5148.0
23125.93846531763,-5325.0
23125.938527814462,-5543.0
23125.938590311296,-5803.0
23125.938652808127,-6098.0
23125.938715304957,-6294.0
23125.938777801788,-6429.0
23125.938840298622,-6563.0
23125.938902795453,-6664.0
23125.938965292284,-6616.0
23125.939027789114,-6357.0
23125.939090285945,-5938.0
23125.93915278278,-5476.0
23125.93921527961,-4987.0
23125.93927777644,-4339.0
23125.93934027327,-3613.0
23125.939402770106,-2676.0
23125.939465266936,-1767.0
23125.939527763767,-893.0
23125.939590260597,61.0
23125.939652757428,931.0
23125.93971525426,1803.0
23125.939777751093,2616.0
23125.939840247924,3412.0
23125.939902744754,4138.0
23125.939965241585,4804.0
23125.94002773842,5391.0
23125.94009023525,5865.0
23125.94015273208,6285.0
23125.94021522891,6675.0
23125.940277725742,7094.0
23125.940340222576,7396.0
23125.940402719407,7614.0
23125.940465216237,7976.0
23125.940527713068,8223.0
23125.940590209902,8289.0
23125.940652706733,8279.0
23125.940715203564,8154.0
23125.940777700394,7962.0
23125.940840197225,7699.0
23125.940902694056,7334.0
23125.94096519089,6918.0
23125.94102768772,6402.0
23125.94109018455,5846.0
23125.941152681382,5234.0
23125.941215178216,4544.0
23125.941277675047,3895.0
23125.941340171878,3263.0
23125.941402668708,2670.0
23125.94146516554,2067.0
23125.941527662373,1557.0
23125.941590159204,1061.0
23125.941652656034,533.0
23125.941715152865,121.0
23125.9417776497,-234.0
23125.94184014653,-547.0
23125.94190264336,-904.0
23125.94196514019,-1205.0
23125.942027637022,-1458.0
23125.942090133853,-1705.0
23125.942152630687,-1904.0
23125.942215127518,-2135.0
23125.94227762435,-2378.0
23125.94234012118,-2670.0
23125.942402618013,-2908.0
23125.942465114844,-3088.0
23125.942527611674,-3206.0
23125.942590108505,-3221.0
23125.942652605336,-3302.0
23125.94271510217,-3353.0
23125.942777599,-3391.0
23125.94284009583,-3546.0
23125.942902592662,-3726.0
23125.942965089496,-3841.0
23125.943027586327,-3977.0
23125.943090083158,-4147.0
23125.94315257999,-4379.0
23125.94321507682,-4627.0
23125.94327757365,-4817.0
23125.943340070484,-5015.0
23125.943402567314,-5165.0
23125.943465064145,-5335.0
23125.943527560976,-5462.0
23125.94359005781,-5588.0
23125.94365255464,-5835.0
23125.94371505147,-6021.0
23125.943777548302,-6131.0
23125.943840045133,-6236.0
23125.943902541967,-6286.0
23125.943965038798,-6102.0
23125.94402753563,-5783.0
23125.94409003246,-5363.0
23125.94415252929,-4895.0
23125.944215026124,-4380.0
23125.944277522955,-3716.0
23125.944340019785,-2865.0
23125.944402516616,-2000.0
23125.944465013446,-1172.0
23125.94452751028,-201.0
23125.94459000711,808.0
23125.944652503942,1723.0
23125.944715000773,2544.0
23125.944777497607,3320.0
23125.944839994438,3993.0
23125.94490249127,4593.0
23125.9449649881,5173.0
23125.94502748493,5627.0
23125.945089981764,6017.0
23125.945152478595,6390.0
23125.945214975425,6761.0
23125.945277472256,7032.0
23125.945339969086,7263.0
23125.94540246592,7509.0
23125.94546496275,7657.0
23125.945527459582,7810.0
23125.945589956413,7920.0
23125.945652453243,7847.0
23125.945714950078,7679.0
23125.94577744691,7459.0
23125.94583994374,7174.0
23125.94590244057,6749.0
23125.945964937404,6226.0
23125.946027434235,5615.0
23125.946089931065,4922.0
23125.946152427896,4237.0
23125.946214924727,3550.0
23125.94627742156,2833.0
23125.94633991839,2150.0
23125.946402415222,1562.0
23125.946464912053,990.0
23125.946527408883,502.0
23125.946589905718,102.0
23125.94665240255,-326.0
23125.94671489938,-641.0
23125.94677739621,-941.0
23125.94683989304,-1282.0
23125.946902389875,-1546.0
23125.946964886705,-1816.0
23125.947027383536,-2056.0
23125.947089880367,-2267.0
23125.9471523772,-2476.0
23125.94721487403,-2647.0
23125.947277370862,-2862.0
23125.947339867693,-3080.0
23125.947402364523,-3204.0
23125.947464861358,-3304.0
23125.94752735819,-3402.0
23125.94758985502,-3461.0
23125.94765235185,-3543.0
23125.94771484868,-3649.0
23125.947777345515,-3717.0
23125.947839842345,-3761.0
23125.947902339176,-3839.0
23125.947964836007,-3949.0
23125.948027332837,-4166.0
23125.94808982967,-4400.0
23125.948152326502,-4573.0
23125.948214823333,-4741.0
23125.948277320163,-4862.0
23125.948339816998,-5015.0
23125.94840231383,-5225.0
23125.94846481066,-5412.0
23125.94852730749,-5556.0
23125.94858980432,-5601.0
23125.948652301155,-5709.0
23125.948714797985,-5803.0
23125.948777294816,-5883.0
23125.948839791647,-5967.0
23125.948902288477,-5798.0
23125.94896478531,-5474.0
23125.949027282142,-5068.0
23125.949089778973,-4600.0
23125.949152275803,-3997.0
23125.949214772634,-3291.0
23125.94927726947,-2460.0
23125.9493397663,-1520.0
23125.94940226313,-635.0
23125.94946475996,230.0
23125.949527256795,1143.0
23125.949589753625,2017.0
23125.949652250456,2721.0
23125.949714747287,3438.0
23125.949777244117,4153.0
23125.94983974095,4745.0
23125.949902237782,5287.0
23125.949964734613,5736.0
23125.950027231444,6129.0
23125.950089728274,6511.0
23125.95015222511,6908.0
23125.95021472194,7263.0
23125.95027721877,7520.0
23125.9503397156,7722.0
23125.95040221243,7931.0
23125.950464709265,7784.0
23125.950527206096,7627.0
23125.950589702927,7704.0
23125.950652199757,7493.0
23125.95071469659,7193.0
23125.950777193422,6882.0
23125.950839690253,6391.0
23125.950902187084,5800.0
23125.950964683914,5216.0
23125.95102718075,4557.0
23125.95108967758,3826.0
23125.95115217441,3161.0
23125.95121467124,2531.0
23125.95127716807,1897.0
23125.951339664905,1352.0
23125.951402161736,885.0
23125.951464658567,449.0
23125.951527155397,39.0
23125.951589652228,-317.0
23125.951652149062,-649.0
23125.951714645893,-952.0
23125.951777142724,-1251.0
23125.951839639554,-1536.0
23125.95190213639,-1764.0
23125.95196463322,-2012.0
23125.95202713005,-2261.0
23125.95208962688,-2496.0
23125.95215212371,-2727.0
23125.952214620545,-2927.0
23125.952277117376,-3035.0
23125.952339614207,-3022.0
23125.952402111037,-3037.0
23125.952464607868,-3124.0
23125.952527104702,-3136.0
23125.952589601533,-3129.0
23125.952652098364,-3254.0
23125.952714595194,-3395.0
23125.952777092025,-3515.0
23125.95283958886,-3616.0
23125.95290208569,-3716.0
23125.95296458252,-3894.0
23125.95302707935,-4146.0
23125.953089576185,-4390.0
23125.953152073016,-4530.0
23125.953214569847,-4696.0
23125.953277066677,-4906.0
23125.953339563508,-5050.0
23125.953402060342,-5191.0
23125.953464557173,-5315.0
23125.953527054004,-5344.0
23125.953589550834,-5408.0
23125.953652047665,-5476.0
23125.9537145445,-5478.0
23125.95377704133,-5500.0
23125.95383953816,-5443.0
23125.95390203499,-5213.0
23125.953964531822,-4800.0
23125.954027028656,-4386.0
23125.954089525487,-3899.0
23125.954152022317,-3246.0
23125.954214519148,-2543.0
23125.954277015982,-1713.0
23125.954339512813,-873.0
23125.954402009644,-68.0
23125.954464506474,732.0
23125.954527003305,1541.0
23125.95458950014,2360.0
23125.95465199697,3096.0
23125.9547144938,3795.0
23125.95477699063,4465.0
23125.954839487462,5046.0
23125.954901984296,5509.0
23125.954964481127,5964.0
23125.955026977957,6343.0
23125.955089474788,6700.0
23125.95515197162,7068.0
23125.955214468453,7314.0
23125.955276965284,7474.0
23125.955339462114,7614.0
23125.955401958945,7728.0
23125.95546445578,7738.0
23125.95552695261,7703.0
23125.95558944944,7597.0
23125.95565194627,7289.0
23125.955714443102,6901.0
23125.955776939936,6455.0
23125.955839436767,5946.0
23125.955901933597,5349.0
23125.955964430428,4740.0
23125.95602692726,4090.0
23125.956089424093,3402.0
23125.956151920924,2750.0
23125.956214417754,2117.0
23125.956276914585,1542.0
23125.956339411416,971.0
23125.95640190825,505.0
23125.95646440508,52.0
23125.95652690191,-347.0
23125.956589398742,-650.0
23125.956651895576,-968.0
23125.956714392407,-1228.0
23125.956776889238,-1481.0
23125.956839386068,-1757.0
23125.9569018829,-1995.0
23125.956964379733,-2149.0
23125.957026876564,-2328.0
23125.957089373394,-2469.0
23125.957151870225,-2602.0
23125.957214367056,-2742.0
23125.95727686389,-2803.0
23125.95733936072,-2859.0
23125.95740185755,-2891.0
23125.957464354382,-2918.0
23125.957526851213,-2940.0
23125.957589348047,-2993.0
23125.957651844878,-3138.0
23125.95771434171,-3248.0
23125.95777683854,-3310.0
23125.957839335373,-3420.0
23125.957901832204,-3582.0
23125.957964329034,-3753.0
23125.958026825865,-3877.0
23125.958089322696,-4015.0
23125.95815181953,-4170.0
23125.95821431636,-4267.0
23125.95827681319,-4421.0
23125.958339310022,-4643.0
23125.958401806853,-4839.0
23125.958464303687,-4988.0
23125.958526800518,-5034.0
23125.95858929735,-5071.0
23125.95865179418,-5150.0
23125.95871429101,-5214.0
23125.958776787844,-5188.0
23125.958839284674,-5052.0
23125.958901781505,-4830.0
23125.958964278336,-4420.0
23125.95902677517,-3981.0
23125.959089272,-3439.0
23125.95915176883,-2809.0
23125.959214265662,-2106.0
23125.959276762493,-1251.0
23125.959339259327,-462.0
23125.959401756158,305.0
23125.95946425299,1038.0
23125.95952674982,1800.0
23125.95958924665,2527.0
23125.959651743484,3141.0
23125.959714240314,3752.0
23125.959776737145,4266.0
23125.959839233976,4734.0
23125.959901730806,5192.0
23125.95996422764,5607.0
23125.96002672447,5977.0
23125.960089221302,6361.0
23125.960151718133,6686.0
23125.960214214967,6911.0
23125.960276711798,7117.0
23125.96033920863,7248.0
23125.96040170546,7293.0
23125.96046420229,7467.0
23125.960526699124,7506.0
23125.960589195955,7247.0
23125.960651692785,6895.0
23125.960714189616,6486.0
23125.960776686446,5996.0
23125.96083918328,5473.0
23125.96090168011,4877.0
23125.960964176942,4238.0
23125.961026673773,3624.0
23125.961089170603,2998.0
23125.961151667438,2398.0
23125.96121416427,1873.0
23125.9612766611,1380.0
23125.96133915793,946.0
23125.961401654764,564.0
23125.961464151595,128.0
23125.961526648425,-208.0
23125.961589145256,-514.0
23125.961651642087,-843.0
23125.96171413892,-1112.0
23125.96177663575,-1415.0
23125.961839132582,-1717.0
23125.961901629413,-2007.0
23125.961964126243,-2226.0
23125.962026623078,-2321.0
23125.96208911991,-2437.0
23125.96215161674,-2538.0
23125.96221411357,-2589.0
23125.9622766104,-2678.0
23125.962339107235,-2732.0
23125.962401604065,-2774.0
23125.962464100896,-2787.0
23125.962526597727,-2745.0
23125.96258909456,-2811.0
23125.96265159139,-2996.0
23125.962714088222,-3144.0
23125.962776585053,-3226.0
23125.962839081883,-3311.0
23125.962901578718,-3468.0
23125.96296407555,-3660.0
23125.96302657238,-3850.0
23125.96308906921,-4034.0
23125.96315156604,-4193.0
23125.963214062875,-4308.0
23125.963276559705,-4416.0
23125.963339056536,-4537.0
23125.963401553367,-4565.0
23125.963464050197,-4628.0
23125.96352654703,-4716.0
23125.963589043862,-4734.0
23125.963651540693,-4814.0
23125.963714037523,-4890.0
23125.963776534358,-4914.0
23125.96383903119,-4816.0
23125.96390152802,-4572.0
23125.96396402485,-4245.0
23125.96402652168,-3830.0
23125.964089018515,-3367.0
23125.964151515345,-2854.0
23125.964214012176,-2221.0
23125.964276509007,-1427.0
23125.964339005837,-635.0
23125.96440150267,131.0
23125.964463999502,891.0
23125.964526496333,1631.0
23125.964588993163,2349.0
23125.964651489994,2960.0
23125.96471398683,3555.0
23125.96477648366,4067.0
23125.96483898049,4544.0
23125.96490147732,4985.0
23125.964963974155,5331.0
23125.965026470985,5646.0
23125.965088967816,5943.0
23125.965151464647,6200.0
23125.965213961477,6402.0
23125.96527645831,6546.0
23125.965338955142,6640.0
23125.965401451973,6710.0
23125.965463948804,6677.0
23125.965526445634,6646.0
23125.96558894247,6531.0
23125.9656514393,6214.0
23125.96571393613,5837.0
23125.96577643296,5383.0
23125.96583892979,4877.0
23125.965901426625,4313.0
23125.965963923456,3729.0
23125.966026420287,3134.0
23125.966088917117,2552.0
23125.96615141395,1990.0
23125.966213910782,1408.0
23125.966276407613,893.0
23125.966338904444,449.0
23125.966401401274,93.0
23125.96646389811,-263.0
23125.96652639494,-566.0
23125.96658889177,-765.0
23125.9666513886,-1038.0
23125.96671388543,-1266.0
23125.966776382265,-1506.0
23125.966838879096,-1756.0
23125.966901375927,-1991.0
23125.966963872757,-2199.0
23125.967026369588,-2302.0
23125.967088866422,-2380.0
23125.967151363253,-2493.0
23125.967213860084,-2614.0
23125.967276356914,-2702.0
23125.96733885375,-2749.0
23125.96740135058,-2721.0
23125.96746384741,-2718.0
23125.96752634424,-2683.0
23125.96758884107,-2703.0
23125.967651337905,-2879.0
23125.967713834736,-2988.0
23125.967776331567,-3097.0
23125.967838828397,-3204.0
23125.967901325228,-3295.0
23125.967963822062,-3479.0
23125.968026318893,-3604.0
23125.968088815724,-3749.0
23125.968151312554,-3947.0
23125.968213809385,-4101.0
23125.96827630622,-4259.0
23125.96833880305,-4385.0
23125.96840129988,-4458.0
23125.96846379671,-4531.0
23125.968526293545,-4541.0
23125.968588790376,-4511.0
23125.968651287207,-4543.0
23125.968713784037,-4527.0
23125.968776280868,-4447.0
23125.968838777702,-4364.0
23125.968901274533,-4244.0
23125.968963771364,-3990.0
23125.969026268194,-3641.0
23125.969088765025,-3235.0
23125.96915126186,-2791.0
23125.96921375869,-2291.0
23125.96927625552,-1741.0
23125.96933875235,-1169.0
23125.969401249182,-492.0
23125.969463746016,167.0
23125.969526242847,843.0
23125.969588739677,1558.0
23125.969651236508,2215.0
23125.969713733342,2814.0
23125.969776230173,3385.0
23125.969838727004,3954.0
23125.969901223834,4395.0
23125.969963720665,4803.0
23125.9700262175,5152.0
23125.97008871433,5429.0
23125.97015121116,5657.0
23125.97021370799,5851.0
23125.970276204822,6026.0
23125.970338701656,6136.0
23125.970401198487,6190.0
23125.970463695317,5933.0
23125.970526192148,5770.0
23125.97058868898,5827.0
23125.970651185813,5667.0
23125.970713682644,5453.0
23125.970776179474,5165.0
23125.970838676305,4781.0
23125.97090117314,4404.0
23125.97096366997,3935.0
23125.9710261668,3424.0
23125.97108866363,2908.0
23125.971151160462,2386.0
23125.971213657296,1846.0
23125.971276154127,1308.0
23125.971338650957,832.0
23125.971401147788,431.0
23125.97146364462,64.0
23125.971526141453,-246.0
23125.971588638284,-486.0
23125.971651135114,-759.0
23125.971713631945,-964.0
23125.971776128776,-1163.0
23125.97183862561,-1368.0
23125.97190112244,-1562.0
23125.97196361927,-1789.0
23125.972026116102,-1926.0
23125.972088612936,-2021.0
23125.972151109767,-2138.0
23125.972213606598,-2238.0
23125.972276103428,-2291.0
23125.97233860026,-2333.0
23125.972401097093,-2406.0
23125.972463593924,-2458.0
23125.972526090754,-2404.0
23125.972588587585,-2364.0
23125.972651084416,-2422.0
23125.97271358125,-2505.0
23125.97277607808,-2666.0
23125.97283857491,-2858.0
23125.972901071742,-3047.0
23125.972963568573,-3203.0
23125.973026065407,-3305.0
23125.973088562238,-3436.0
23125.97315105907,-3638.0
23125.9732135559,-3830.0
23125.973276052733,-3985.0
23125.973338549564,-4093.0
23125.973401046394,-4150.0
23125.973463543225,-4175.0
23125.973526040056,-4099.0
23125.97358853689,-3990.0
23125.97365103372,-3975.0
23125.97371353055,-3952.0
23125.973776027382,-3914.0
23125.973838524213,-3919.0
23125.973901021047,-3893.0
23125.973963517878,-3828.0
23125.97402601471,-3664.0
23125.97408851154,-3386.0
23125.97415100837,-3024.0
23125.974213505204,-2554.0
23125.974276002034,-2070.0
23125.974338498865,-1572.0
23125.974400995696,-1010.0
23125.97446349253,-438.0
23125.97452598936,169.0
23125.97458848619,814.0
23125.974650983022,1399.0
23125.974713479853,1918.0
23125.974775976687,2436.0
23125.974838473518,2950.0
23125.97490097035,3392.0
23125.97496346718,3828.0
23125.97502596401,4236.0
23125.975088460844,4600.0
23125.975150957674,4919.0
23125.975213454505,5177.0
23125.975275951336,5405.0
23125.975338448166,5598.0
23125.975400945,5765.0
23125.97546344183,5862.0
23125.975525938662,5907.0
23125.975588435493,5930.0
23125.975650932327,5829.0
23125.975713429158,5703.0
23125.97577592599,5540.0
23125.97583842282,5266.0
23125.97590091965,4933.0
23125.975963416484,4551.0
23125.976025913315,4124.0
23125.976088410145,3696.0
23125.976150906976,3239.0
23125.976213403806,2782.0
23125.97627590064,2355.0
23125.97633839747,1911.0
23125.976400894302,1492.0
23125.976463391133,1087.0
23125.976525887963,764.0
23125.976588384798,466.0
23125.97665088163,123.0
23125.97671337846,-170.0
23125.97677587529,-468.0
23125.976838372124,-737.0
23125.976900868955,-967.0
23125.976963365785,-1189.0
23125.977025862616,-1383.0
23125.977088359446,-1571.0
23125.97715085628,-1732.0
23125.97721335311,-1814.0
23125.977275849942,-1916.0
23125.977338346773,-2031.0
23125.977400843603,-2083.0
23125.977463340438,-2148.0
23125.97752583727,-2103.0
23125.9775883341,-2045.0
23125.97765083093,-2102.0
23125.97771332776,-2147.0
23125.977775824595,-2230.0
23125.977838321425,-2340.0
23125.977900818256,-2414.0
23125.977963315087,-2513.0
23125.97802581192,-2639.0
23125.97808830875,-2767.0
23125.978150805582,-2904.0
23125.978213302413,-3018.0
23125.978275799243,-3091.0
23125.978338296078,-3156.0
23125.97840079291,-3229.0
23125.97846328974,-3336.0
23125.97852578657,-3391.0
23125.9785882834,-3431.0
23125.978650780235,-3480.0
23125.978713277065,-3460.0
23125.978775773896,-3428.0
23125.978838270727,-3352.0
23125.978900767557,-3320.0
23125.97896326439,-3290.0
23125.979025761222,-3192.0
23125.979088258053,-3062.0
23125.979150754883,-2869.0
23125.979213251718,-2649.0
23125.97927574855,-2392.0
23125.97933824538,-2067.0
23125.97940074221,-1713.0
23125.97946323904,-1363.0
23125.979525735875,-936.0
23125.979588232705,-460.0
23125.979650729536,-21.0
23125.979713226367,464.0
23125.979775723197,957.0
23125.97983822003,1412.0
23125.979900716862,1879.0
23125.979963213693,2339.0
23125.980025710523,2731.0
23125.980088207354,3149.0
23125.98015070419,3528.0
23125.98021320102,3828.0
23125.98027569785,4165.0
23125.98033819468,4392.0
23125.980400691515,4601.0
23125.980463188345,5012.0
23125.980525685176,5229.0
23125.980588182007,5259.0
23125.980650678837,5279.0
23125.98071317567,5237.0
23125.980775672502,5161.0
23125.980838169333,5069.0
23125.980900666164,4945.0
23125.980963162994,4777.0
23125.98102565983,4526.0
23125.98108815666,4262.0
23125.98115065349,3992.0
23125.98121315032,3671.0
23125.98127564715,3311.0
23125.981338143985,2950.0
23125.981400640816,2606.0
23125.981463137647,2190.0
23125.981525634477,1831.0
23125.98158813131,1513.0
23125.981650628142,1101.0
23125.981713124973,760.0
23125.981775621804,467.0
23125.981838118634,179.0
23125.98190061547,-85.0
23125.9819631123,-301.0
23125.98202560913,-498.0
23125.98208810596,-691.0
23125.98215060279,-812.0
23125.982213099625,-871.0
23125.982275596456,-979.0
23125.982338093287,-1110.0
23125.982400590117,-1215.0
23125.982463086948,-1385.0
23125.982525583782,-1467.0
23125.982588080613,-1484.0
23125.982650577444,-1525.0
23125.982713074274,-1541.0
23125.98277557111,-1605.0
23125.98283806794,-1705.0
23125.98290056477,-1816.0
23125.9829630616,-1842.0
23125.98302555843,-1880.0
23125.983088055265,-1981.0
23125.983150552096,-2077.0
23125.983213048927,-2171.0
23125.983275545757,-2267.0
23125.983338042588,-2364.0
23125.983400539422,-2399.0
23125.983463036253,-2497.0
23125.983525533084,-2645.0
23125.983588029914,-2794.0
23125.983650526745,-2945.0
23125.98371302358,-3023.0
23125.98377552041,-3105.0
23125.98383801724,-3189.0
23125.98390051407,-3212.0
23125.983963010905,-3184.0
23125.984025507736,-3134.0
23125.984088004567,-2995.0
23125.984150501397,-2899.0
23125.984212998228,-2782.0
23125.984275495062,-2568.0
23125.984337991893,-2350.0
23125.984400488724,-2089.0
23125.984462985554,-1875.0
23125.984525482385,-1573.0
23125.98458797922,-1206.0
23125.98465047605,-896.0
23125.98471297288,-580.0
23125.98477546971,-267.0
23125.98483796654,83.0
23125.984900463376,434.0
23125.984962960207,779.0
23125.985025457037,1130.0
23125.985087953868,1524.0
23125.985150450702,1864.0
23125.985212947533,2182.0
23125.985275444364,2543.0
23125.985337941194,2867.0
23125.985400438025,3147.0
23125.98546293486,3383.0
23125.98552543169,3636.0
23125.98558792852,3845.0
23125.98565042535,3945.0
23125.985712922182,4007.0
23125.985775419016,4019.0
23125.985837915847,4003.0
23125.985900412677,3953.0
23125.985962909508,3864.0
23125.98602540634,3719.0
23125.986087903173,3590.0
23125.986150400004,3442.0
23125.986212896834,3230.0
23125.986275393665,3021.0
23125.9863378905,2797.0
23125.98640038733,2558.0
23125.98646288416,2279.0
23125.98652538099,1999.0
23125.986587877822,1711.0
23125.986650374656,1382.0
23125.986712871487,1128.0
23125.986775368317,839.0
23125.986837865148,566.0
23125.98690036198,372.0
23125.986962858813,126.0
23125.987025355644,-114.0
23125.987087852474,-282.0
23125.987150349305,-420.0
23125.987212846136,-564.0
23125.98727534297,-697.0
23125.9873378398,-811.0
23125.98740033663,-920.0
23125.987462833462,-1032.0
23125.987525330296,-1138.0
23125.987587827127,-1214.0
23125.987650323957,-1308.0
23125.987712820788,-1350.0
23125.98777531762,-1394.0
23125.987837814453,-1481.0
23125.987900311284,-1524.0
23125.987962808114,-1579.0
23125.988025304945,-1660.0
23125.988087801776,-1782.0
23125.98815029861,-1891.0
23125.98821279544,-1976.0
23125.98827529227,-2075.0
23125.988337789102,-2159.0
23125.988400285933,-2225.0
23125.988462782767,-2336.0
23125.988525279598,-2404.0
23125.988587776428,-2441.0
23125.98865027326,-2547.0
23125.988712770093,-2565.0
23125.988775266924,-2557.0
23125.988837763754,-2565.0
23125.988900260585,-2600.0
23125.988962757416,-2642.0
23125.98902525425,-2656.0
23125.98908775108,-2615.0
23125.98915024791,-2517.0
23125.989212744742,-2437.0
23125.989275241573,-2318.0
23125.989337738407,-2169.0
23125.989400235238,-2053.0
23125.98946273207,-1929.0
23125.9895252289,-1782.0
23125.98958772573,-1581.0
23125.989650222564,-1338.0
23125.989712719394,-1043.0
23125.989775216225,-733.0
23125.989837713056,-452.0
23125.98990020989,-155.0
23125.98996270672,144.0
23125.99002520355,438.0
23125.990087700382,696.0
23125.990150197213,954.0
23125.990212694047,1273.0
23125.990275190878,1516.0
23125.99033768771,1753.0
23125.99040018454,2007.0
23125.99046268137,1924.0
23125.990525178204,2004.0
23125.990587675034,2283.0
23125.990650171865,2397.0
23125.990712668696,2569.0
23125.990775165526,2696.0
23125.99083766236,2787.0
23125.99090015919,2869.0
23125.990962656022,2868.0
23125.991025152853,2856.0
23125.991087649687,2777.0
23125.991150146518,2704.0
23125.99121264335,2630.0
23125.99127514018,2476.0
23125.99133763701,2308.0
23125.991400133844,2141.0
23125.991462630675,1965.0
23125.991525127505,1817.0
23125.991587624336,1698.0
23125.991650121166,1501.0
23125.991712618,1315.0
23125.99177511483,1145.0
23125.991837611662,957.0
23125.991900108493,797.0
23125.991962605323,634.0
23125.992025102158,470.0
23125.99208759899,326.0
23125.99215009582,165.0
23125.99221259265,-4.0
23125.992275089484,-80.0
23125.992337586315,-172.0
23125.992400083145,-259.0
23125.992462579976,-346.0
23125.992525076806,-433.0
23125.99258757364,-488.0
23125.99265007047,-625.0
23125.992712567302,-715.0
23125.992775064133,-796.0
23125.992837560963,-825.0
23125.992900057798,-816.0
23125.99296255463,-842.0
23125.99302505146,-846.0
23125.99308754829,-876.0
23125.99315004512,-951.0
23125.993212541955,-1054.0
23125.993275038785,-1150.0
23125.993337535616,-1268.0
23125.993400032447,-1390.0
23125.99346252928,-1481.0
23125.99352502611,-1560.0
23125.993587522942,-1656.0
23125.993650019773,-1744.0
23125.993712516603,-1805.0
23125.993775013438,-1857.0
23125.99383751027,-1885.0
23125.9939000071,-1896.0
23125.99396250393,-1904.0
23125.99402500076,-1919.0
23125.994087497595,-1939.0
23125.994149994425,-1953.0
23125.994212491256,-1948.0
23125.994274988087,-1956.0
23125.994337484917,-1956.0
23125.99439998175,-1958.0
23125.994462478582,-1937.0
23125.994524975413,-1850.0
23125.994587472243,-1778.0
23125.994649969078,-1712.0
23125.99471246591,-1583.0
23125.99477496274,-1430.0
23125.99483745957,-1225.0
23125.9948999564,-1009.0
23125.994962453235,-808.0
23125.995024950065,-587.0
23125.995087446896,-369.0
23125.995149943727,-185.0
23125.995212440557,7.0
23125.99527493739,197.0
23125.995337434222,392.0
23125.995399931053,585.0
23125.995462427883,711.0
23125.995524924714,850.0
23125.99558742155,1038.0
23125.99564991838,1151.0
23125.99571241521,1309.0
23125.99577491204,1464.0
23125.995837408875,1530.0
23125.995899905705,1622.0
23125.995962402536,1712.0
23125.996024899367,1743.0
23125.996087396197,1804.0
23125.99614989303,1844.0
23125.996212389862,1851.0
23125.996274886693,1867.0
23125.996337383523,1840.0
23125.996399880354,1806.0
23125.99646237719,1711.0
23125.99652487402,1650.0
23125.99658737085,1617.0
23125.99664986768,1494.0
23125.99671236451,1400.0
23125.996774861345,1309.0
23125.996837358176,1215.0
23125.996899855007,1125.0
23125.996962351837,1036.0
23125.99702484867,969.0
23125.997087345502,880.0
23125.997149842333,761.0
23125.997212339164,664.0
23125.997274835994,565.0
23125.99733733283,457.0
23125.99739982966,362.0
23125.99746232649,257.0
23125.99752482332,226.0
23125.99758732015,248.0
23125.997649816985,198.0
23125.997712313816,126.0
23125.997774810647,76.0
23125.997837307477,22.0
23125.997899804308,-53.0
23125.997962301142,-116.0
23125.998024797973,-187.0
23125.998087294804,-248.0
23125.998149791634,-286.0
23125.99821228847,-298.0
23125.9982747853,-344.0
23125.99833728213,-390.0
23125.99839977896,-405.0
23125.99846227579,-498.0
23125.998524772625,-535.0
23125.998587269456,-507.0
23125.998649766287,-570.0
23125.998712263117,-647.0
23125.998774759948,-711.0
23125.998837256782,-791.0
23125.998899753613,-860.0
23125.998962250444,-882.0
23125.999024747274,-904.0
23125.999087244105,-971.0
23125.99914974094,-1037.0
23125.99921223777,-1056.0
23125.9992747346,-1070.0
23125.99933723143,-1118.0
23125.999399728265,-1143.0
23125.999462225096,-1184.0
23125.999524721927,-1198.0
23125.999587218757,-1165.0
23125.999649715588,-1153.0
23125.999712212422,-1085.0
23125.999774709253,-1054.0
23125.999837206084,-1029.0
23125.999899702914,-963.0
23125.999962199745,-946.0
23126.00002469658,-890.0
23126.00008719341,-815.0
23126.00014969024,-734.0
23126.00021218707,-640.0
23126.0002746839,-548.0
23126.000337180736,-482.0
23126.000399677567,-345.0
23126.000462174397,-53.0
23126.000524671228,115.0
23126.000587168062,190.0
23126.000649664893,261.0
23126.000712161724,352.0
23126.000774658554,427.0
23126.000837155385,476.0
23126.00089965222,572.0
23126.00096214905,664.0
23126.00102464588,702.0
23126.00108714271,737.0
23126.001149639542,730.0
23126.001212136376,754.0
23126.001274633207,799.0
23126.001337130037,802.0
23126.001399626868,853.0
23126.0014621237,864.0
23126.001524620533,905.0
23126.001587117364,970.0
23126.001649614194,931.0
23126.001712111025,880.0
23126.00177460786,877.0
23126.00183710469,902.0
23126.00189960152,891.0
23126.00196209835,839.0
23126.002024595182,820.0
23126.002087092016,799.0
23126.002149588847,719.0
23126.002212085677,689.0
23126.002274582508,638.0
23126.00233707934,547.0
23126.002399576173,514.0
23126.002462073004,474.0
23126.002524569834,459.0
23126.002587066665,467.0
23126.002649563496,465.0
23126.00271206033,481.0
23126.00277455716,448.0
23126.00283705399,413.0
23126.002899550822,379.0
23126.002962047656,332.0
23126.003024544487,278.0
23126.003087041317,252.0
23126.003149538148,251.0
23126.00321203498,199.0
23126.003274531813,149.0
23126.003337028644,155.0
23126.003399525474,153.0
23126.003462022305,45.0
23126.003524519136,-1.0
23126.00358701597,2.0
23126.0036495128,-118.0
23126.00371200963,-174.0
23126.003774506462,-209.0
23126.003837003293,-236.0
23126.003899500127,-246.0
23126.003961996958,-275.0
23126.004024493788,-323.0
23126.00408699062,-358.0
23126.004149487453,-383.0
23126.004211984284,-449.0
23126.004274481114,-478.0
23126.004336977945,-500.0
23126.004399474776,-521.0
23126.00446197161,-559.0
23126.00452446844,-539.0
23126.00458696527,-478.0
23126.004649462102,-537.0
23126.004711958933,-538.0
23126.004774455767,-502.0
23126.004836952598,-506.0
23126.00489944943,-468.0
23126.00496194626,-445.0
23126.00502444309,-483.0
23126.005086939924,-510.0
23126.005149436754,-529.0
23126.005211933585,-559.0
23126.005274430416,-584.0
23126.00533692725,-581.0
23126.00539942408,-552.0
23126.00546192091,-536.0
23126.005524417742,-494.0
23126.005586914573,-439.0
23126.005649411407,-422.0
23126.005711908238,-389.0
23126.00577440507,-360.0
23126.0058369019,-336.0
23126.00589939873,-289.0
23126.005961895564,-227.0
23126.006024392394,-190.0
23126.006086889225,-188.0
23126.006149386056,-148.0
23126.006211882886,-83.0
23126.00627437972,-86.0
23126.00633687655,-111.0
23126.006399373382,-103.0
23126.006461870213,-130.0
23126.006524367047,-98.0
23126.006586863878,-11.0
23126.00664936071,12.0
23126.00671185754,45.0
23126.00677435437,52.0
23126.006836851204,69.0
23126.006899348034,81.0
23126.006961844865,95.0
23126.007024341696,115.0
23126.007086838526,106.0
23126.00714933536,116.0
23126.00721183219,107.0
23126.007274329022,118.0
23126.007336825853,113.0
23126.007399322683,116.0
23126.007461819518,126.0
23126.00752431635,152.0
23126.00758681318,203.0
23126.00764931001,193.0
23126.007711806844,208.0
23126.007774303675,213.0
23126.007836800505,195.0
23126.007899297336,196.0
23126.007961794166,191.0
23126.008024291,184.0
23126.00808678783,167.0
23126.008149284662,161.0
23126.008211781493,150.0
23126.008274278323,131.0
23126.008336775158,129.0
23126.00839927199,135.0
23126.00846176882,115.0
23126.00852426565,117.0
23126.00858676248,148.0
23126.008649259315,125.0
23126.008711756145,115.0
23126.008774252976,119.0
23126.008836749807,92.0
23126.00889924664,45.0
23126.00896174347,25.0
23126.009024240302,22.0
23126.009086737133,-6.0
23126.009149233963,-34.0
23126.009211730798,-26.0
23126.00927422763,-45.0
23126.00933672446,-81.0
23126.00939922129,-97.0
23126.00946171812,-160.0
23126.009524214955,-170.0
23126.009586711785,-99.0
23126.009649208616,-111.0
23126.009711705447,-137.0
23126.009774202277,-135.0
23126.00983669911,-158.0
23126.009899195942,-191.0
23126.009961692773,-187.0
23126.010024189603,-170.0
23126.010086686438,-181.0
23126.01014918327,-145.0
23126.0102116801,-107.0
23126.01027417693,-128.0
23126.01033667376,-124.0
23126.010399170595,-128.0
23126.010461667425,-417.0
23126.010524164256,-561.0
23126.010586661087,-431.0
23126.010649157917,-381.0
23126.01071165475,-351.0
23126.010774151582,-362.0
23126.010836648413,-384.0
23126.010899145243,-406.0
23126.010961642074,-375.0
23126.01102413891,-325.0
23126.01108663574,-361.0
23126.01114913257,-364.0
23126.0112116294,-353.0
23126.011274126235,-338.0
23126.011336623065,-304.0
23126.011399119896,-296.0
23126.011461616727,-313.0
23126.011524113557,-345.0
23126.01158661039,-310.0
23126.011649107222,-289.0
23126.011711604053,-288.0
23126.011774100883,-282.0
23126.011836597714,-299.0
23126.01189909455,-268.0
23126.01196159138,-190.0
23126.01202408821,-171.0
23126.01208658504,-176.0
23126.01214908187,-176.0
23126.012211578705,-184.0
23126.012274075536,-132.0
23126.012336572367,-50.0
23126.012399069197,16.0
23126.01246156603,0.0
23126.012524062862,-5.0
23126.012586559693,20.0
23126.012649056524,-51.0
23126.012711553354,-69.0
23126.01277405019,-66.0
23126.01283654702,-102.0
23126.01289904385,-111.0
23126.01296154068,-82.0
23126.01302403751,-30.0
23126.013086534345,0.0
23126.013149031176,11.0
23126.013211528007,-1.0
23126.013274024837,-42.0
23126.013336521668,-63.0
23126.013399018502,-47.0
23126.013461515333,-32.0
23126.013524012164,35.0
23126.013586508994,111.0
23126.01364900583,61.0
23126.01371150266,40.0
23126.01377399949,64.0
23126.01383649632,49.0
23126.01389899315,76.0
23126.013961489985,112.0
23126.014023986816,106.0
23126.014086483647,109.0
23126.014148980477,120.0
23126.014211477308,115.0
23126.014273974142,98.0
23126.014336470973,88.0
23126.014398967804,109.0
23126.014461464634,86.0
23126.014523961465,95.0
23126.0145864583,149.0
23126.01464895513,78.0
23126.01471145196,12.0
23126.01477394879,4.0
23126.014836445625,-12.0
23126.014898942456,-10.0
23126.014961439287,29.0
23126.015023936117,66.0
23126.015086432948,83.0
23126.015148929782,121.0
23126.015211426613,139.0
23126.015273923444,115.0
23126.015336420274,92.0
23126.015398917105,89.0
23126.01546141394,54.0
23126.01552391077,52.0
23126.0155864076,71.0
23126.01564890443,27.0
23126.01571140126,42.0
23126.015773898096,41.0
23126.015836394927,28.0
23126.015898891757,28.0
23126.015961388588,32.0
23126.016023885422,72.0
23126.016086382253,74.0
23126.016148879084,75.0
23126.016211375914,75.0
23126.016273872745,25.0
23126.01633636958,-9.0
23126.01639886641,6.0
23126.01646136324,-28.0
23126.01652386007,-48.0
23126.016586356902,-31.0
23126.016648853736,-51.0
23126.016711350567,-57.0
23126.016773847397,-58.0
23126.016836344228,-36.0
23126.01689884106,-31.0
23126.016961337893,-27.0
23126.017023834724,-9.0
23126.017086331554,25.0
23126.017148828385,20.0
23126.01721132522,15.0
23126.01727382205,61.0
23126.01733631888,57.0
23126.01739881571,84.0
23126.017461312542,75.0
23126.017523809376,70.0
23126.017586306207,113.0
23126.017648803037,69.0
23126.017711299868,48.0
23126.0177737967,46.0
23126.017836293533,53.0
23126.017898790364,74.0
23126.017961287194,101.0
23126.018023784025,96.0
23126.018086280856,123.0
23126.01814877769,144.0
23126.01821127452,140.0
23126.01827377135,157.0
23126.018336268182,149.0
23126.018398765016,152.0
23126.018461261847,132.0
23126.018523758677,135.0
23126.018586255508,169.0
23126.01864875234,131.0
23126.018711249173,94.0
23126.018773746004,92.0
23126.018836242834,103.0
23126.018898739665,77.0
23126.018961236496,66.0
23126.01902373333,87.0
23126.01908623016,72.0
23126.01914872699,73.0
23126.019211223822,71.0
23126.019273720653,70.0
23126.019336217487,70.0
23126.019398714318,61.0
23126.019461211148,26.0
23126.01952370798,12.0
23126.019586204813,57.0
23126.019648701644,31.0
23126.019711198474,17.0
23126.019773695305,24.0
23126.019836192136,4.0
23126.01989868897,-5.0
23126.0199611858,2.0
23126.02002368263,-7.0
23126.020086179462,-14.0
23126.020148676293,-15.0
23126.020211173127,-18.0
23126.020273669958,17.0
23126.02033616679,-9.0
23126.02039866362,6.0
23126.02046116045,223.0
23126.020523657284,318.0
23126.020586154114,294.0
23126.020648650945,275.0
23126.020711147776,240.0
23126.02077364461,200.0
23126.02083614144,218.0
23126.02089863827,221.0
23126.020961135102,225.0
23126.021023631933,248.0
23126.021086128767,233.0
23126.021148625598,191.0
23126.02121112243,187.0
23126.02127361926,181.0
23126.02133611609,181.0
23126.021398612924,194.0
23126.021461109754,159.0
23126.021523606585,156.0
23126.021586103416,152.0
23126.021648600246,110.0
23126.02171109708,83.0
23126.02177359391,83.0
23126.021836090742,80.0
23126.021898587573,75.0
23126.021961084407,56.0
23126.022023581238,52.0
23126.02208607807,47.0
23126.0221485749,62.0
23126.02221107173,84.0
23126.022273568564,49.0
23126.022336065394,19.0
23126.022398562225,-19.0
23126.022461059056,-63.0
23126.022523555886,-22.0
23126.02258605272,64.0
23126.02264854955,85.0
23126.022711046382,121.0
23126.022773543213,143.0
23126.022836040043,126.0
23126.022898536878,160.0
23126.02296103371,169.0
23126.02302353054,163.0
23126.02308602737,161.0
23126.023148524204,152.0
23126.023211021035,144.0
23126.023273517865,88.0
23126.023336014696,102.0
23126.023398511526,137.0
23126.02346100836,85.0
23126.02352350519,103.0
23126.023586002022,141.0
23126.023648498853,64.0
23126.023710995683,33.0
23126.023773492518,27.0
23126.02383598935,-10.0
23126.02389848618,-44.0
23126.02396098301,-21.0
23126.02402347984,-22.0
23126.024085976675,-39.0
23126.024148473505,-32.0
23126.024210970336,-51.0
23126.024273467166,-58.0
23126.024335964,-84.0
23126.02439846083,-92.0
23126.024460957662,-113.0
23126.024523454493,-129.0
23126.024585951323,-72.0
23126.024648448158,-53.0
23126.02471094499,-71.0
23126.02477344182,-68.0
23126.02483593865,-39.0
23126.02489843548,-26.0
23126.024960932315,-36.0
23126.025023429145,-39.0
23126.025085925976,-65.0
23126.025148422807,-105.0
23126.025210919637,-79.0
23126.02527341647,-83.0
23126.025335913302,-129.0
23126.025398410133,-120.0
23126.025460906963,-127.0
23126.025523403798,-122.0
23126.02558590063,-88.0
23126.02564839746,-112.0
23126.02571089429,-132.0
23126.02577339112,-120.0
23126.025835887955,-129.0
23126.025898384785,-140.0
23126.025960881616,-128.0
23126.026023378447,-107.0
23126.026085875277,-94.0
23126.02614837211,-111.0
23126.026210868942,-118.0
23126.026273365773,-110.0
23126.026335862603,-90.0
23126.026398359434,-77.0
23126.02646085627,-130.0
23126.0265233531,-117.0
23126.02658584993,-79.0
23126.02664834676,-118.0
23126.026710843595,-86.0
23126.026773340425,-51.0
23126.026835837256,-58.0
23126.026898334087,-43.0
23126.026960830917,-68.0
23126.02702332775,-97.0
23126.027085824582,-79.0
23126.027148321413,-91.0
23126.027210818243,-107.0
23126.027273315074,-83.0
23126.02733581191,-77.0
23126.02739830874,-41.0
23126.02746080557,-48.0
23126.0275233024,-81.0
23126.02758579923,-50.0
23126.027648296065,-68.0
23126.027710792896,-65.0
23126.027773289727,-49.0
23126.027835786557,-55.0
23126.02789828339,-56.0
23126.027960780222,-47.0
23126.028023277053,-11.0
23126.028085773884,-4.0
23126.028148270714,-26.0
23126.02821076755,-27.0
23126.02827326438,-35.0
23126.02833576121,-47.0
23126.02839825804,-52.0
23126.02846075487,-50.0
23126.028523251705,-48.0
23126.028585748536,-32.0
23126.028648245367,-43.0
23126.028710742197,-40.0
23126.028773239028,-30.0
23126.028835735862,-46.0
23126.028898232693,-62.0
23126.028960729524,-61.0
23126.029023226354,-50.0
23126.02908572319,-52.0
23126.02914822002,-41.0
23126.02921071685,-44.0
23126.02927321368,-61.0
23126.02933571051,-47.0
23126.029398207345,-26.0
23126.029460704176,-40.0
23126.029523201007,-67.0
23126.029585697837,-41.0
23126.029648194668,-28.0
23126.029710691502,-44.0
23126.029773188333,-42.0
23126.029835685164,-33.0
23126.029898181994,-7.0
23126.029960678825,19.0
23126.03002317566,40.0
23126.03008567249,53.0
23126.03014816932,46.0
23126.03021066615,87.0
23126.030273162985,65.0
23126.030335659816,61.0
23126.030398156647,77.0
23126.030460653477,-199.0
23126.030523150308,-271.0
23126.030585647142,-143.0
23126.030648143973,-202.0
23126.030710640804,-195.0
23126.030773137634,-170.0
23126.030835634465,-156.0
23126.0308981313,-130.0
23126.03096062813,-149.0
23126.03102312496,-131.0
23126.03108562179,-150.0
23126.03114811862,-141.0
23126.031210615456,-132.0
23126.031273112287,-151.0
23126.031335609117,-157.0
23126.031398105948,-172.0
23126.031460602782,-151.0
23126.031523099613,-154.0
23126.031585596444,-133.0
23126.031648093274,-142.0
23126.031710590105,-97.0
23126.03177308694,-55.0
23126.03183558377,-91.0
23126.0318980806,-120.0
23126.03196057743,-121.0
23126.03202307426,-110.0
23126.032085571096,-70.0
23126.032148067927,-28.0
23126.032210564757,-47.0
23126.032273061588,-38.0
23126.03233555842,-24.0
23126.032398055253,15.0
23126.032460552084,29.0
23126.032523048914,26.0
23126.032585545745,21.0
23126.03264804258,-62.0
23126.03271053941,-125.0
23126.03277303624,-109.0
23126.03283553307,-67.0
23126.032898029902,-94.0
23126.032960526736,-122.0
23126.033023023567,-102.0
23126.033085520397,-72.0
23126.033148017228,-72.0
23126.03321051406,-58.0
23126.033273010893,-72.0
23126.033335507724,-98.0
23126.033398004554,-78.0
23126.033460501385,-46.0
23126.033522998216,-40.0
23126.03358549505,-25.0
23126.03364799188,-3.0
23126.03371048871,-5.0
23126.033772985542,22.0
23126.033835482376,83.0
23126.033897979207,58.0
23126.033960476037,36.0
23126.034022972868,76.0
23126.0340854697,107.0
23126.034147966533,133.0
23126.034210463364,148.0
23126.034272960194,147.0
23126.034335457025,114.0
23126.034397953856,85.0
23126.03446045069,99.0
23126.03452294752,135.0
23126.03458544435,177.0
23126.034647941182,170.0
23126.034710438013,136.0
23126.034772934847,108.0
23126.034835431677,134.0
23126.034897928508,168.0
23126.03496042534,199.0
23126.035022922173,228.0
23126.035085419004,199.0
23126.035147915834,187.0
23126.035210412665,201.0
23126.035272909496,229.0
23126.03533540633,245.0
23126.03539790316,260.0
23126.03546039999,244.0
23126.035522896822,234.0
23126.035585393653,277.0
23126.035647890487,231.0
23126.035710387318,189.0
23126.035772884148,210.0
23126.03583538098,216.0
23126.03589787781,229.0
23126.035960374644,242.0
23126.036022871474,231.0
23126.036085368305,217.0
23126.036147865136,206.0
23126.03621036197,185.0
23126.0362728588,198.0
23126.03633535563,227.0
23126.036397852462,222.0
23126.036460349293,210.0
23126.036522846127,236.0
23126.036585342958,255.0
23126.03664783979,210.0
23126.03671033662,178.0
23126.03677283345,170.0
23126.036835330284,146.0
23126.036897827114,112.0
23126.036960323945,104.0
23126.037022820776,103.0
23126.037085317606,78.0
23126.03714781444,72.0
23126.03721031127,97.0
23126.037272808102,86.0
23126.037335304933,73.0
23126.037397801767,109.0
23126.037460298598,93.0
23126.03752279543,72.0
23126.03758529226,105.0
23126.03764778909,65.0
23126.037710285924,48.0
23126.037772782754,66.0
23126.037835279585,43.0
23126.037897776416,41.0
23126.037960273246,89.0
23126.03802277008,102.0
23126.03808526691,91.0
23126.038147763742,97.0
23126.038210260573,69.0
23126.038272757403,51.0
23126.038335254238,80.0
23126.03839775107,98.0
23126.0384602479,26.0
23126.03852274473,43.0
23126.038585241564,117.0
23126.038647738395,62.0
23126.038710235225,60.0
23126.038772732056,92.0
23126.038835228886,75.0
23126.03889772572,65.0
23126.03896022255,47.0
23126.039022719382,39.0
23126.039085216213,66.0
23126.039147713043,53.0
23126.039210209878,41.0
23126.03927270671,28.0
23126.03933520354,-1.0
23126.03939770037,22.0
23126.0394601972,1.0
23126.039522694035,23.0
23126.039585190865,75.0
23126.039647687696,36.0
23126.039710184526,27.0
23126.03977268136,11.0
23126.03983517819,0.0
23126.039897675022,11.0
23126.039960171853,29.0
23126.040022668683,36.0
23126.040085165518,9.0
23126.04014766235,16.0
23126.04021015918,24.0
23126.04027265601,61.0
23126.04033515284,42.0
23126.040397649675,61.0
23126.040460146505,282.0
23126.040522643336,328.0
23126.040585140167,292.0
23126.040647636997,272.0
23126.04071013383,258.0
23126.040772630662,268.0
23126.040835127493,233.0
23126.040897624323,208.0
23126.040960121158,220.0
23126.04102261799,212.0
23126.04108511482,250.0
23126.04114761165,245.0
23126.04121010848,239.0
23126.041272605315,264.0
23126.041335102145,247.0
23126.041397598976,241.0
23126.041460095807,183.0
23126.041522592637,166.0
23126.04158508947,208.0
23126.041647586302,181.0
23126.041710083133,149.0
23126.041772579963,131.0
23126.041835076794,141.0
23126.04189757363,141.0
23126.04196007046,119.0
23126.04202256729,124.0
23126.04208506412,117.0
23126.042147560955,93.0
23126.042210057785,64.0
23126.042272554616,14.0
23126.042335051447,-37.0
23126.042397548277,-45.0
23126.04246004511,-60.0
23126.042522541942,-39.0
23126.042585038773,1.0
23126.042647535603,-5.0
23126.042710032434,13.0
23126.04277252927,20.0
23126.0428350261,39.0
23126.04289752293,35.0
23126.04296001976,41.0
23126.04302251659,75.0
23126.043085013425,52.0
23126.043147510256,44.0
23126.043210007087,44.0
23126.043272503917,40.0
23126.04333500075,15.0
23126.043397497582,47.0
23126.043459994413,54.0
23126.043522491243,17.0
23126.043584988074,30.0
23126.04364748491,-6.0
23126.04370998174,-51.0
23126.04377247857,-69.0
23126.0438349754,-43.0
23126.04389747223,-49.0
23126.043959969065,-89.0
23126.044022465896,-119.0
23126.044084962727,-151.0
23126.044147459557,-156.0
23126.044209956388,-141.0
23126.044272453222,-118.0
23126.044334950053,-134.0
23126.044397446884,-161.0
23126.044459943714,-174.0
23126.04452244055,-140.0
23126.04458493738,-90.0
23126.04464743421,-96.0
23126.04470993104,-72.0
23126.04477242787,-86.0
23126.044834924705,-124.0
23126.044897421536,-136.0
23126.044959918367,-138.0
23126.045022415197,-157.0
23126.045084912028,-138.0
23126.045147408862,-129.0
23126.045209905693,-135.0
23126.045272402524,-129.0
23126.045334899354,-155.0
23126.045397396185,-144.0
23126.04545989302,-144.0
23126.04552238985,-149.0
23126.04558488668,-121.0
23126.04564738351,-118.0
23126.045709880345,-105.0
23126.045772377176,-100.0
23126.045834874007,-85.0
23126.045897370837,-81.0
23126.045959867668,-85.0
23126.046022364502,-95.0
23126.046084861333,-115.0
23126.046147358164,-115.0
23126.046209854994,-107.0
23126.046272351825,-102.0
23126.04633484866,-104.0
23126.04639734549,-83.0
23126.04645984232,-110.0
23126.04652233915,-97.0
23126.04658483598,-61.0
23126.046647332816,-102.0
23126.046709829647,-100.0
23126.046772326477,-79.0
23126.046834823308,-108.0
23126.046897320142,-119.0
23126.046959816973,-100.0
23126.047022313804,-93.0
23126.047084810634,-98.0
23126.047147307465,-85.0
23126.0472098043,-61.0
23126.04727230113,-53.0
23126.04733479796,-72.0
23126.04739729479,-58.0
23126.04745979162,-70.0
23126.047522288456,-74.0
23126.047584785287,-12.0
23126.047647282117,-36.0
23126.047709778948,-45.0
23126.04777227578,-16.0
23126.047834772613,-33.0
23126.047897269444,-52.0
23126.047959766274,-22.0
23126.048022263105,-33.0
23126.04808475994,-61.0
23126.04814725677,-47.0
23126.0482097536,-45.0
23126.04827225043,-60.0
23126.048334747262,-54.0
23126.048397244096,-20.0
23126.048459740927,-22.0
23126.048522237757,-33.0
23126.048584734588,-21.0
23126.04864723142,-25.0
23126.048709728253,-1.0
23126.048772225084,32.0
23126.048834721914,32.0
23126.048897218745,-12.0
23126.048959715576,-13.0
23126.04902221241,11.0
23126.04908470924,9.0
23126.04914720607,23.0
23126.049209702902,30.0
23126.049272199736,33.0
23126.049334696567,51.0
23126.049397193397,51.0
23126.049459690228,17.0
23126.04952218706,33.0
23126.049584683893,82.0
23126.049647180724,51.0
23126.049709677554,46.0
23126.049772174385,57.0
23126.049834671216,43.0
23126.04989716805,61.0
23126.04995966488,47.0
23126.05002216171,24.0
23126.050084658542,36.0
23126.050147155373,36.0
23126.050209652207,55.0
23126.050272149037,46.0
23126.050334645868,49.0
23126.0503971427,23.0
23126.050459639533,-275.0
23126.050522136364,-329.0
23126.050584633194,-193.0
23126.050647130025,-219.0
23126.050709626856,-171.0
23126.05077212369,-166.0
23126.05083462052,-158.0
23126.05089711735,-142.0
23126.050959614182,-177.0
23126.051022111013,-151.0
23126.051084607847,-169.0
23126.051147104678,-136.0
23126.051209601508,-93.0
23126.05127209834,-106.0
23126.05133459517,-80.0
23126.051397092004,-84.0
23126.051459588834,-102.0
23126.051522085665,-76.0
23126.051584582496,-49.0
23126.05164707933,-103.0
23126.05170957616,-94.0
23126.05177207299,-67.0
23126.051834569822,-73.0
23126.051897066653,-77.0
23126.051959563487,-80.0
23126.052022060318,-91.0
23126.05208455715,-117.0
23126.05214705398,-144.0
23126.05220955081,-136.0
23126.052272047644,-52.0
23126.052334544474,-30.0
23126.052397041305,-13.0
23126.052459538136,-8.0
23126.052522034966,-19.0
23126.0525845318,-12.0
23126.05264702863,-112.0
23126.052709525462,-149.0
23126.052772022293,-154.0
23126.052834519127,-172.0
23126.052897015958,-151.0
23126.05295951279,-158.0
23126.05302200962,-157.0
23126.05308450645,-128.0
23126.053147003284,-119.0
23126.053209500114,-91.0
23126.053271996945,-73.0
23126.053334493776,-124.0
23126.053396990606,-129.0
23126.05345948744,-141.0
23126.05352198427,-126.0
23126.053584481102,-29.0
23126.053646977933,-5.0
23126.053709474763,13.0
23126.053771971598,8.0
23126.05383446843,8.0
23126.05389696526,69.0
23126.05395946209,148.0
23126.054021958924,142.0
23126.054084455754,82.0
23126.054146952585,46.0
23126.054209449416,40.0
23126.054271946246,51.0
23126.05433444308,71.0
23126.05439693991,32.0
23126.054459436742,-26.0
23126.054521933573,30.0
23126.054584430403,87.0
23126.054646927238,46.0
23126.05470942407,64.0
23126.0547719209,25.0
23126.05483441773,-17.0
23126.05489691456,8.0
23126.054959411395,35.0
23126.055021908225,55.0
23126.055084405056,38.0
23126.055146901886,23.0
23126.05520939872,53.0
23126.05527189555,102.0
23126.055334392382,98.0
23126.055396889213,102.0
23126.055459386043,31.0
23126.055521882878,56.0
23126.05558437971,131.0
23126.05564687654,44.0
23126.05570937337,53.0
23126.0557718702,63.0
23126.055834367035,75.0
23126.055896863865,102.0
23126.055959360696,135.0
23126.056021857527,183.0
23126.056084354357,125.0
23126.05614685119,137.0
23126.056209348022,139.0
23126.056271844853,112.0
23126.056334341683,192.0
23126.056396838518,152.0
23126.05645933535,130.0
23126.05652183218,175.0
23126.05658432901,208.0
23126.05664682584,182.0
23126.056709322675,123.0
23126.056771819505,98.0
23126.056834316336,112.0
23126.056896813167,111.0
23126.056959309997,89.0
23126.05702180683,78.0
23126.057084303662,103.0
23126.057146800493,118.0
23126.057209297323,13.0
23126.057271794154,3.0
23126.05733429099,-1.0
23126.05739678782,-46.0
23126.05745928465,-11.0
23126.05752178148,60.0
23126.057584278315,93.0
23126.057646775145,59.0
23126.057709271976,29.0
23126.057771768807,61.0
23126.057834265637,70.0
23126.05789676247,52.0
23126.057959259302,112.0
23126.058021756133,94.0
23126.058084252963,68.0
23126.058146749794,88.0
23126.05820924663,114.0
23126.05827174346,139.0
23126.05833424029,155.0
23126.05839673712,177.0
23126.05845923395,123.0
23126.058521730785,159.0
23126.058584227616,180.0
23126.058646724447,92.0
23126.058709221277,95.0
23126.05877171811,92.0
23126.058834214942,81.0
23126.058896711773,73.0
23126.058959208603,31.0
23126.059021705434,19.0
23126.05908420227,65.0
23126.0591466991,97.0
23126.05920919593,78.0
23126.05927169276,25.0
23126.05933418959,2.0
23126.059396686425,24.0
23126.059459183256,-15.0
23126.059521680087,59.0
23126.059584176917,91.0
23126.059646673748,-94.0
23126.059709170582,-1.0
23126.059771667413,42.0
23126.059834164244,-10.0
23126.059896661074,101.0
23126.05995915791,62.0
23126.06002165474,106.0
23126.06008415157,96.0
23126.0601466484,98.0
23126.06020914523,139.0
23126.060271642065,29.0
23126.060334138896,-84.0
23126.060396635727,49.0
23126.060459132557,390.0
23126.060521629388,490.0
23126.060584126222,459.0
23126.060646623053,376.0
23126.060709119884,357.0
23126.060771616714,383.0
23126.060834113545,276.0
23126.06089661038,210.0
23126.06095910721,156.0
23126.06102160404,131.0
23126.06108410087,271.0
23126.061146597705,278.0
23126.061209094536,268.0
23126.061271591367,224.0
23126.061334088197,118.0
23126.061396585028,210.0
23126.061459081862,244.0
23126.061521578693,206.0
23126.061584075524,201.0
23126.061646572354,196.0
23126.061709069185,166.0
23126.06177156602,211.0
23126.06183406285,257.0
23126.06189655968,195.0
23126.06195905651,200.0
23126.06202155334,153.0
23126.062084050176,58.0
23126.062146547007,90.0
23126.062209043837,71.0
23126.062271540668,-65.0
23126.062334037502,39.0
23126.062396534333,52.0
23126.062459031164,-94.0
23126.062521527994,-47.0
23126.062584024825,-90.0
23126.06264652166,19.0
23126.06270901849,39.0
23126.06277151532,-20.0
23126.06283401215,136.0
23126.06289650898,41.0
23126.062959005816,70.0
23126.063021502647,87.0
23126.063083999477,-60.0
23126.063146496308,95.0
23126.06320899314,27.0
23126.063271489973,-47.0
23126.063333986804,48.0
23126.063396483634,20.0
23126.063458980465,58.0
23126.0635214773,-43.0
23126.06358397413,-73.0
23126.06364647096,-90.0
23126.06370896779,-64.0
23126.063771464622,-9.0
23126.063833961456,-223.0
23126.063896458287,-214.0
23126.063958955117,-81.0
23126.064021451948,-47.0
23126.06408394878,-121.0
23126.064146445613,-100.0
23126.064208942444,-136.0
23126.064271439274,-174.0
23126.064333936105,-122.0
23126.064396432936,-193.0
23126.06445892977,-165.0
23126.0645214266,-76.0
23126.06458392343,-219.0
23126.064646420262,-313.0
23126.064708917096,-137.0
23126.064771413927,-136.0
23126.064833910757,-56.0
23126.064896407588,-13.0
23126.06495890442,-34.0
23126.065021401253,129.0
23126.065083898084,54.0
23126.065146394914,-89.0
23126.065208891745,-100.0
23126.065271388576,-171.0
23126.06533388541,-92.0
23126.06539638224,-161.0
23126.06545887907,-246.0
23126.065521375902,-160.0
23126.065583872733,-126.0
23126.065646369567,-218.0
23126.065708866397,-239.0
23126.065771363228,-12.0
23126.06583386006,-77.0
23126.065896356893,-242.0
23126.065958853724,-198.0
23126.066021350554,-167.0
23126.066083847385,-171.0
23126.066146344216,-153.0
23126.06620884105,87.0
23126.06627133788,106.0
23126.06633383471,-29.0
23126.066396331542,-16.0
23126.066458828373,46.0
23126.066521325207,103.0
23126.066583822038,94.0
23126.066646318868,82.0
23126.0667088157,10.0
23126.06677131253,-4.0
23126.066833809364,-37.0
23126.066896306194,-169.0
23126.066958803025,-92.0
23126.067021299856,108.0
23126.06708379669,5.0
23126.06714629352,52.0
23126.06720879035,87.0
23126.067271287182,-107.0
23126.067333784013,-28.0
23126.067396280847,-118.0
23126.067458777678,-76.0
23126.067521274508,-78.0
23126.06758377134,-90.0
23126.06764626817,-15.0
23126.067708765004,6.0
23126.067771261834,96.0
23126.067833758665,-65.0
23126.067896255496,-20.0
23126.067958752326,-34.0
23126.06802124916,-85.0
23126.06808374599,-63.0
23126.068146242822,-161.0
23126.068208739653,25.0
23126.068271236487,9.0
23126.068333733318,-25.0
23126.06839623015,-51.0
23126.06845872698,96.0
23126.06852122381,120.0
23126.068583720644,116.0
23126.068646217474,121.0
23126.068708714305,-110.0
23126.068771211136,66.0
23126.068833707966,-16.0
23126.0688962048,24.0
23126.06895870163,378.0
23126.069021198462,263.0
23126.069083695293,216.0
23126.069146192123,95.0
23126.069208688958,-1.0
23126.06927118579,142.0
23126.06933368262,9.0
23126.06939617945,-40.0
23126.069458676284,-130.0
23126.069521173114,44.0
23126.069583669945,183.0
23126.069646166776,34.0
23126.069708663606,15.0
23126.06977116044,134.0
23126.06983365727,26.0
23126.069896154102,-87.0
23126.069958650933,104.0
23126.070021147763,-47.0
23126.070083644598,-127.0
23126.07014614143,-71.0
23126.07020863826,-147.0
23126.07027113509,10.0
23126.07033363192,94.0
23126.070396128755,35.0
23126.070458625585,-243.0
23126.070521122416,-371.0
23126.070583619246,-242.0
23126.07064611608,-228.0
23126.07070861291,-155.0
23126.070771109742,-106.0
23126.070833606573,-192.0
23126.070896103403,-300.0
23126.070958600238,-232.0
23126.07102109707,-179.0
23126.0710835939,-391.0
23126.07114609073,-287.0
23126.07120858756,-164.0
23126.071271084395,-156.0
23126.071333581225,-196.0
23126.071396078056,-257.0
23126.071458574886,-85.0
23126.071521071717,-292.0
23126.07158356855,-235.0
23126.071646065382,-122.0
23126.071708562213,-268.0
23126.071771059043,-91.0
23126.071833555878,-189.0
23126.07189605271,-240.0
23126.07195854954,-37.0
23126.07202104637,-86.0
23126.0720835432,-200.0
23126.072146040035,-140.0
23126.072208536865,-248.0
23126.072271033696,-83.0
23126.072333530527,97.0
23126.072396027357,34.0
23126.07245852419,-48.0
23126.072521021022,-99.0
23126.072583517853,-102.0
23126.072646014683,-191.0
23126.072708511514,-53.0
23126.07277100835,-78.0
23126.07283350518,-238.0
23126.07289600201,-170.0
23126.07295849884,-179.0
23126.073020995675,13.0
23126.073083492505,-51.0
23126.073145989336,-359.0
23126.073208486167,-191.0
23126.073270982997,-170.0
23126.07333347983,-161.0
23126.073395976662,71.0
23126.073458473493,-226.0
23126.073520970323,-41.0
23126.073583467154,187.0
23126.07364596399,-135.0
23126.07370846082,-48.0
23126.07377095765,45.0
23126.07383345448,125.0
23126.07389595131,114.0
23126.073958448145,326.0
23126.074020944976,190.0
23126.074083441807,23.0
23126.074145938637,88.0
23126.07420843547,-322.0
23126.074270932302,-14.0
23126.074333429133,94.0
23126.074395925963,-144.0
23126.074458422794,306.0
23126.07452091963,147.0
23126.07458341646,135.0
23126.07464591329,258.0
23126.07470841012,233.0
23126.07477090695,102.0
23126.074833403785,-57.0
23126.074895900616,184.0
23126.074958397447,250.0
23126.075020894277,-47.0
23126.075083391108,62.0
23126.075145887942,330.0
23126.075208384773,78.0
23126.075270881604,19.0
23126.075333378434,213.0
23126.07539587527,166.0
23126.0754583721,-92.0
23126.07552086893,183.0
23126.07558336576,423.0
23126.07564586259,62.0
23126.075708359425,330.0
23126.075770856256,368.0
23126.075833353087,212.0
23126.075895849917,-179.0
23126.075958346748,-262.0
23126.076020843582,58.0
23126.076083340413,168.0
23126.076145837244,135.0
23126.076208334074,96.0
23126.076270830905,-28.0
23126.07633332774,31.0
23126.07639582457,448.0
23126.0764583214,442.0
23126.07652081823,92.0
23126.076583315065,-14.0
23126.076645811896,141.0
23126.076708308727,-282.0
23126.076770805557,-237.0
23126.076833302388,298.0
23126.076895799222,86.0
23126.076958296053,126.0
23126.077020792884,108.0
23126.077083289714,-88.0
23126.077145786545,143.0
23126.07720828338,-98.0
23126.07727078021,-56.0
23126.07733327704,-36.0
23126.07739577387,-218.0
23126.0774582707,-357.0
23126.077520767536,-108.0
23126.077583264367,205.0
23126.077645761197,-337.0
23126.077708258028,-233.0
23126.077770754862,-289.0
23126.077833251693,-534.0
23126.077895748524,-475.0
23126.077958245354,-456.0
23126.078020742185,-105.0
23126.07808323902,-167.0
23126.07814573585,-9.0
23126.07820823268,2.0
23126.07827072951,-41.0
23126.07833322634,11.0
23126.078395723176,115.0
23126.078458220007,-98.0
23126.078520716837,-193.0
23126.078583213668,352.0
23126.0786457105,377.0
23126.078708207333,181.0
23126.078770704164,408.0
23126.078833200994,456.0
23126.078895697825,143.0
23126.07895819466,397.0
23126.07902069149,503.0
23126.07908318832,-259.0
23126.07914568515,-460.0
23126.07920818198,-369.0
23126.079270678816,-315.0
23126.079333175647,-441.0
23126.079395672477,-525.0
23126.079458169308,-92.0
23126.07952066614,-413.0
23126.079583162973,-719.0
23126.079645659804,-629.0
23126.079708156634,-904.0
23126.079770653465,-991.0
23126.079833150296,-1077.0
23126.07989564713,-965.0
23126.07995814396,-291.0
23126.08002064079,-193.0
23126.080083137622,-130.0
23126.080145634456,499.0
23126.080208131287,461.0
23126.080270628117,585.0
23126.080333124948,667.0
23126.08039562178,524.0
23126.080458118613,491.0
23126.080520615444,455.0
23126.080583112274,675.0
23126.080645609105,662.0
23126.080708105936,503.0
23126.08077060277,697.0
23126.0808330996,747.0
23126.08089559643,555.0
23126.080958093262,516.0
23126.081020590093,262.0
23126.081083086927,736.0
23126.081145583757,620.0
23126.081208080588,153.0
23126.08127057742,288.0
23126.081333074253,324.0
23126.081395571084,229.0
23126.081458067914,267.0
23126.081520564745,79.0
23126.081583061576,311.0
23126.08164555841,597.0
23126.08170805524,303.0
23126.08177055207,331.0
23126.081833048902,297.0
23126.081895545733,243.0
23126.081958042567,295.0
23126.082020539397,258.0
23126.082083036228,231.0
23126.08214553306,214.0
23126.08220802989,425.0
23126.082270526724,463.0
23126.082333023554,387.0
23126.082395520385,481.0
23126.082458017216,205.0
23126.08252051405,149.0
23126.08258301088,279.0
23126.08264550771,423.0
23126.082708004542,246.0
23126.082770501373,411.0
23126.082832998207,220.0
23126.082895495038,-417.0
23126.082957991868,85.0
23126.0830204887,185.0
23126.08308298553,-95.0
23126.083145482364,-345.0
23126.083207979194,-78.0
23126.083270476025,193.0
23126.083332972856,-44.0
23126.083395469686,65.0
23126.08345796652,155.0
23126.08352046335,115.0
23126.083582960182,-15.0
23126.083645457013,170.0
23126.083707953847,-245.0
23126.083770450678,-391.0
23126.08383294751,28.0
23126.08389544434,-170.0
23126.08395794117,-91.0
23126.084020438004,-347.0
23126.084082934834,-218.0
23126.084145431665,190.0
23126.084207928496,-110.0
23126.084270425326,-189.0
23126.08433292216,-7.0
23126.08439541899,-388.0
23126.084457915822,-304.0
23126.084520412653,-438.0
23126.084582909483,-426.0
23126.084645406318,-32.0
23126.08470790315,-279.0
23126.08477039998,-127.0
23126.08483289681,-108.0
23126.084895393644,-310.0
23126.084957890474,-315.0
23126.085020387305,-190.0
23126.085082884136,-126.0
23126.085145380966,-319.0
23126.0852078778,-394.0
23126.08527037463,-245.0
23126.085332871462,-583.0
23126.085395368293,-667.0
23126.085457865123,-42.0
23126.085520361958,-264.0
23126.08558285879,-629.0
23126.08564535562,-299.0
23126.08570785245,41.0
23126.08577034928,-419.0
23126.085832846114,-503.0
23126.085895342945,-337.0
23126.085957839776,-495.0
23126.086020336606,-519.0
23126.08608283344,-515.0
23126.08614533027,-154.0
23126.086207827102,88.0
23126.086270323933,-535.0
23126.086332820763,-322.0
23126.086395317598,93.0
23126.08645781443,-383.0
23126.08652031126,-587.0
23126.08658280809,-96.0
23126.08664530492,-100.0
23126.086707801755,-408.0
23126.086770298585,-138.0
23126.086832795416,43.0
23126.086895292246,-224.0
23126.086957789077,-3.0
23126.08702028591,-208.0
23126.087082782742,-411.0
23126.087145279573,73.0
23126.087207776403,-271.0
23126.087270273238,3.0
23126.08733277007,-363.0
23126.0873952669,-471.0
23126.08745776373,220.0
23126.08752026056,-192.0
23126.087582757395,67.0
23126.087645254225,323.0
23126.087707751056,-244.0
23126.087770247887,109.0
23126.087832744717,-179.0
23126.08789524155,-225.0
23126.087957738382,108.0
23126.088020235213,-513.0
23126.088082732043,-262.0
23126.088145228874,-211.0
23126.08820772571,-416.0
23126.08827022254,-6.0
23126.08833271937,159.0
23126.0883952162,-101.0
23126.088457713035,138.0
23126.088520209865,234.0
23126.088582706696,74.0
23126.088645203527,-1.0
23126.088707700357,-269.0
23126.08877019719,-290.0
23126.088832694022,-381.0
23126.088895190853,-384.0
23126.088957687683,-313.0
23126.089020184514,-4.0
23126.08908268135,-193.0
23126.08914517818,-128.0
23126.08920767501,26.0
23126.08927017184,-90.0
23126.08933266867,99.0
23126.089395165505,-355.0
23126.089457662336,-304.0
23126.089520159167,-510.0
23126.089582655997,-252.0
23126.08964515283,-167.0
23126.089707649662,-135.0
23126.089770146493,427.0
23126.089832643323,-59.0
23126.089895140154,-59.0
23126.08995763699,325.0
23126.09002013382,55.0
23126.09008263065,-156.0
23126.09014512748,195.0
23126.09020762431,-104.0
23126.090270121145,-102.0
23126.090332617976,-22.0
23126.090395114807,-8.0
23126.090457611637,13.0
23126.090520108468,-356.0
23126.090582605302,-113.0
23126.090645102133,192.0
23126.090707598963,-538.0
23126.090770095794,-483.0
23126.09083259263,-297.0
23126.09089508946,-220.0
23126.09095758629,-166.0
23126.09102008312,-116.0
23126.09108257995,-139.0
23126.091145076785,-282.0
23126.091207573616,132.0
23126.091270070447,-32.0
23126.091332567277,-388.0
23126.091395064108,-66.0
23126.091457560942,-17.0
23126.091520057773,-412.0
23126.091582554604,-266.0
23126.091645051434,-130.0
23126.091707548265,-208.0
23126.0917700451,-21.0
23126.09183254193,17.0
23126.09189503876,37.0
23126.09195753559,257.0
23126.092020032425,146.0
23126.092082529256,-97.0
23126.092145026087,177.0
23126.092207522917,-47.0
23126.092270019748,-438.0
23126.092332516582,-238.0
23126.092395013413,63.0
23126.092457510244,262.0
23126.092520007074,131.0
23126.092582503905,176.0
23126.09264500074,232.0
23126.09270749757,-145.0
23126.0927699944,-70.0
23126.09283249123,-346.0
23126.09289498806,-626.0
23126.092957484896,-126.0
23126.093019981727,-31.0
23126.093082478557,-120.0
23126.093144975388,-228.0
23126.093207472222,-82.0
23126.093269969053,214.0
23126.093332465884,-65.0
23126.093394962714,161.0
23126.093457459545,371.0
23126.09351995638,-477.0
23126.09358245321,-46.0
23126.09364495004,164.0
23126.09370744687,-345.0
23126.0937699437,140.0
23126.093832440536,228.0
23126.093894937367,102.0
23126.093957434197,183.0
23126.094019931028,307.0
23126.09408242786,148.0
23126.094144924693,387.0
23126.094207421524,136.0
23126.094269918354,-637.0
23126.094332415185,39.0
23126.09439491202,101.0
23126.09445740885,4.0
23126.09451990568,-81.0
23126.09458240251,369.0
23126.09464489934,451.0
23126.094707396176,9.0
23126.094769893007,233.0
23126.094832389837,229.0
23126.094894886668,47.0
23126.0949573835,-111.0
23126.095019880333,138.0
23126.095082377164,652.0
23126.095144873994,-114.0
23126.095207370825,63.0
23126.095269867656,393.0
23126.09533236449,1.0
23126.09539486132,325.0
23126.09545735815,244.0
23126.095519854982,-185.0
23126.095582351816,202.0
23126.095644848647,-22.0
23126.095707345477,-144.0
23126.095769842308,420.0
23126.09583233914,198.0
23126.095894835973,66.0
23126.095957332804,111.0
23126.096019829634,433.0
23126.096082326465,130.0
23126.096144823296,324.0
23126.09620732013,505.0
23126.09626981696,-57.0
23126.09633231379,248.0
23126.096394810622,-20.0
23126.096457307453,-181.0
23126.096519804287,334.0
23126.096582301117,396.0
23126.096644797948,423.0
23126.09670729478,-35.0
23126.096769791613,337.0
23126.096832288444,133.0
23126.096894785274,-50.0
23126.096957282105,364.0
23126.097019778936,-100.0
23126.09708227577,-132.0
23126.0971447726,201.0
23126.09720726943,-19.0
23126.097269766262,-59.0
23126.097332263093,477.0
23126.097394759927,7.0
23126.097457256757,280.0
23126.097519753588,404.0
23126.09758225042,-42.0
23126.09764474725,317.0
23126.097707244084,60.0
23126.097769740914,-2.0
23126.097832237745,32.0
23126.097894734576,-58.0
23126.09795723141,78.0
23126.09801972824,18.0
23126.09808222507,354.0
23126.098144721902,406.0
23126.098207218733,259.0
23126.098269715567,510.0
23126.098332212398,289.0
23126.098394709228,-226.0
23126.09845720606,21.0
23126.09851970289,169.0
23126.098582199724,34.0
23126.098644696554,239.0
23126.098707193385,129.0
23126.098769690216,-34.0
23126.098832187046,289.0
23126.09889468388,193.0
23126.09895718071,9.0
23126.099019677542,17.0
23126.099082174373,-436.0
23126.099144671207,16.0
23126.099207168038,-121.0
23126.09926966487,-68.0
23126.0993321617,452.0
23126.09939465853,54.0
23126.099457155364,446.0
23126.099519652194,172.0
23126.099582149025,-230.0
23126.099644645856,362.0
23126.099707142686,184.0
23126.09976963952,-370.0
23126.09983213635,227.0
23126.099894633182,515.0
23126.099957130013,396.0
23126.100019626843,227.0
23126.100082123678,5.0
23126.10014462051,31.0
23126.10020711734,89.0
23126.10026961417,299.0
23126.100332111004,-306.0
23126.100394607834,-272.0
23126.100457104665,247.0
23126.100519601496,-126.0
23126.100582098326,436.0
23126.10064459516,372.0
23126.10070709199,6.0
23126.100769588822,669.0
23126.100832085653,108.0
23126.100894582483,197.0
23126.100957079318,645.0
23126.10101957615,362.0
23126.10108207298,-33.0
23126.10114456981,-239.0
23126.10120706664,471.0
23126.101269563474,637.0
23126.101332060305,180.0
23126.101394557136,435.0
23126.101457053966,272.0
23126.1015195508,128.0
23126.10158204763,171.0
23126.101644544462,289.0
23126.101707041293,810.0
23126.101769538123,-73.0
23126.101832034958,-82.0
23126.10189453179,226.0
23126.10195702862,245.0
23126.10201952545,398.0
23126.10208202228,-406.0
23126.102144519115,25.0
23126.102207015945,539.0
23126.102269512776,189.0
23126.102332009606,322.0
23126.102394506437,-197.0
23126.10245700327,-283.0
23126.102519500102,87.0
23126.102581996933,-336.0
23126.102644493763,-132.0
23126.102706990598,275.0
23126.10276948743,234.0
23126.10283198426,332.0
23126.10289448109,143.0
23126.10295697792,241.0
23126.103019474755,39.0
23126.103081971585,-597.0
23126.103144468416,61.0
23126.103206965246,-90.0
23126.103269462077,-286.0
23126.10333195891,270.0
23126.103394455742,273.0
23126.103456952573,227.0
23126.103519449403,-41.0
23126.103581946234,-289.0
23126.10364444307,196.0
23126.1037069399,-488.0
23126.10376943673,-404.0
23126.10383193356,-58.0
23126.103894430395,-374.0
23126.103956927225,136.0
23126.104019424056,-298.0
23126.104081920887,-33.0
23126.104144417717,478.0
23126.10420691455,-121.0
23126.104269411382,-521.0
23126.104331908213,-360.0
23126.104394405043,-57.0
23126.104456901874,-132.0
23126.10451939871,147.0
23126.10458189554,-41.0
23126.10464439237,143.0
23126.1047068892,-79.0
23126.10476938603,-595.0
23126.104831882865,221.0
23126.104894379696,98.0
23126.104956876527,29.0
23126.105019373357,-14.0
23126.10508187019,321.0
23126.105144367022,187.0
23126.105206863853,-55.0
23126.105269360683,264.0
23126.105331857514,-322.0
23126.10539435435,-231.0
23126.10545685118,9.0
23126.10551934801,-649.0
23126.10558184484,-771.0
23126.10564434167,-559.0
23126.105706838505,-847.0
23126.105769335336,-637.0
23126.105831832167,-451.0
23126.105894328997,-401.0
23126.105956825828,-6.0
23126.106019322662,49.0
23126.106081819493,-39.0
23126.106144316323,-50.0
23126.106206813154,-255.0
23126.10626930999,122.0
23126.10633180682,522.0
23126.10639430365,269.0
23126.10645680048,-405.0
23126.10651929731,-34.0
23126.106581794145,369.0
23126.106644290976,58.0
23126.106706787807,26.0
23126.106769284637,55.0
23126.106831781468,185.0
23126.106894278302,-209.0
23126.106956775133,-242.0
23126.107019271964,138.0
23126.107081768794,-279.0
23126.107144265625,39.0
23126.10720676246,164.0
23126.10726925929,-16.0
23126.10733175612,311.0
23126.10739425295,-2.0
23126.107456749785,147.0
23126.107519246616,91.0
23126.107581743447,386.0
23126.107644240277,-141.0
23126.107706737108,-320.0
23126.107769233942,476.0
23126.107831730773,49.0
23126.107894227604,271.0
23126.107956724434,-219.0
23126.108019221265,-148.0
23126.1080817181,266.0
23126.10814421493,27.0
23126.10820671176,656.0
23126.10826920859,272.0
23126.10833170542,444.0
23126.108394202256,-146.0
23126.108456699087,17.0
23126.108519195917,417.0
23126.108581692748,39.0
23126.108644189582,891.0
23126.108706686413,-310.0
23126.108769183244,-84.0
23126.108831680074,428.0
23126.108894176905,-49.0
23126.10895667374,82.0
23126.10901917057,53.0
23126.1090816674,-279.0
23126.10914416423,116.0
23126.10920666106,548.0
23126.109269157896,111.0
23126.109331654727,385.0
23126.109394151557,-69.0
23126.109456648388,-369.0
23126.10951914522,74.0
23126.109581642053,-37.0
23126.109644138884,-244.0
23126.109706635714,153.0
23126.109769132545,138.0
23126.10983162938,-379.0
23126.10989412621,-236.0
23126.10995662304,202.0
23126.11001911987,194.0
23126.1100816167,232.0
23126.110144113536,-519.0
23126.110206610367,-342.0
23126.110269107197,266.0
23126.110331604028,-410.0
23126.11039410086,-488.0
23126.110456597693,-27.0
23126.110519094524,-961.0
23126.110581591354,-1226.0
23126.110644088185,-344.0
23126.110706585016,-379.0
23126.11076908185,-577.0
23126.11083157868,-170.0
23126.11089407551,-611.0
23126.110956572342,-529.0
23126.111019069176,-106.0
23126.111081566007,-708.0
23126.111144062837,-149.0
23126.111206559668,-600.0
23126.1112690565,-619.0
23126.111331553333,-302.0
23126.111394050164,-524.0
23126.111456546994,-386.0
23126.111519043825,-951.0
23126.111581540656,-252.0
23126.11164403749,58.0
23126.11170653432,-558.0
23126.11176903115,278.0
23126.111831527982,-341.0
23126.111894024812,-110.0
23126.111956521647,-242.0
23126.112019018477,-753.0
23126.112081515308,-409.0
23126.11214401214,-172.0
23126.112206508973,77.0
23126.112269005804,-262.0
23126.112331502634,-260.0
23126.112393999465,99.0
23126.112456496296,212.0
23126.11251899313,-366.0
23126.11258148996,-51.0
23126.11264398679,-511.0
23126.112706483622,-406.0
23126.112768980453,-208.0
23126.112831477287,-596.0
23126.112893974117,-142.0
23126.112956470948,-117.0
23126.11301896778,114.0
23126.11308146461,-196.0
23126.113143961444,-224.0
23126.113206458274,154.0
23126.113268955105,-32.0
23126.113331451936,-301.0
23126.11339394877,-136.0
23126.1134564456,-135.0
23126.11351894243,-173.0
23126.113581439262,-195.0
23126.113643936093,-396.0
23126.113706432927,158.0
23126.113768929757,66.0
23126.113831426588,202.0
23126.11389392342,305.0
23126.11395642025,101.0
23126.114018917084,118.0
23126.114081413914,80.0
23126.114143910745,-181.0
23126.114206407576,254.0
23126.114268904406,438.0
23126.11433140124,-155.0
23126.11439389807,375.0
23126.114456394902,419.0
23126.114518891733,162.0
23126.114581388567,-13.0
23126.114643885398,49.0
23126.114706382228,-39.0
23126.11476887906,43.0
23126.11483137589,-116.0
23126.114893872724,-66.0
23126.114956369554,124.0
23126.115018866385,183.0
23126.115081363216,386.0
23126.115143860046,2.0
23126.11520635688,783.0
23126.11526885371,225.0
23126.115331350542,-187.0
23126.115393847373,668.0
23126.115456344203,169.0
23126.115518841038,-182.0
23126.11558133787,553.0
23126.1156438347,621.0
23126.11570633153,-124.0
23126.115768828364,200.0
23126.115831325194,177.0
23126.115893822025,-156.0
23126.115956318856,255.0
23126.116018815686,-560.0
23126.11608131252,220.0
23126.11614380935,856.0
23126.116206306182,384.0
23126.116268803013,433.0
23126.116331299843,-14.0
23126.116393796678,131.0
23126.11645629351,-557.0
23126.11651879034,-287.0
23126.11658128717,121.0
23126.116643784,59.0
23126.116706280834,-41.0
23126.116768777665,-25.0
23126.116831274496,319.0
23126.116893771326,341.0
23126.11695626816,304.0
23126.11701876499,-357.0
23126.117081261822,-210.0
23126.117143758653,218.0
23126.117206255483,-60.0
23126.117268752318,-56.0
23126.11733124915,640.0
23126.11739374598,387.0
23126.11745624281,-43.0
23126.11751873964,-54.0
23126.117581236475,-120.0
23126.117643733305,271.0
23126.117706230136,319.0
23126.117768726966,92.0
23126.117831223797,-445.0
23126.11789372063,-156.0
23126.117956217462,150.0
23126.118018714293,-163.0
23126.118081211123,21.0
23126.118143707958,307.0
23126.11820620479,-231.0
23126.11826870162,-334.0
23126.11833119845,-150.0
23126.11839369528,-450.0
23126.118456192115,-178.0
23126.118518688945,-216.0
23126.118581185776,-409.0
23126.118643682606,-399.0
23126.118706179437,273.0
23126.11876867627,-164.0
23126.118831173102,-114.0
23126.118893669933,-70.0
23126.118956166763,88.0
23126.119018663594,35.0
23126.11908116043,-429.0
23126.11914365726,530.0
23126.11920615409,-517.0
23126.11926865092,-254.0
23126.119331147755,518.0
23126.119393644585,-774.0
23126.119456141416,38.0
23126.119518638247,383.0
23126.119581135077,-200.0
23126.11964363191,387.0
23126.119706128742,309.0
23126.119768625573,-113.0
23126.119831122403,-383.0
23126.119893619234,-418.0
23126.11995611607,-16.0
23126.1200186129,-510.0
23126.12008110973,-248.0
23126.12014360656,449.0
23126.12020610339,25.0
23126.120268600225,248.0
23126.120331097056,-490.0
23126.120393593887,-281.0
23126.120456090717,698.0
23126.12051858755,151.0
23126.120581084382,599.0
23126.120643581213,246.0
23126.120706078043,-3.0
23126.120768574874,278.0
23126.12083107171,68.0
23126.12089356854,226.0
23126.12095606537,-6.0
23126.1210185622,440.0
23126.12108105903,484.0
23126.121143555865,282.0
23126.121206052696,265.0
23126.121268549527,160.0
23126.121331046357,-212.0
23126.121393543188,271.0
23126.121456040022,801.0
23126.121518536853,555.0
23126.121581033683,-133.0
23126.121643530514,-219.0
23126.12170602735,439.0
23126.12176852418,-227.0
23126.12183102101,-260.0
23126.12189351784,124.0
23126.12195601467,-218.0
23126.122018511505,198.0
23126.122081008336,171.0
23126.122143505167,530.0
23126.122206001997,-119.0
23126.122268498828,133.0
23126.122330995662,275.0
23126.122393492493,-57.0
23126.122455989323,283.0
23126.122518486154,-88.0
23126.122580982985,89.0
23126.12264347982,-8.0
23126.12270597665,544.0
23126.12276847348,728.0
23126.12283097031,180.0
23126.122893467145,1.0
23126.122955963976,143.0
23126.123018460807,287.0
23126.123080957637,184.0
23126.123143454468,-402.0
23126.123205951302,-215.0
23126.123268448133,457.0
23126.123330944964,89.0
23126.123393441794,342.0
23126.123455938625,431.0
23126.12351843546,-248.0
23126.12358093229,190.0
23126.12364342912,-347.0
23126.12370592595,-206.0
23126.12376842278,127.0
23126.123830919616,81.0
23126.123893416447,214.0
23126.123955913277,-353.0
23126.124018410108,-194.0
23126.124080906942,-261.0
23126.124143403773,-383.0
23126.124205900604,130.0
23126.124268397434,-114.0
23126.124330894265,-537.0
23126.1243933911,-77.0
23126.12445588793,-82.0
23126.12451838476,340.0
23126.12458088159,-186.0
23126.12464337842,-484.0
23126.124705875256,117.0
23126.124768372087,456.0
23126.124830868917,296.0
23126.124893365748,-479.0
23126.12495586258,-131.0
23126.125018359413,11.0
23126.125080856244,307.0
23126.125143353074,426.0
23126.125205849905,-278.0
23126.12526834674,-239.0
23126.12533084357,-48.0
23126.1253933404,-529.0
23126.12545583723,-292.0
23126.12551833406,280.0
23126.125580830896,99.0
23126.125643327727,-224.0
23126.125705824557,-114.0
23126.125768321388,-114.0
23126.12583081822,-298.0
23126.125893315053,-72.0
23126.125955811884,-485.0
23126.126018308714,15.0
23126.126080805545,-197.0
23126.126143302376,1.0
23126.12620579921,62.0
23126.12626829604,-213.0
23126.12633079287,310.0
23126.1263932897,-344.0
23126.126455786536,-228.0
23126.126518283367,74.0
23126.126580780197,-80.0
23126.126643277028,-122.0
23126.12670577386,353.0
23126.126768270693,98.0
23126.126830767524,137.0
23126.126893264354,171.0
23126.126955761185,-32.0
23126.127018258016,320.0
23126.12708075485,-21.0
23126.12714325168,207.0
23126.12720574851,-188.0
23126.127268245342,248.0
23126.127330742172,707.0
23126.127393239007,360.0
23126.127455735837,172.0
23126.127518232668,-681.0
23126.1275807295,19.0
23126.127643226333,135.0
23126.127705723164,-37.0
23126.127768219994,460.0
23126.127830716825,-22.0
23126.127893213656,109.0
23126.12795571049,-146.0
23126.12801820732,489.0
23126.12808070415,-33.0
23126.128143200982,-241.0
23126.128205697813,486.0
23126.128268194647,206.0
23126.128330691477,-9.0
23126.128393188308,-131.0
23126.12845568514,433.0
23126.12851818197,137.0
23126.128580678804,185.0
23126.128643175634,197.0
23126.128705672465,292.0
23126.128768169296,253.0
23126.12883066613,-591.0
23126.12889316296,293.0
23126.12895565979,197.0
23126.129018156622,-446.0
23126.129080653453,-23.0
23126.129143150287,-445.0
23126.129205647117,-136.0
23126.129268143948,-39.0
23126.12933064078,-150.0
23126.12939313761,293.0
23126.129455634444,25.0
23126.129518131274,133.0
23126.129580628105,-606.0
23126.129643124936,-7.0
23126.129705621766,242.0
23126.1297681186,-298.0
23126.12983061543,-307.0
23126.129893112262,207.0
23126.129955609093,323.0
23126.130018105927,104.0
23126.130080602758,-30.0
23126.130143099588,-559.0
23126.13020559642,-267.0
23126.13026809325,50.0
23126.130330590084,139.0
23126.130393086914,-289.0
23126.130455583745,-146.0
23126.130518080576,-365.0
23126.130580577406,-573.0
23126.13064307424,-96.0
23126.13070557107,-280.0
23126.130768067902,-384.0
23126.130830564733,-355.0
23126.130893061563,-774.0
23126.130955558398,-446.0
23126.13101805523,124.0
23126.13108055206,-207.0
23126.13114304889,109.0
23126.131205545724,2.0
23126.131268042554,-549.0
23126.131330539385,-207.0
23126.131393036216,149.0
23126.131455533046,690.0
23126.13151802988,-280.0
23126.13158052671,-170.0
23126.131643023542,267.0
23126.131705520373,-499.0
23126.131768017203,-256.0
23126.131830514038,246.0
23126.13189301087,271.0
23126.1319555077,-151.0
23126.13201800453,-264.0
23126.13208050136,82.0
23126.132142998194,223.0
23126.132205495025,114.0
23126.132267991856,-55.0
23126.132330488686,57.0
23126.13239298552,515.0
23126.13245548235,278.0
23126.132517979182,2.0
23126.132580476013,-18.0
23126.132642972843,114.0
23126.132705469678,344.0
23126.13276796651,375.0
23126.13283046334,-561.0
23126.13289296017,183.0
23126.132955457,392.0
23126.133017953834,-2.0
23126.133080450665,-136.0
23126.133142947496,-657.0
23126.133205444326,144.0
23126.133267941157,468.0
23126.13333043799,-67.0
23126.133392934822,-543.0
23126.133455431653,-97.0
23126.133517928483,191.0
23126.133580425318,-483.0
23126.13364292215,-258.0
23126.13370541898,456.0
23126.13376791581,119.0
23126.13383041264,12.0
23126.133892909475,436.0
23126.133955406305,115.0
23126.134017903136,-277.0
23126.134080399966,-34.0
23126.134142896797,53.0
23126.13420539363,140.0
23126.134267890462,494.0
23126.134330387293,512.0
23126.134392884123,341.0
23126.134455380954,-150.0
23126.13451787779,-225.0
23126.13458037462,319.0
23126.13464287145,619.0
23126.13470536828,162.0
23126.134767865115,-609.0
23126.134830361945,47.0
23126.134892858776,91.0
23126.134955355607,571.0
23126.135017852437,465.0
23126.13508034927,27.0
23126.135142846102,-178.0
23126.135205342933,106.0
23126.135267839763,52.0
23126.135330336594,-107.0
23126.13539283343,485.0
23126.13545533026,-78.0
23126.13551782709,-103.0
23126.13558032392,459.0
23126.13564282075,76.0
23126.135705317585,154.0
23126.135767814416,636.0
23126.135830311247,201.0
23126.135892808077,571.0
23126.13595530491,-51.0
23126.136017801742,-219.0
23126.136080298573,536.0
23126.136142795403,306.0
23126.136205292234,464.0
23126.13626778907,237.0
23126.1363302859,103.0
23126.13639278273,207.0
23126.13645527956,159.0
23126.13651777639,236.0
23126.136580273225,134.0
23126.136642770056,-218.0
23126.136705266887,-274.0
23126.136767763717,-725.0
23126.136830260548,121.0
23126.136892757382,657.0
23126.136955254213,256.0
23126.137017751043,317.0
23126.137080247874,133.0
23126.13714274471,81.0
23126.13720524154,80.0
23126.13726773837,-23.0
23126.1373302352,-41.0
23126.13739273203,-319.0
23126.137455228865,23.0
23126.137517725696,-143.0
23126.137580222527,245.0
23126.137642719357,864.0
23126.137705216188,103.0
23126.137767713022,365.0
23126.137830209853,174.0
23126.137892706683,-487.0
23126.137955203514,-24.0
23126.138017700345,-85.0
23126.13808019718,37.0
23126.13814269401,278.0
23126.13820519084,-19.0
23126.13826768767,-150.0
23126.138330184505,-271.0
23126.138392681336,-493.0
23126.138455178167,-425.0
23126.138517674997,-64.0
23126.138580171828,-173.0
23126.138642668662,-469.0
23126.138705165493,106.0
23126.138767662324,116.0
23126.138830159154,-208.0
23126.138892655985,-105.0
23126.13895515282,-142.0
23126.13901764965,167.0
23126.13908014648,-141.0
23126.13914264331,429.0
23126.13920514014,272.0
23126.139267636976,477.0
23126.139330133807,595.0
23126.139392630637,-59.0
23126.139455127468,427.0
23126.139517624302,-55.0
23126.139580121133,-322.0
23126.139642617964,179.0
23126.139705114794,-467.0
23126.139767611625,-97.0
23126.13983010846,-66.0
23126.13989260529,-726.0
23126.13995510212,-805.0
23126.14001759895,-38.0
23126.14008009578,-599.0
23126.140142592616,-1313.0
23126.140205089447,202.0
23126.140267586277,68.0
23126.140330083108,60.0
23126.14039257994,288.0
23126.140455076773,-54.0
23126.140517573604,151.0
23126.140580070434,461.0
23126.140642567265,-101.0
23126.1407050641,295.0
23126.14076756093,222.0
23126.14083005776,561.0
23126.14089255459,298.0
23126.14095505142,358.0
23126.141017548256,703.0
23126.141080045087,256.0
23126.141142541917,536.0
23126.141205038748,167.0
23126.14126753558,390.0
23126.141330032413,296.0
23126.141392529244,-26.0
23126.141455026074,396.0
23126.141517522905,684.0
23126.141580019736,443.0
23126.14164251657,-305.0
23126.1417050134,225.0
23126.14176751023,1192.0
23126.14183000706,277.0
23126.141892503896,114.0
23126.141955000727,61.0
23126.142017497557,390.0
23126.142079994388,211.0
23126.14214249122,-192.0
23126.142204988053,401.0
23126.142267484884,49.0
23126.142329981714,-30.0
23126.142392478545,-5.0
23126.142454975376,71.0
23126.14251747221,270.0
23126.14257996904,250.0
23126.14264246587,211.0
23126.142704962702,82.0
23126.142767459532,-22.0
23126.142829956367,-241.0
23126.142892453197,97.0
23126.142954950028,451.0
23126.14301744686,382.0
23126.143079943693,-190.0
23126.143142440524,-371.0
23126.143204937354,544.0
23126.143267434185,-128.0
23126.143329931016,384.0
23126.14339242785,294.0
23126.14345492468,-895.0
23126.14351742151,36.0
23126.143579918342,-397.0
23126.143642415173,-98.0
23126.143704912007,180.0
23126.143767408837,9.0
23126.143829905668,-459.0
23126.1438924025,-1119.0
23126.14395489933,154.0
23126.144017396164,-281.0
23126.144079892994,-469.0
23126.144142389825,352.0
23126.144204886656,-195.0
23126.14426738349,-423.0
23126.14432988032,-87.0
23126.14439237715,-95.0
23126.144454873982,-268.0
23126.144517370813,-228.0
23126.144579867647,-314.0
23126.144642364477,-119.0
23126.144704861308,286.0
23126.14476735814,-159.0
23126.14482985497,3.0
23126.144892351804,-12.0
23126.144954848634,-219.0
23126.145017345465,-528.0
23126.145079842296,-750.0
23126.145142339126,-361.0
23126.14520483596,-569.0
23126.14526733279,-325.0
23126.145329829622,-752.0
23126.145392326453,-534.0
23126.145454823287,90.0
23126.145517320118,-586.0
23126.145579816948,-476.0
23126.14564231378,-265.0
23126.14570481061,-596.0
23126.145767307444,-591.0
23126.145829804274,-430.0
23126.145892301105,-190.0
23126.145954797936,619.0
23126.146017294766,81.0
23126.1460797916,-61.0
23126.14614228843,-6.0
23126.146204785262,-329.0
23126.146267282093,41.0
23126.146329778923,-629.0
23126.146392275758,68.0
23126.14645477259,293.0
23126.14651726942,-893.0
23126.14657976625,139.0
23126.146642263084,-196.0
23126.146704759914,111.0
23126.146767256745,40.0
23126.146829753576,-507.0
23126.146892250406,-70.0
23126.14695474724,-81.0
23126.14701724407,195.0
23126.147079740902,-324.0
23126.147142237733,-430.0
23126.147204734563,339.0
23126.147267231398,-214.0
23126.14732972823,-469.0
23126.14739222506,406.0
23126.14745472189,-131.0
23126.14751721872,-21.0
23126.147579715554,391.0
23126.147642212385,-380.0
23126.147704709216,341.0
23126.147767206046,322.0
23126.14782970288,664.0
23126.14789219971,275.0
23126.147954696542,-403.0
23126.148017193373,265.0
23126.148079690203,94.0
23126.148142187038,-15.0
23126.14820468387,445.0
23126.1482671807,-6.0
23126.14832967753,-20.0
23126.14839217436,-106.0
23126.148454671194,6.0
23126.148517168025,-210.0
23126.148579664856,-291.0
23126.148642161686,0.0
23126.148704658517,68.0
23126.14876715535,505.0
23126.148829652182,-321.0
23126.148892149013,-235.0
23126.148954645843,444.0
23126.149017142678,-46.0
23126.14907963951,280.0
23126.14914213634,196.0
23126.14920463317,-288.0
23126.14926713,868.0
23126.149329626835,-177.0
23126.149392123665,-1034.0
23126.149454620496,663.0
23126.149517117326,-227.0
23126.149579614157,235.0
23126.14964211099,323.0
23126.149704607822,-239.0
23126.149767104653,-87.0
23126.149829601483,-684.0
23126.149892098314,-226.0
23126.14995459515,197.0
23126.15001709198,-152.0
23126.15007958881,79.0
23126.15014208564,350.0
23126.150204582475,701.0
23126.150267079305,19.0
23126.150329576136,43.0
23126.150392072966,258.0
23126.150454569797,-864.0
23126.15051706663,-159.0
23126.150579563462,-397.0
23126.150642060293,-396.0
23126.150704557123,-31.0
23126.150767053954,-878.0
23126.15082955079,-278.0
23126.15089204762,259.0
23126.15095454445,-797.0
23126.15101704128,-380.0
23126.15107953811,5.0
23126.151142034945,-821.0
23126.151204531776,-391.0
23126.151267028607,-264.0
23126.151329525437,-198.0
23126.15139202227,-535.0
23126.151454519102,179.0
23126.151517015933,17.0
23126.151579512763,-491.0
23126.151642009594,225.0
23126.15170450643,266.0
23126.15176700326,-885.0
23126.15182950009,-122.0
23126.15189199692,519.0
23126.15195449375,-789.0
23126.152016990585,-128.0
23126.152079487416,-41.0
23126.152141984247,-285.0
23126.152204481077,-587.0
23126.152266977908,228.0
23126.152329474742,640.0
23126.152391971573,-60.0
23126.152454468403,181.0
23126.152516965234,-273.0
23126.15257946207,-15.0
23126.1526419589,285.0
23126.15270445573,-75.0
23126.15276695256,953.0
23126.15282944939,279.0
23126.152891946225,-262.0
23126.152954443056,167.0
23126.153016939887,-140.0
23126.153079436717,666.0
23126.153141933548,-11.0
23126.153204430382,162.0
23126.153266927213,-69.0
23126.153329424043,-717.0
23126.153391920874,222.0
23126.153454417705,75.0
23126.15351691454,362.0
23126.15357941137,47.0
23126.1536419082,-654.0
23126.15370440503,215.0
23126.153766901865,-347.0
23126.153829398696,118.0
23126.153891895527,-270.0
23126.153954392357,-660.0
23126.154016889188,126.0
23126.154079386022,-39.0
23126.154141882853,-289.0
23126.154204379684,-327.0
23126.154266876514,668.0
23126.154329373345,462.0
23126.15439187018,369.0
23126.15445436701,311.0
23126.15451686384,80.0
23126.15457936067,-30.0
23126.1546418575,103.0
23126.154704354336,613.0
23126.154766851167,291.0
23126.154829347997,-219.0
23126.154891844828,367.0
23126.154954341662,577.0
23126.155016838493,365.0
23126.155079335324,574.0
23126.155141832154,6.0
23126.155204328985,54.0
23126.15526682582,179.0
23126.15532932265,108.0
23126.15539181948,226.0
23126.15545431631,215.0
23126.15551681314,792.0
23126.155579309976,635.0
23126.155641806807,-110.0
23126.155704303637,652.0
23126.155766800468,361.0
23126.1558292973,41.0
23126.155891794133,468.0
23126.155954290964,-241.0
23126.156016787794,348.0
23126.156079284625,91.0
23126.15614178146,-69.0
23126.15620427829,-20.0
23126.15626677512,-103.0
23126.15632927195,772.0
23126.15639176878,143.0
23126.156454265616,284.0
23126.156516762447,-40.0
23126.156579259277,-78.0
23126.156641756108,1.0
23126.15670425294,-401.0
23126.156766749773,-87.0
23126.156829246604,121.0
23126.156891743434,-69.0
23126.156954240265,-378.0
23126.157016737096,-97.0
23126.15707923393,150.0
23126.15714173076,223.0
23126.15720422759,-414.0
23126.15726672442,374.0
23126.157329221256,355.0
23126.157391718087,-233.0
23126.157454214917,736.0
23126.157516711748,413.0
23126.15757920858,-115.0
23126.157641705413,-208.0
23126.157704202244,533.0
23126.157766699074,-62.0
23126.157829195905,395.0
23126.157891692736,818.0
23126.15795418957,205.0
23126.1580166864,-146.0
23126.15807918323,590.0
23126.15814168006,137.0
23126.158204176892,93.0
23126.158266673727,648.0
23126.158329170557,-282.0
23126.158391667388,497.0
23126.15845416422,160.0
23126.158516661053,-598.0
23126.158579157884,460.0
23126.158641654714,482.0
23126.158704151545,-432.0
23126.158766648376,-430.0
23126.15882914521,-137.0
23126.15889164204,-504.0
23126.15895413887,-494.0
23126.159016635702,-575.0
23126.159079132532,-500.0
23126.159141629367,-421.0
23126.159204126197,-242.0
23126.159266623028,-294.0
23126.15932911986,-360.0
23126.15939161669,19.0
23126.159454113524,-534.0
23126.159516610354,-405.0
23126.159579107185,368.0
23126.159641604016,-182.0
23126.15970410085,-414.0
23126.15976659768,881.0
23126.15982909451,-304.0
23126.159891591342,15.0
23126.159954088173,676.0
23126.160016585007,-358.0
23126.160079081837,321.0
23126.160141578668,366.0
23126.1602040755,445.0
23126.16026657233,16.0
23126.160329069164,255.0
23126.160391565994,617.0
23126.160454062825,-341.0
23126.160516559656,604.0
23126.160579056486,673.0
23126.16064155332,91.0
23126.16070405015,33.0
23126.160766546982,-179.0
23126.160829043813,412.0
23126.160891540647,-248.0
23126.160954037477,0.0
23126.161016534308,263.0
23126.16107903114,-290.0
23126.16114152797,-207.0
23126.161204024804,-379.0
23126.161266521634,-128.0
23126.161329018465,190.0
23126.161391515296,-133.0
23126.161454012126,-621.0
23126.16151650896,-620.0
23126.16157900579,745.0
23126.161641502622,14.0
23126.161703999453,-253.0
23126.161766496283,1075.0
23126.161828993118,-430.0
23126.161891489948,-434.0
23126.16195398678,332.0
23126.16201648361,-393.0
23126.162078980444,579.0
23126.162141477274,-391.0
23126.162203974105,107.0
23126.162266470936,1010.0
23126.162328967766,-410.0
23126.1623914646,-41.0
23126.16245396143,292.0
23126.162516458262,225.0
23126.162578955093,400.0
23126.162641451923,-126.0
23126.162703948758,262.0
23126.16276644559,-335.0
23126.16282894242,-533.0
23126.16289143925,790.0
23126.16295393608,-197.0
23126.163016432914,-37.0
23126.163078929745,-26.0
23126.163141426576,864.0
23126.163203923406,612.0
23126.16326642024,-828.0
23126.16332891707,407.0
23126.163391413902,262.0
23126.163453910733,223.0
23126.163516407563,94.0
23126.163578904398,-79.0
23126.16364140123,335.0
23126.16370389806,383.0
23126.16376639489,101.0
23126.16382889172,-235.0
23126.163891388554,-2.0
23126.163953885385,20.0
23126.164016382216,85.0
23126.164078879046,74.0
23126.164141375877,-208.0
23126.16420387271,262.0
23126.164266369542,97.0
23126.164328866373,-74.0
23126.164391363203,-93.0
23126.164453860038,-15.0
23126.16451635687,-296.0
23126.1645788537,318.0
23126.16464135053,-367.0
23126.16470384736,-762.0
23126.164766344195,220.0
23126.164828841025,-457.0
23126.164891337856,-791.0
23126.164953834686,-842.0
23126.165016331517,-63.0
23126.16507882835,-633.0
23126.165141325182,-279.0
23126.165203822013,151.0
23126.165266318843,-1008.0
23126.165328815674,-478.0
23126.16539131251,-403.0
23126.16545380934,-709.0
23126.16551630617,-335.0
23126.165578803,-21.0
23126.165641299835,-276.0
23126.165703796665,-168.0
23126.165766293496,457.0
23126.165828790326,610.0
23126.165891287157,545.0
23126.16595378399,-77.0
23126.166016280822,-586.0
23126.166078777653,110.0
23126.166141274483,469.0
23126.166203771314,-140.0
23126.16626626815,378.0
23126.16632876498,219.0
23126.16639126181,-240.0
23126.16645375864,661.0
23126.16651625547,325.0
23126.166578752305,-182.0
23126.166641249136,-240.0
23126.166703745967,-259.0
23126.166766242797,823.0
23126.16682873963,-819.0
23126.166891236462,-824.0
23126.166953733293,398.0
23126.167016230123,-616.0
23126.167078726954,-44.0
23126.16714122379,587.0
23126.16720372062,87.0
23126.16726621745,-484.0
23126.16732871428,-648.0
23126.16739121111,-301.0
23126.167453707945,-174.0
23126.167516204776,-390.0
23126.167578701607,-591.0
23126.167641198437,-404.0
23126.167703695268,-468.0
23126.167766192102,-428.0
23126.167828688933,-142.0
23126.167891185763,164.0
23126.167953682594,267.0
23126.16801617943,8.0
23126.16807867626,-185.0
23126.16814117309,-376.0
23126.16820366992,10.0
23126.16826616675,807.0
23126.168328663585,686.0
23126.168391160416,452.0
23126.168453657247,584.0
23126.168516154077,-23.0
23126.168578650908,-342.0
23126.168641147742,960.0
23126.168703644573,124.0
23126.168766141403,-501.0
23126.168828638234,504.0
23126.168891135065,-528.0
23126.1689536319,-492.0
23126.16901612873,-401.0
23126.16907862556,-528.0
23126.16914112239,-302.0
23126.169203619225,-1457.0
23126.169266116056,-1289.0
23126.169328612887,-850.0
23126.169391109717,-285.0
23126.169453606548,45.0
23126.169516103382,-619.0
23126.169578600213,41.0
23126.169641097043,-956.0
23126.169703593874,-455.0
23126.169766090705,576.0
23126.16982858754,127.0
23126.16989108437,201.0
23126.1699535812,-311.0
23126.17001607803,82.0
23126.17007857486,241.0
23126.170141071696,445.0
23126.170203568527,451.0
23126.170266065357,-533.0
23126.170328562188,339.0
23126.170391059022,534.0
23126.170453555853,-870.0
23126.170516052684,-274.0
23126.170578549514,59.0
23126.170641046345,-802.0
23126.17070354318,29.0
23126.17076604001,-29.0
23126.17082853684,-122.0
23126.17089103367,238.0
23126.1709535305,-182.0
23126.171016027336,-327.0
23126.171078524167,-530.0
23126.171141020997,205.0
23126.171203517828,269.0
23126.17126601466,594.0
23126.171328511493,132.0
23126.171391008324,51.0
23126.171453505154,182.0
23126.171516001985,-284.0
23126.17157849882,-64.0
23126.17164099565,362.0
23126.17170349248,72.0
23126.17176598931,91.0
23126.17182848614,310.0
23126.171890982976,-217.0
23126.171953479807,-387.0
23126.172015976637,-20.0
23126.172078473468,-149.0
23126.1721409703,21.0
23126.172203467133,-931.0
23126.172265963964,-1252.0
23126.172328460794,109.0
23126.172390957625,-611.0
23126.172453454456,485.0
23126.17251595129,147.0
23126.17257844812,-498.0
23126.17264094495,672.0
23126.17270344178,-469.0
23126.172765938616,-25.0
23126.172828435447,33.0
23126.172890932277,-126.0
23126.172953429108,118.0
23126.17301592594,-263.0
23126.173078422773,338.0
23126.173140919604,466.0
23126.173203416434,-407.0
23126.173265913265,-242.0
23126.173328410096,-838.0
23126.17339090693,-872.0
23126.17345340376,-378.0
23126.17351590059,-1246.0
23126.17357839742,-389.0
23126.173640894252,12.0
23126.173703391087,-282.0
23126.173765887917,-718.0
23126.173828384748,-746.0
23126.17389088158,-32.0
23126.173953378413,-251.0
23126.174015875244,996.0
23126.174078372074,636.0
23126.174140868905,-275.0
23126.174203365736,617.0
23126.17426586257,609.0
23126.1743283594,83.0
23126.17439085623,579.0
23126.174453353062,1225.0
23126.174515849892,472.0
23126.174578346727,-10.0
23126.174640843557,-449.0
23126.174703340388,189.0
23126.17476583722,534.0
23126.17482833405,-492.0
23126.174890830884,308.0
23126.174953327714,279.0
23126.175015824545,81.0
23126.175078321376,-161.0
23126.17514081821,156.0
23126.17520331504,245.0
23126.17526581187,-762.0
23126.175328308702,849.0
23126.175390805533,102.0
23126.175453302367,-785.0
23126.175515799197,723.0
23126.175578296028,396.0
23126.17564079286,336.0
23126.17570328969,1186.0
23126.175765786524,408.0
23126.175828283354,172.0
23126.175890780185,670.0
23126.175953277016,637.0
23126.176015773846,568.0
23126.17607827068,463.0
23126.17614076751,126.0
23126.176203264342,255.0
23126.176265761173,-615.0
23126.176328258007,-389.0
23126.176390754837,586.0
23126.176453251668,-170.0
23126.1765157485,-196.0
23126.17657824533,-105.0
23126.176640742164,-52.0
23126.176703238994,174.0
23126.176765735825,114.0
23126.176828232656,-803.0
23126.176890729486,-239.0
23126.17695322632,590.0
23126.17701572315,-310.0
23126.177078219982,268.0
23126.177140716813,792.0
23126.177203213643,719.0
23126.177265710478,-792.0
23126.177328207308,-477.0
23126.17739070414,365.0
23126.17745320097,303.0
23126.177515697804,1141.0
23126.177578194634,-659.0
23126.177640691465,588.0
23126.177703188296,167.0
23126.177765685126,-531.0
23126.17782818196,584.0
23126.17789067879,-427.0
23126.177953175622,-286.0
23126.178015672453,143.0
23126.178078169283,-720.0
23126.178140666118,569.0
23126.17820316295,-74.0
23126.17826565978,-1099.0
23126.17832815661,-66.0
23126.17839065344,-503.0
23126.178453150274,342.0
23126.178515647105,603.0
23126.178578143936,765.0
23126.178640640766,4.0
23126.1787031376,-111.0
23126.17876563443,-290.0
23126.178828131262,-231.0
23126.178890628093,1016.0
23126.178953124923,495.0
23126.179015621758,538.0
23126.17907811859,923.0
23126.17914061542,414.0
23126.17920311225,147.0
23126.17926560908,210.0
23126.179328105914,-112.0
23126.179390602745,182.0
23126.179453099576,-460.0
23126.179515596406,-60.0
23126.179578093237,77.0
23126.17964059007,72.0
23126.179703086902,-63.0
23126.179765583733,-862.0
23126.179828080563,-69.0
23126.179890577398,227.0
23126.17995307423,-415.0
23126.18001557106,-281.0
23126.18007806789,317.0
23126.18014056472,157.0
23126.180203061554,-37.0
23126.180265558385,53.0
23126.180328055216,-284.0
23126.180390552046,250.0
23126.180453048877,603.0
23126.18051554571,272.0
23126.180578042542,696.0
23126.180640539373,650.0
23126.180703036203,80.0
23126.180765533034,550.0
23126.18082802987,522.0
23126.1808905267,141.0
23126.18095302353,653.0
23126.18101552036,1034.0
23126.181078017195,81.0
23126.181140514025,-147.0
23126.181203010856,329.0
23126.181265507686,354.0
23126.181328004517,371.0
23126.18139050135,497.0
23126.181452998182,322.0
23126.181515495013,2.0
23126.181577991843,131.0
23126.181640488674,140.0
23126.18170298551,-209.0
23126.18176548234,-136.0
23126.18182797917,122.0
23126.181890476,500.0
23126.18195297283,58.0
23126.182015469665,153.0
23126.182077966496,197.0
23126.182140463327,366.0
23126.182202960157,474.0
23126.18226545699,-611.0
23126.182327953822,-454.0
23126.182390450653,-332.0
23126.182452947483,-191.0
23126.182515444314,42.0
23126.18257794115,212.0
23126.18264043798,-78.0
23126.18270293481,12.0
23126.18276543164,326.0
23126.18282792847,-197.0
23126.182890425305,294.0
23126.182952922136,425.0
23126.183015418967,57.0
23126.183077915797,677.0
23126.183140412628,632.0
23126.183202909462,642.0
23126.183265406293,119.0
23126.183327903123,625.0
23126.183390399954,494.0
23126.18345289679,230.0
23126.18351539362,-569.0
23126.18357789045,-128.0
23126.18364038728,523.0
23126.18370288411,20.0
23126.183765380945,-42.0
23126.183827877776,-988.0
23126.183890374607,-762.0
23126.183952871437,227.0
23126.184015368268,-21.0
23126.184077865102,-419.0
23126.184140361933,-377.0
23126.184202858763,-225.0
23126.184265355594,190.0
23126.184327852425,-1129.0
23126.18439034926,-139.0
23126.18445284609,-233.0
23126.18451534292,-439.0
23126.18457783975,216.0
23126.184640336585,-178.0
23126.184702833416,892.0
23126.184765330247,-52.0
23126.184827827077,-160.0
23126.184890323908,649.0
23126.184952820742,-47.0
23126.185015317573,168.0
23126.185077814403,36.0
23126.185140311234,104.0
23126.185202808065,-37.0
23126.1852653049,-648.0
23126.18532780173,-230.0
23126.18539029856,544.0
23126.18545279539,-221.0
23126.18551529222,686.0
23126.185577789056,659.0
23126.185640285887,-893.0
23126.185702782717,47.0
23126.185765279548,43.0
23126.185827776382,-522.0
23126.185890273213,-783.0
23126.185952770044,-69.0
23126.186015266874,381.0
23126.186077763705,-316.0
23126.18614026054,97.0
23126.18620275737,-627.0
23126.1862652542,-1060.0
23126.18632775103,493.0
23126.18639024786,-836.0
23126.186452744696,-39.0
23126.186515241527,306.0
23126.186577738357,-219.0
23126.186640235188,1193.0
23126.18670273202,-642.0
23126.186765228853,232.0
23126.186827725684,536.0
23126.186890222514,242.0
23126.186952719345,-143.0
23126.18701521618,119.0
23126.18707771301,880.0
23126.18714020984,-38.0
23126.18720270667,-378.0
23126.1872652035,-739.0
23126.187327700336,-1073.0
23126.187390197167,429.0
23126.187452693997,4.0
23126.187515190828,-1413.0
23126.18757768766,589.0
23126.187640184493,-379.0
23126.187702681324,-254.0
23126.187765178154,-37.0
23126.187827674985,-520.0
23126.187890171816,363.0
23126.18795266865,-868.0
23126.18801516548,-1034.0
23126.18807766231,-1168.0
23126.18814015914,151.0
23126.188202655976,760.0
23126.188265152807,-770.0
23126.188327649637,615.0
23126.188390146468,-50.0
23126.1884526433,-460.0
23126.188515140133,514.0
23126.188577636964,139.0
23126.188640133794,471.0
23126.188702630625,-566.0
23126.188765127456,271.0
23126.18882762429,747.0
23126.18889012112,-639.0
23126.18895261795,205.0
23126.18901511478,848.0
23126.189077611612,541.0
23126.189140108447,1012.0
23126.189202605277,-361.0
23126.189265102108,-580.0
23126.18932759894,-667.0
23126.189390095773,-185.0
23126.189452592604,425.0
23126.189515089434,-73.0
23126.189577586265,100.0
23126.189640083096,256.0
23126.18970257993,-516.0
23126.18976507676,-177.0
23126.18982757359,334.0
23126.189890070422,-806.0
23126.189952567252,149.0
23126.190015064087,362.0
23126.190077560917,-202.0
23126.190140057748,213.0
23126.19020255458,471.0
23126.19026505141,78.0
23126.190327548244,-105.0
23126.190390045074,-830.0
23126.190452541905,-1188.0
23126.190515038736,-797.0
23126.19057753557,-137.0
23126.1906400324,337.0
23126.19070252923,-1030.0
23126.190765026062,-204.0
23126.190827522893,45.0
23126.190890019727,-114.0
23126.190952516557,-60.0
23126.191015013388,-263.0
23126.19107751022,-614.0
23126.19114000705,-754.0
23126.191202503884,-253.0
23126.191265000714,317.0
23126.191327497545,1019.0
23126.191389994376,75.0
23126.191452491206,-59.0
23126.19151498804,420.0
23126.19157748487,753.0
23126.191639981702,-282.0
23126.191702478533,-339.0
23126.191764975367,222.0
23126.191827472197,-500.0
23126.191889969028,-631.0
23126.19195246586,-625.0
23126.19201496269,-226.0
23126.192077459524,-355.0
23126.192139956354,134.0
23126.192202453185,-196.0
23126.192264950016,-1031.0
23126.192327446846,185.0
23126.19238994368,-547.0
23126.19245244051,-496.0
23126.192514937342,378.0
23126.192577434173,-253.0
23126.192639931003,123.0
23126.192702427838,247.0
23126.192764924668,-271.0
23126.1928274215,131.0
23126.19288991833,126.0
23126.192952415164,106.0
23126.193014911994,-144.0
23126.193077408825,969.0
23126.193139905656,586.0
23126.193202402486,-433.0
23126.19326489932,-264.0
23126.19332739615,-49.0
23126.193389892982,741.0
23126.193452389813,477.0
23126.193514886643,-546.0
23126.193577383478,142.0
23126.19363988031,200.0
23126.19370237714,-1063.0
23126.19376487397,675.0
23126.1938273708,464.0
23126.193889867634,88.0
23126.193952364465,425.0
23126.194014861296,-884.0
23126.194077358126,158.0
23126.19413985496,-100.0
23126.19420235179,-219.0
23126.194264848622,283.0
23126.194327345453,239.0
23126.194389842283,225.0
23126.194452339118,50.0
23126.19451483595,219.0
23126.19457733278,622.0
23126.19463982961,207.0
23126.19470232644,-218.0
23126.194764823274,-34.0
23126.194827320105,100.0
23126.194889816936,242.0
23126.194952313766,107.0
23126.195014810597,340.0
23126.19507730743,132.0
23126.195139804262,1040.0
23126.195202301093,294.0
23126.195264797923,409.0
23126.195327294758,-69.0
23126.19538979159,-811.0
23126.19545228842,-570.0
23126.19551478525,-791.0
23126.19557728208,711.0
23126.195639778914,385.0
23126.195702275745,-507.0
23126.195764772576,64.0
23126.195827269406,-469.0
23126.195889766237,153.0
23126.19595226307,-289.0
23126.196014759902,-169.0
23126.196077256733,551.0
23126.196139753563,539.0
23126.196202250394,-153.0
23126.19626474723,-296.0
23126.19632724406,1512.0
23126.19638974089,164.0
23126.19645223772,-198.0
23126.196514734555,1311.0
23126.196577231385,193.0
23126.196639728216,565.0
23126.196702225046,-47.0
23126.196764721877,-787.0
23126.19682721871,365.0
23126.196889715542,803.0
23126.196952212373,-392.0
23126.197014709203,386.0
23126.197077206034,488.0
23126.19713970287,-494.0
23126.1972021997,-383.0
23126.19726469653,-885.0
23126.19732719336,-500.0
23126.19738969019,609.0
23126.197452187025,-26.0
23126.197514683856,-553.0
23126.197577180686,796.0
23126.197639677517,-491.0
23126.19770217435,-487.0
23126.197764671182,520.0
23126.197827168013,-467.0
23126.197889664843,-272.0
23126.197952161674,16.0
23126.19801465851,-246.0
23126.19807715534,-422.0
23126.19813965217,-350.0
23126.198202149,482.0
23126.19826464583,-33.0
23126.198327142665,-294.0
23126.198389639496,8.0
23126.198452136327,-510.0
23126.198514633157,454.0
23126.198577129988,853.0
23126.198639626822,-390.0
23126.198702123653,624.0
23126.198764620483,-214.0
23126.198827117314,-863.0
23126.19888961415,944.0
23126.19895211098,696.0
23126.19901460781,270.0
23126.19907710464,250.0
23126.19913960147,-792.0
23126.199202098305,242.0
23126.199264595136,544.0
23126.199327091967,117.0
23126.199389588797,864.0
23126.199452085628,-88.0
23126.199514582462,-308.0
23126.199577079293,-798.0
23126.199639576123,716.0
23126.199702072954,67.0
23126.199764569785,-162.0
23126.19982706662,370.0
23126.19988956345,-773.0
23126.19995206028,474.0
23126.20001455711,495.0
23126.200077053945,-558.0
23126.200139550776,-74.0
23126.200202047607,-431.0
23126.200264544437,-429.0
23126.200327041268,-451.0
23126.200389538102,-907.0
23126.200452034933,265.0
23126.200514531763,418.0
23126.200577028594,89.0
23126.200639525425,140.0
23126.20070202226,-321.0
23126.20076451909,191.0
23126.20082701592,452.0
23126.20088951275,579.0
23126.20095200958,414.0
23126.201014506416,58.0
23126.201077003247,1043.0
23126.201139500077,886.0
23126.201201996908,231.0
23126.201264493742,756.0
23126.201326990573,843.0
23126.201389487404,1027.0
23126.201451984234,890.0
23126.201514481065,455.0
23126.2015769779,522.0
23126.20163947473,-799.0
23126.20170197156,540.0
23126.20176446839,1275.0
23126.20182696522,-520.0
23126.201889462056,-172.0
23126.201951958887,-657.0
23126.202014455717,-505.0
23126.202076952548,178.0
23126.20213944938,-477.0
23126.202201946213,-569.0
23126.202264443044,-579.0
23126.202326939874,-593.0
23126.202389436705,-437.0
23126.20245193354,-431.0
23126.20251443037,-730.0
23126.2025769272,-410.0
23126.20263942403,234.0
23126.20270192086,-85.0
23126.202764417696,-314.0
23126.202826914527,155.0
23126.202889411357,-32.0
23126.202951908188,438.0
23126.20301440502,503.0
23126.203076901853,-89.0
23126.203139398684,67.0
23126.203201895514,176.0
23126.203264392345,1075.0
23126.203326889176,1347.0
23126.20338938601,218.0
23126.20345188284,197.0
23126.20351437967,402.0
23126.2035768765,468.0
23126.203639373336,154.0
23126.203701870167,762.0
23126.203764366997,450.0
23126.203826863828,-245.0
23126.20388936066,378.0
23126.203951857493,107.0
23126.204014354324,-171.0
23126.204076851154,1442.0
23126.204139347985,-40.0
23126.204201844816,-1705.0
23126.20426434165,-379.0
23126.20432683848,-359.0
23126.20438933531,-890.0
23126.20445183214,-430.0
23126.204514328972,210.0
23126.204576825807,71.0
23126.204639322637,-211.0
23126.204701819468,-984.0
23126.2047643163,-392.0
23126.204826813133,370.0
23126.204889309964,51.0
23126.204951806794,-418.0
23126.205014303625,267.0
23126.205076800456,531.0
23126.20513929729,-345.0
23126.20520179412,-98.0
23126.20526429095,-36.0
23126.20532678778,210.0
23126.205389284612,386.0
23126.205451781447,5.0
23126.205514278277,335.0
23126.205576775108,-348.0
23126.20563927194,-26.0
23126.20570176877,-708.0
23126.205764265604,-146.0
23126.205826762434,291.0
23126.205889259265,-848.0
23126.205951756096,-227.0
23126.20601425293,201.0
23126.20607674976,-376.0
23126.20613924659,-437.0
23126.206201743422,26.0
23126.206264240252,-45.0
23126.206326737087,-200.0
23126.206389233917,-484.0
23126.206451730748,-603.0
23126.20651422758,-249.0
23126.20657672441,-49.0
23126.206639221244,-176.0
23126.206701718074,-332.0
23126.206764214905,289.0
23126.206826711736,326.0
23126.206889208566,-254.0
23126.2069517054,472.0
23126.20701420223,356.0
23126.207076699062,-449.0
23126.207139195893,469.0
23126.207201692727,-176.0
23126.207264189557,-355.0
23126.207326686388,316.0
23126.20738918322,158.0
23126.20745168005,248.0
23126.207514176884,192.0
23126.207576673714,148.0
23126.207639170545,-892.0
23126.207701667376,-636.0
23126.207764164206,587.0
23126.20782666104,-679.0
23126.20788915787,-752.0
23126.207951654702,73.0
23126.208014151533,-526.0
23126.208076648363,1072.0
23126.208139145197,-296.0
23126.208201642028,-822.0
23126.20826413886,748.0
23126.20832663569,-848.0
23126.208389132524,-111.0
23126.208451629354,-130.0
23126.208514126185,356.0
23126.208576623016,-66.0
23126.208639119846,-1550.0
23126.20870161668,452.0
23126.20876411351,245.0
23126.208826610342,180.0
23126.208889107173,340.0
23126.208951604003,232.0
23126.209014100838,108.0
23126.209076597668,-211.0
23126.2091390945,812.0
23126.20920159133,-611.0
23126.20926408816,-362.0
23126.209326584994,34.0
23126.209389081825,-171.0
23126.209451578656,144.0
23126.209514075486,-482.0
23126.20957657232,353.0
23126.20963906915,-243.0
23126.209701565982,-635.0
23126.209764062813,-591.0
23126.209826559643,238.0
23126.209889056478,472.0
23126.20995155331,-74.0
23126.21001405014,-136.0
23126.21007654697,-466.0
23126.2101390438,255.0
23126.210201540634,367.0
23126.210264037465,413.0
23126.210326534296,49.0
23126.210389031126,-747.0
23126.210451527957,-469.0
23126.21051402479,-893.0
23126.210576521622,263.0
23126.210639018453,466.0
23126.210701515283,195.0
23126.210764012118,-89.0
23126.21082650895,-519.0
23126.21088900578,-414.0
23126.21095150261,-341.0
23126.21101399944,-309.0
23126.211076496274,-351.0
23126.211138993105,271.0
23126.211201489936,-110.0
23126.211263986766,17.0
23126.211326483597,217.0
23126.21138898043,-41.0
23126.211451477262,-14.0
23126.211513974093,-757.0
23126.211576470923,816.0
23126.211638967754,427.0
23126.21170146459,-255.0
23126.21176396142,555.0
23126.21182645825,404.0
23126.21188895508,142.0
23126.211951451915,-780.0
23126.212013948745,47.0
23126.212076445576,310.0
23126.212138942406,545.0
23126.212201439237,-450.0
23126.21226393607,-811.0
23126.212326432902,-199.0
23126.212388929733,-848.0
23126.212451426563,-733.0
23126.212513923394,306.0
23126.21257642023,-57.0
23126.21263891706,-295.0
23126.21270141389,-531.0
23126.21276391072,-595.0
23126.21282640755,721.0
23126.212888904385,-274.0
23126.212951401216,-554.0
23126.213013898046,-197.0
23126.213076394877,-311.0
23126.21313889171,-467.0
23126.213201388542,-875.0
23126.213263885373,165.0
23126.213326382203,52.0
23126.213388879034,-36.0
23126.21345137587,38.0
23126.2135138727,28.0
23126.21357636953,623.0
23126.21363886636,105.0
23126.21370136319,-872.0
23126.213763860025,155.0
23126.213826356856,887.0
23126.213888853687,376.0
23126.213951350517,397.0
23126.214013847348,1555.0
23126.214076344182,673.0
23126.214138841013,-245.0
23126.214201337843,414.0
23126.214263834674,8.0
23126.21432633151,-94.0
23126.21438882834,-113.0
23126.21445132517,-609.0
23126.214513822,234.0
23126.21457631883,509.0
23126.214638815665,-726.0
23126.214701312496,101.0
23126.214763809327,591.0
23126.214826306157,-646.0
23126.214888802988,-377.0
23126.214951299822,195.0
23126.215013796653,279.0
23126.215076293483,929.0
23126.215138790314,629.0
23126.215201287145,-138.0
23126.21526378398,427.0
23126.21532628081,778.0
23126.21538877764,226.0
23126.21545127447,110.0
23126.215513771305,255.0
23126.215576268136,700.0
23126.215638764967,-555.0
23126.215701261797,-384.0
23126.215763758628,461.0
23126.215826255462,-775.0
23126.215888752293,24.0
23126.215951249123,53.0
23126.216013745954,267.0
23126.216076242785,374.0
23126.21613873962,-289.0
23126.21620123645,149.0
23126.21626373328,-1096.0
23126.21632623011,-169.0
23126.21638872694,368.0
23126.216451223776,-1128.0
23126.216513720607,232.0
23126.216576217437,-243.0
23126.216638714268,-339.0
23126.216701211102,187.0
23126.216763707933,-1035.0
23126.216826204763,679.0
23126.216888701594,287.0
23126.216951198425,-621.0
23126.21701369526,-218.0
23126.21707619209,-68.0
23126.21713868892,656.0
23126.21720118575,-307.0
23126.21726368258,518.0
23126.217326179416,1011.0
23126.217388676247,-458.0
23126.217451173077,375.0
23126.217513669908,864.0
23126.21757616674,-171.0
23126.217638663573,519.0
23126.217701160404,808.0
23126.217763657234,-168.0
23126.217826154065,651.0
23126.2178886509,-24.0
23126.21795114773,-487.0
23126.21801364456,300.0
23126.21807614139,31.0
23126.21813863822,467.0
23126.218201135056,122.0
23126.218263631887,27.0
23126.218326128717,-430.0
23126.218388625548,-1216.0
23126.21845112238,740.0
23126.218513619213,-26.0
23126.218576116044,-466.0
23126.218638612874,-694.0
23126.218701109705,-589.0
23126.218763606536,-347.0
23126.21882610337,-533.0
23126.2188886002,128.0
23126.21895109703,-621.0
23126.21901359386,-325.0
23126.219076090696,-285.0
23126.219138587527,-427.0
23126.219201084357,1228.0
23126.219263581188,86.0
23126.21932607802,-781.0
23126.219388574853,424.0
23126.219451071684,559.0
23126.219513568514,481.0
23126.219576065345,-11.0
23126.219638562176,829.0
23126.21970105901,100.0
23126.21976355584,-431.0
23126.21982605267,506.0
23126.2198885495,155.0
23126.219951046332,995.0
23126.220013543167,800.0
23126.220076039997,-76.0
23126.220138536828,1045.0
23126.22020103366,-639.0
23126.220263530493,-520.0
23126.220326027324,238.0
23126.220388524154,-221.0
23126.220451020985,759.0
23126.220513517816,282.0
23126.22057601465,245.0
23126.22063851148,590.0
23126.22070100831,-658.0
23126.22076350514,-1116.0
23126.220826001972,-26.0
23126.220888498807,-258.0
23126.220950995637,-227.0
23126.221013492468,77.0
23126.2210759893,309.0
23126.22113848613,621.0
23126.221200982964,226.0
23126.221263479794,-7.0
23126.221325976625,215.0
23126.221388473456,-195.0
23126.22145097029,54.0
23126.22151346712,1063.0
23126.22157596395,322.0
23126.221638460782,773.0
23126.221700957612,758.0
23126.221763454447,577.0
23126.221825951277,416.0
23126.221888448108,506.0
23126.22195094494,631.0
23126.22201344177,191.0
23126.222075938604,1016.0
23126.222138435434,693.0
23126.222200932265,492.0
23126.222263429096,-384.0
23126.222325925926,-1010.0
23126.22238842276,-399.0
23126.22245091959,362.0
23126.222513416422,1068.0
23126.222575913253,-521.0
23126.222638410087,-156.0
23126.222700906917,-460.0
23126.222763403748,-1185.0
23126.22282590058,-266.0
23126.22288839741,-14.0
23126.222950894244,-769.0
23126.223013391074,19.0
23126.223075887905,337.0
23126.223138384736,-332.0
23126.223200881566,640.0
23126.2232633784,283.0
23126.22332587523,1084.0
23126.223388372062,180.0
23126.223450868893,-993.0
23126.223513365723,731.0
23126.223575862557,1144.0
23126.223638359388,-309.0
23126.22370085622,-316.0
23126.22376335305,240.0
23126.223825849884,532.0
23126.223888346714,426.0
23126.223950843545,-445.0
23126.224013340376,-112.0
23126.224075837206,130.0
23126.22413833404,-260.0
23126.22420083087,-983.0
23126.224263327702,-832.0
23126.224325824533,80.0
23126.224388321363,-370.0
23126.224450818198,-974.0
23126.224513315028,791.0
23126.22457581186,764.0
23126.22463830869,281.0
23126.22470080552,-337.0
23126.224763302354,-1455.0
23126.224825799185,879.0
23126.224888296016,-167.0
23126.224950792846,-329.0
23126.22501328968,843.0
23126.22507578651,-723.0
23126.225138283342,418.0
23126.225200780173,-48.0
23126.225263277003,-298.0
23126.225325773838,435.0
23126.22538827067,-806.0
23126.2254507675,-489.0
23126.22551326433,-113.0
23126.22557576116,-131.0
23126.225638257994,-47.0
23126.225700754825,-436.0
23126.225763251656,-194.0
23126.225825748486,285.0
23126.225888245317,-663.0
23126.22595074215,-1262.0
23126.226013238982,333.0
23126.226075735813,483.0
23126.226138232643,-280.0
23126.226200729478,-720.0
23126.22626322631,-266.0
23126.22632572314,-75.0
23126.22638821997,-724.0
23126.2264507168,-518.0
23126.226513213634,40.0
23126.226575710465,-971.0
23126.226638207296,-996.0
23126.226700704126,310.0
23126.226763200957,174.0
23126.22682569779,256.0
23126.226888194622,405.0
23126.226950691453,900.0
23126.227013188283,182.0
23126.227075685114,113.0
23126.22713818195,929.0
23126.22720067878,795.0
23126.22726317561,46.0
23126.22732567244,493.0
23126.227388169274,350.0
23126.227450666105,-21.0
23126.227513162936,-201.0
23126.227575659766,-52.0
23126.227638156597,334.0
23126.22770065343,7.0
23126.227763150262,-229.0
23126.227825647093,-613.0
23126.227888143923,-1308.0
23126.227950640754,-339.0
23126.22801313759,357.0
23126.22807563442,-1022.0
23126.22813813125,-721.0
23126.22820062808,-713.0
23126.22826312491,-45.0
23126.228325621745,757.0
23126.228388118576,-328.0
23126.228450615406,5.0
23126.228513112237,-344.0
23126.22857560907,-992.0
23126.228638105902,-138.0
23126.228700602733,131.0
23126.228763099563,-469.0
23126.228825596394,127.0
23126.22888809323,41.0
23126.22895059006,-48.0
23126.22901308689,1010.0
23126.22907558372,-609.0
23126.22913808055,-332.0
23126.229200577385,375.0
23126.229263074216,-185.0
23126.229325571047,123.0
23126.229388067877,209.0
23126.229450564708,-107.0
23126.229513061542,-5.0
23126.229575558373,336.0
23126.229638055203,211.0
23126.229700552034,383.0
23126.22976304887,859.0
23126.2298255457,79.0
23126.22988804253,-22.0
23126.22995053936,-106.0
23126.23001303619,-80.0
23126.230075533025,-163.0
23126.230138029856,-554.0
23126.230200526687,-80.0
23126.230263023517,-252.0
23126.230325520348,625.0
23126.230388017182,-470.0
23126.230450514013,-1097.0
23126.230513010843,-147.0
23126.230575507674,-1144.0
23126.230638004505,-484.0
23126.23070050134,-986.0
23126.23076299817,-260.0
23126.230825495,-36.0
23126.23088799183,-1183.0
23126.230950488665,61.0
23126.231012985496,-217.0
23126.231075482327,-521.0
23126.231137979157,-70.0
23126.231200475988,-274.0
23126.231262972822,-106.0
23126.231325469653,-638.0
23126.231387966483,-876.0
23126.231450463314,-752.0
23126.231512960145,-159.0
23126.23157545698,422.0
23126.23163795381,471.0
23126.23170045064,595.0
23126.23176294747,-504.0
23126.2318254443,-88.0
23126.231887941136,443.0
23126.231950437967,273.0
23126.232012934797,-156.0
23126.232075431628,125.0
23126.232137928462,704.0
23126.232200425293,316.0
23126.232262922123,-161.0
23126.232325418954,134.0
23126.232387915785,736.0
23126.23245041262,1088.0
23126.23251290945,-353.0
23126.23257540628,-816.0
23126.23263790311,-98.0
23126.23270039994,-311.0
23126.232762896776,66.0
23126.232825393607,211.0
23126.232887890437,-258.0
23126.232950387268,425.0
23126.2330128841,-934.0
23126.233075380933,-511.0
23126.233137877764,1530.0
23126.233200374594,-1328.0
23126.233262871425,-1492.0
23126.23332536826,77.0
23126.23338786509,776.0
23126.23345036192,163.0
23126.23351285875,-898.0
23126.23357535558,266.0
23126.233637852416,36.0
23126.233700349247,278.0
23126.233762846077,-128.0
23126.233825342908,-746.0
23126.23388783974,614.0
23126.233950336573,148.0
23126.234012833404,613.0
23126.234075330234,789.0
23126.234137827065,571.0
23126.234200323895,-267.0
23126.23426282073,181.0
23126.23432531756,1189.0
23126.23438781439,143.0
23126.23445031122,621.0
23126.234512808056,120.0
23126.234575304887,81.0
23126.234637801717,1142.0
23126.234700298548,628.0
23126.23476279538,80.0
23126.234825292213,748.0
23126.234887789044,159.0
23126.234950285874,294.0
23126.235012782705,-97.0
23126.235075279536,330.0
23126.23513777637,915.0
23126.2352002732,-999.0
23126.23526277003,191.0
23126.23532526686,87.0
23126.235387763692,-359.0
23126.235450260527,-343.0
23126.235512757357,-212.0
23126.235575254188,145.0
23126.23563775102,-1031.0
23126.235700247853,-170.0
23126.235762744684,140.0
23126.235825241514,294.0
23126.235887738345,173.0
23126.235950235176,-312.0
23126.23601273201,329.0
23126.23607522884,45.0
23126.23613772567,-582.0
23126.2362002225,-82.0
23126.236262719332,736.0
23126.236325216167,-246.0
23126.236387712997,386.0
23126.236450209828,153.0
23126.23651270666,-181.0
23126.23657520349,691.0
23126.236637700324,81.0
23126.236700197154,300.0
23126.236762693985,129.0
23126.236825190816,-572.0
23126.23688768765,-443.0
23126.23695018448,215.0
23126.23701268131,192.0
23126.237075178142,273.0
23126.237137674972,-429.0
23126.237200171807,-147.0
23126.237262668637,593.0
23126.237325165468,-385.0
23126.2373876623,467.0
23126.23745015913,194.0
23126.237512655964,-565.0
23126.237575152794,425.0
23126.237637649625,-725.0
23126.237700146456,396.0
23126.237762643286,611.0
23126.23782514012,-305.0
23126.23788763695,548.0
23126.237950133782,81.0
23126.238012630613,451.0
23126.238075127447,-897.0
23126.238137624277,-205.0
23126.238200121108,89.0
23126.23826261794,-533.0
23126.23832511477,809.0
23126.238387611604,-274.0
23126.238450108434,137.0
23126.238512605265,-174.0
23126.238575102096,274.0
23126.238637598926,1081.0
23126.23870009576,-373.0
23126.23876259259,-228.0
23126.238825089422,722.0
23126.238887586253,179.0
23126.238950083083,40.0
23126.239012579917,518.0
23126.239075076748,727.0
23126.23913757358,-22.0
23126.23920007041,200.0
23126.239262567244,-25.0
23126.239325064074,349.0
23126.239387560905,342.0
23126.239450057736,-46.0
23126.239512554566,777.0
23126.2395750514,84.0
23126.23963754823,345.0
23126.239700045062,-337.0
23126.239762541893,219.0
23126.239825038723,715.0
23126.239887535558,-62.0
23126.239950032388,606.0
23126.24001252922,563.0
23126.24007502605,182.0
23126.24013752288,-691.0
23126.240200019714,-233.0
23126.240262516545,-730.0
23126.240325013376,-749.0
23126.240387510206,608.0
23126.24045000704,61.0
23126.24051250387,-478.0
23126.240575000702,-135.0
23126.240637497533,-132.0
23126.240699994363,-166.0
23126.240762491198,-204.0
23126.240824988028,-10.0
23126.24088748486,-378.0
23126.24094998169,-828.0
23126.24101247852,803.0
23126.241074975354,876.0
23126.241137472185,733.0
23126.241199969016,580.0
23126.241262465846,411.0
23126.241324962677,530.0
23126.24138745951,626.0
23126.241449956342,1206.0
23126.241512453173,286.0
23126.241574950003,741.0
23126.241637446838,789.0
23126.24169994367,304.0
23126.2417624405,1172.0
23126.24182493733,332.0
23126.24188743416,-164.0
23126.241949930994,-469.0
23126.242012427825,721.0
23126.242074924656,547.0
23126.242137421486,-430.0
23126.242199918317,807.0
23126.24226241515,-100.0
23126.242324911982,28.0
23126.242387408813,299.0
23126.242449905643,-313.0
23126.242512402474,216.0
23126.24257489931,272.0
23126.24263739614,-383.0
23126.24269989297,138.0
23126.2427623898,745.0
23126.242824886634,-489.0
23126.242887383465,-235.0
23126.242949880296,863.0
23126.243012377126,-73.0
23126.243074873957,421.0
23126.24313737079,-26.0
23126.243199867622,-506.0
23126.243262364453,320.0
23126.243324861283,711.0
23126.243387358114,-354.0
23126.24344985495,-405.0
23126.24351235178,642.0
23126.24357484861,-47.0
23126.24363734544,873.0
23126.24369984227,-261.0
23126.243762339105,-402.0
23126.243824835936,-26.0
23126.243887332766,-1075.0
23126.243949829597,41.0
23126.24401232643,91.0
23126.244074823262,-214.0
23126.244137320093,-739.0
23126.244199816923,-318.0
23126.244262313754,-116.0
23126.24432481059,79.0
23126.24438730742,-238.0
23126.24444980425,-238.0
23126.24451230108,-360.0
23126.24457479791,266.0
23126.244637294745,-124.0
23126.244699791576,-633.0
23126.244762288406,1326.0
23126.244824785237,61.0
23126.244887282068,-31.0
23126.244949778902,562.0
23126.245012275733,-314.0
23126.245074772563,471.0
23126.245137269394,48.0
23126.24519976623,-877.0
23126.24526226306,53.0
23126.24532475989,-527.0
23126.24538725672,-281.0
23126.24544975355,-32.0
23126.245512250385,-646.0
23126.245574747216,-297.0
23126.245637244047,-766.0
23126.245699740877,-496.0
23126.245762237708,-1042.0
23126.245824734542,-457.0
23126.245887231373,-950.0
23126.245949728203,-937.0
23126.246012225034,342.0
23126.246074721865,-964.0
23126.2461372187,-961.0
23126.24619971553,214.0
23126.24626221236,71.0
23126.24632470919,219.0
23126.246387206025,-127.0
23126.246449702856,335.0
23126.246512199687,128.0
23126.246574696517,-981.0
23126.246637193348,41.0
23126.246699690182,206.0
23126.246762187013,865.0
23126.246824683843,543.0
23126.246887180674,297.0
23126.246949677505,614.0
23126.24701217434,4.0
23126.24707467117,-14.0
23126.247137168,-59.0
23126.24719966483,-19.0
23126.24726216166,425.0
23126.247324658496,110.0
23126.247387155327,157.0
23126.247449652157,203.0
23126.247512148988,1293.0
23126.247574645822,306.0
23126.247637142653,-1534.0
23126.247699639483,-371.0
23126.247762136314,-942.0
23126.247824633145,-319.0
23126.24788712998,-247.0
23126.24794962681,-315.0
23126.24801212364,-62.0
23126.24807462047,-1329.0
23126.2481371173,-320.0
23126.248199614136,-187.0
23126.248262110967,-275.0
23126.248324607797,299.0
23126.248387104628,92.0
23126.24844960146,210.0
23126.248512098293,233.0
23126.248574595124,-138.0
23126.248637091954,1078.0
23126.248699588785,1055.0
23126.24876208562,-147.0
23126.24882458245,630.0
23126.24888707928,550.0
23126.24894957611,72.0
23126.24901207294,1018.0
23126.249074569776,676.0
23126.249137066607,-432.0
23126.249199563437,145.0
23126.249262060268,236.0
23126.2493245571,-350.0
23126.249387053933,32.0
23126.249449550764,-190.0
23126.249512047594,-664.0
23126.249574544425,-660.0
23126.249637041255,-470.0
23126.24969953809,-368.0
23126.24976203492,-871.0
23126.24982453175,-2.0
23126.24988702858,-327.0
23126.249949525416,-755.0
23126.250012022247,357.0
23126.250074519077,-1033.0
23126.250137015908,-226.0
23126.25019951274,1226.0
23126.250262009573,-740.0
23126.250324506404,-171.0
23126.250387003234,457.0
23126.250449500065,-1026.0
23126.250511996896,-627.0
23126.25057449373,655.0
23126.25063699056,-276.0
23126.25069948739,-289.0
23126.25076198422,219.0
23126.250824481052,102.0
23126.250886977887,92.0
23126.250949474717,-710.0
23126.251011971548,-125.0
23126.25107446838,-25.0
23126.251136965213,-54.0
23126.251199462044,130.0
23126.251261958874,-820.0
23126.251324455705,329.0
23126.251386952536,-288.0
23126.25144944937,-830.0
23126.2515119462,172.0
23126.25157444303,-329.0
23126.25163693986,-150.0
23126.251699436692,288.0
23126.251761933527,242.0
23126.251824430357,580.0
23126.251886927188,316.0
23126.25194942402,-345.0
23126.25201192085,-480.0
23126.252074417684,1390.0
23126.252136914514,874.0
23126.252199411345,-655.0
23126.252261908176,-578.0
23126.25232440501,-571.0
23126.25238690184,230.0
23126.25244939867,-348.0
23126.2525118955,-1260.0
23126.252574392332,-697.0
23126.252636889167,-428.0
23126.252699385997,-710.0
23126.252761882828,-727.0
23126.25282437966,-541.0
23126.25288687649,251.0
23126.252949373324,-136.0
23126.253011870154,-663.0
23126.253074366985,-286.0
23126.253136863816,-181.0
23126.253199360646,568.0
23126.25326185748,-603.0
23126.25332435431,-348.0
23126.253386851142,502.0
23126.253449347972,-153.0
23126.253511844807,-379.0
23126.253574341637,451.0
23126.253636838468,384.0
23126.2536993353,-988.0
23126.25376183213,693.0
23126.253824328964,-141.0
23126.253886825794,251.0
23126.253949322625,85.0
23126.254011819456,-324.0
23126.254074316286,971.0
23126.25413681312,41.0
23126.25419930995,-100.0
23126.254261806782,-14.0
23126.254324303613,726.0
23126.254386800443,434.0
23126.254449297277,-640.0
23126.254511794108,160.0
23126.25457429094,555.0
23126.25463678777,-93.0
23126.254699284604,-84.0
23126.254761781434,268.0
23126.254824278265,251.0
23126.254886775096,271.0
23126.254949271926,-514.0
23126.25501176876,-516.0
23126.25507426559,-248.0
23126.255136762422,-15.0
23126.255199259253,611.0
23126.255261756083,-144.0
23126.255324252917,426.0
23126.255386749748,648.0
23126.25544924658,-607.0
23126.25551174341,255.0
23126.25557424024,-213.0
23126.255636737074,290.0
23126.255699233905,627.0
23126.255761730736,8.0
23126.255824227566,940.0
23126.2558867244,-436.0
23126.25594922123,-8.0
23126.256011718062,-95.0
23126.256074214893,242.0
23126.256136711723,584.0
23126.256199208558,-1337.0
23126.256261705388,-64.0
23126.25632420222,250.0
23126.25638669905,382.0
23126.25644919588,575.0
23126.256511692714,-348.0
23126.256574189545,282.0
23126.256636686376,-56.0
23126.256699183206,125.0
23126.256761680037,380.0
23126.25682417687,18.0
23126.256886673702,344.0
23126.256949170533,-906.0
23126.257011667363,546.0
23126.257074164198,760.0
23126.25713666103,-960.0
23126.25719915786,-442.0
23126.25726165469,-426.0
23126.25732415152,-620.0
23126.257386648354,-295.0
23126.257449145185,458.0
23126.257511642016,-913.0
23126.257574138846,-189.0
23126.257636635677,454.0
23126.25769913251,624.0
23126.257761629342,853.0
23126.257824126173,149.0
23126.257886623003,380.0
23126.257949119834,-14.0
23126.25801161667,125.0
23126.2580741135,1003.0
23126.25813661033,-219.0
23126.25819910716,-194.0
23126.258261603994,1038.0
23126.258324100825,166.0
23126.258386597656,-107.0
23126.258449094486,297.0
23126.258511591317,106.0
23126.25857408815,681.0
23126.258636584982,-361.0
23126.258699081813,-75.0
23126.258761578643,341.0
23126.258824075474,-90.0
23126.25888657231,405.0
23126.25894906914,154.0
23126.25901156597,288.0
23126.2590740628,204.0
23126.25913655963,93.0
23126.259199056465,-8.0
23126.259261553296,225.0
23126.259324050126,49.0
23126.259386546957,-95.0
23126.25944904379,-262.0
23126.259511540622,703.0
23126.259574037453,-200.0
23126.259636534283,-292.0
23126.259699031114,-79.0
23126.25976152795,-397.0
23126.25982402478,102.0
23126.25988652161,-813.0
23126.25994901844,-1085.0
23126.26001151527,-20.0
23126.260074012105,748.0
23126.260136508936,-341.0
23126.260199005766,-32.0
23126.260261502597,480.0
23126.260323999428,321.0
23126.260386496262,260.0
23126.260448993093,424.0
23126.260511489923,1211.0
23126.260573986754,-193.0
23126.26063648359,-523.0
23126.26069898042,-305.0
23126.26076147725,495.0
23126.26082397408,1759.0
23126.26088647091,-329.0
23126.260948967745,-606.0
23126.261011464576,834.0
23126.261073961407,142.0
23126.261136458237,33.0
23126.261198955068,-725.0
23126.261261451902,-179.0
23126.261323948733,-14.0
23126.261386445563,-692.0
23126.261448942394,893.0
23126.261511439225,608.0
23126.26157393606,519.0
23126.26163643289,1037.0
23126.26169892972,-177.0
23126.26176142655,151.0
23126.261823923385,371.0
23126.261886420216,668.0
23126.261948917047,1209.0
23126.262011413877,975.0
23126.262073910708,471.0
23126.262136407542,123.0
23126.262198904373,-426.0
23126.262261401203,-154.0
23126.262323898034,742.0
23126.262386394865,-765.0
23126.2624488917,-953.0
23126.26251138853,10.0
23126.26257388536,-908.0
23126.26263638219,309.0
23126.26269887902,14.0
23126.262761375856,-890.0
23126.262823872687,369.0
23126.262886369517,-700.0
23126.262948866348,-809.0
23126.263011363182,928.0
23126.263073860013,590.0
23126.263136356843,-831.0
23126.263198853674,-586.0
23126.263261350505,3.0
23126.26332384734,421.0
23126.26338634417,-98.0
23126.263448841,-1087.0
23126.26351133783,-70.0
23126.26357383466,293.0
23126.263636331496,-851.0
23126.263698828327,-167.0
23126.263761325157,28.0
23126.263823821988,671.0
23126.26388631882,-370.0
23126.263948815653,-678.0
23126.264011312483,804.0
23126.264073809314,-76.0
23126.264136306145,159.0
23126.26419880298,-70.0
23126.26426129981,-101.0
23126.26432379664,-457.0
23126.26438629347,-341.0
23126.2644487903,478.0
23126.264511287136,-1027.0
23126.264573783967,519.0
23126.264636280797,626.0
23126.264698777628,-178.0
23126.26476127446,689.0
23126.264823771293,-867.0
23126.264886268124,-552.0
23126.264948764954,256.0
23126.265011261785,-708.0
23126.265073758615,304.0
23126.26513625545,-700.0
23126.26519875228,-454.0
23126.26526124911,368.0
23126.26532374594,-790.0
23126.265386242776,-295.0
23126.265448739607,-1100.0
23126.265511236437,-166.0
23126.265573733268,-56.0
23126.2656362301,218.0
23126.265698726933,-33.0
23126.265761223764,-1009.0
23126.265823720594,419.0
23126.265886217425,-54.0
23126.265948714256,289.0
23126.26601121109,326.0
23126.26607370792,-288.0
23126.26613620475,15.0
23126.26619870158,-92.0
23126.266261198412,460.0
23126.266323695247,-321.0
23126.266386192077,-269.0
23126.266448688908,-546.0
23126.26651118574,-239.0
23126.266573682573,188.0
23126.266636179404,-96.0
23126.266698676234,473.0
23126.266761173065,-291.0
23126.266823669896,-980.0
23126.26688616673,455.0
23126.26694866356,-103.0
23126.26701116039,-420.0
23126.26707365722,602.0
23126.267136154052,-1015.0
23126.267198650887,-115.0
23126.267261147717,-79.0
23126.267323644548,-689.0
23126.26738614138,-275.0
23126.26744863821,820.0
23126.267511135044,-375.0
23126.267573631874,-915.0
23126.267636128705,609.0
23126.267698625536,-614.0
23126.26776112237,-691.0
23126.2678236192,-267.0
23126.26788611603,-317.0
23126.26794861286,-214.0
23126.268011109692,155.0
23126.268073606527,248.0
23126.268136103357,-344.0
23126.268198600188,-10.0
23126.26826109702,15.0
23126.26832359385,-600.0
23126.268386090684,254.0
23126.268448587514,-41.0
23126.268511084345,-721.0
23126.268573581176,611.0
23126.268636078006,402.0
23126.26869857484,470.0
23126.26876107167,-131.0
23126.268823568502,-231.0
23126.268886065332,-289.0
23126.268948562167,214.0
23126.269011058997,155.0
23126.269073555828,-510.0
23126.26913605266,-30.0
23126.26919854949,491.0
23126.269261046324,332.0
23126.269323543154,-192.0
23126.269386039985,548.0
23126.269448536816,-1020.0
23126.269511033646,-632.0
23126.26957353048,98.0
23126.26963602731,-803.0
23126.269698524142,-278.0
23126.269761020973,-1021.0
23126.269823517803,64.0
23126.269886014637,517.0
23126.269948511468,-682.0
23126.2700110083,-354.0
23126.27007350513,372.0
23126.270136001964,-184.0
23126.270198498794,1.0
23126.270260995625,702.0
23126.270323492456,-383.0
23126.270385989286,-552.0
23126.27044848612,-29.0
23126.27051098295,603.0
23126.270573479782,-102.0
23126.270635976613,-1115.0
23126.270698473443,831.0
23126.270760970277,239.0
23126.270823467108,-46.0
23126.27088596394,260.0
23126.27094846077,-328.0
23126.2710109576,-33.0
23126.271073454434,-160.0
23126.271135951265,-721.0
23126.271198448096,-675.0
23126.271260944926,613.0
23126.27132344176,334.0
23126.27138593859,-293.0
23126.271448435422,-385.0
23126.271510932253,-807.0
23126.271573429083,-592.0
23126.271635925918,-395.0
23126.271698422748,313.0
23126.27176091958,-649.0
23126.27182341641,-110.0
23126.27188591324,616.0
23126.271948410074,-188.0
23126.272010906905,425.0
23126.272073403736,-952.0
23126.272135900566,-261.0
23126.272198397397,686.0
23126.27226089423,380.0
23126.272323391062,123.0
23126.272385887893,336.0
23126.272448384723,-5.0
23126.272510881558,-44.0
23126.27257337839,534.0
23126.27263587522,334.0
23126.27269837205,-574.0
23126.27276086888,148.0
23126.272823365714,506.0
23126.272885862545,-558.0
23126.272948359376,-966.0
23126.273010856206,-333.0
23126.273073353037,461.0
23126.27313584987,-199.0
23126.273198346702,-728.0
23126.273260843533,-237.0
23126.273323340363,-172.0
23126.273385837194,-368.0
23126.27344833403,-496.0
23126.27351083086,-340.0
23126.27357332769,-416.0
23126.27363582452,-429.0
23126.273698321354,125.0
23126.273760818185,445.0
23126.273823315016,-77.0
23126.273885811846,-371.0
23126.273948308677,726.0
23126.27401080551,861.0
23126.274073302342,-467.0
23126.274135799173,421.0
23126.274198296003,611.0
23126.274260792834,528.0
23126.27432328967,1046.0
23126.2743857865,187.0
23126.27444828333,1160.0
23126.27451078016,512.0
23126.27457327699,-867.0
23126.274635773825,-140.0
23126.274698270656,963.0
23126.274760767486,56.0
23126.274823264317,-229.0
23126.27488576115,148.0
23126.274948257982,61.0
23126.275010754813,290.0
23126.275073251643,-72.0
23126.275135748474,431.0
23126.27519824531,-257.0
23126.27526074214,-666.0
23126.27532323897,652.0
23126.2753857358,-583.0
23126.27544823263,-1038.0
23126.275510729465,548.0
23126.275573226296,98.0
23126.275635723126,62.0
23126.275698219957,574.0
23126.275760716788,391.0
23126.275823213622,-397.0
23126.275885710453,338.0
23126.275948207283,271.0
23126.276010704114,515.0
23126.27607320095,84.0
23126.27613569778,-640.0
23126.27619819461,1074.0
23126.27626069144,1027.0
23126.27632318827,127.0
23126.276385685105,437.0
23126.276448181936,418.0
23126.276510678766,708.0
23126.276573175597,426.0
23126.276635672428,-55.0
23126.276698169262,-508.0
23126.276760666093,483.0
23126.276823162923,635.0
23126.276885659754,-555.0
23126.276948156585,421.0
23126.27701065342,767.0
23126.27707315025,-297.0
23126.27713564708,-786.0
23126.27719814391,342.0
23126.277260640745,220.0
23126.277323137576,-694.0
23126.277385634407,-335.0
23126.277448131237,-390.0
23126.277510628068,510.0
23126.277573124902,671.0
23126.277635621733,-1113.0
23126.277698118563,-626.0
23126.277760615394,-69.0
23126.277823112225,250.0
23126.27788560906,826.0
23126.27794810589,750.0
23126.27801060272,-720.0
23126.27807309955,523.0
23126.27813559638,397.0
23126.278198093216,-1309.0
23126.278260590047,613.0
23126.278323086877,1157.0
23126.278385583708,769.0
23126.278448080542,-695.0
23126.278510577373,-17.0
23126.278573074203,1121.0
23126.278635571034,638.0
23126.278698067865,-488.0
23126.2787605647,-392.0
23126.27882306153,376.0
23126.27888555836,-85.0
23126.27894805519,-1016.0
23126.27901055202,-618.0
23126.279073048856,628.0
23126.279135545687,-327.0
23126.279198042517,-297.0
23126.279260539348,39.0
23126.27932303618,-776.0
23126.279385533013,241.0
23126.279448029843,349.0
23126.279510526674,-434.0
23126.279573023505,-49.0
23126.27963552034,-95.0
23126.27969801717,63.0
23126.279760514,-21.0
23126.27982301083,-114.0
23126.27988550766,654.0
23126.279948004496,-358.0
23126.280010501327,-53.0
23126.280072998157,493.0
23126.280135494988,-784.0
23126.28019799182,358.0
23126.280260488653,497.0
23126.280322985484,1006.0
23126.280385482314,624.0
23126.280447979145,-414.0
23126.280510475975,524.0
23126.28057297281,-41.0
23126.28063546964,276.0
23126.28069796647,664.0
23126.2807604633,676.0
23126.280822960136,936.0
23126.280885456967,101.0
23126.280947953797,156.0
23126.281010450628,797.0
23126.28107294746,-464.0
23126.281135444293,-653.0
23126.281197941124,1133.0
23126.281260437954,172.0
23126.281322934785,194.0
23126.281385431615,1413.0
23126.28144792845,-613.0
23126.28151042528,499.0
23126.28157292211,608.0
23126.28163541894,230.0
23126.281697915772,89.0
23126.281760412607,-358.0
23126.281822909437,521.0
23126.281885406268,-272.0
23126.2819479031,282.0
23126.282010399933,561.0
23126.282072896764,-1462.0
23126.282135393594,-320.0
23126.282197890425,1072.0
23126.282260387256,1125.0
23126.28232288409,74.0
23126.28238538092,-955.0
23126.28244787775,750.0
23126.28251037458,397.0
23126.282572871412,-488.0
23126.282635368247,38.0
23126.282697865077,458.0
23126.282760361908,485.0
23126.28282285874,-458.0
23126.28288535557,-522.0
23126.282947852404,363.0
23126.283010349234,12.0
23126.283072846065,-324.0
23126.283135342896,13.0
23126.28319783973,197.0
23126.28326033656,845.0
23126.28332283339,452.0
23126.28338533022,-93.0
23126.283447827052,515.0
23126.283510323887,596.0
23126.283572820717,-614.0
23126.283635317548,-54.0
23126.28369781438,750.0
23126.28376031121,239.0
23126.283822808044,504.0
23126.283885304874,-299.0
23126.283947801705,-104.0
23126.284010298536,-274.0
23126.284072795366,138.0
23126.2841352922,290.0
23126.28419778903,-1087.0
23126.284260285862,-564.0
23126.284322782692,261.0
23126.284385279527,668.0
23126.284447776357,350.0
23126.284510273188,-490.0
23126.28457277002,-214.0
23126.28463526685,303.0
23126.284697763684,-796.0
23126.284760260514,-284.0
23126.284822757345,288.0
23126.284885254176,-394.0
23126.284947751006,77.0
23126.28501024784,-206.0
23126.28507274467,415.0
23126.285135241502,378.0
23126.285197738332,-779.0
23126.285260235163,-661.0
23126.285322731997,310.0
23126.285385228828,672.0
23126.28544772566,-243.0
23126.28551022249,-378.0
23126.285572719324,-151.0
23126.285635216154,85.0
23126.285697712985,-13.0
23126.285760209816,-47.0
23126.285822706646,484.0
23126.28588520348,183.0
23126.28594770031,-507.0
23126.286010197142,-433.0
23126.286072693973,514.0
23126.286135190803,192.0
23126.286197687637,-882.0
23126.286260184468,-429.0
23126.2863226813,376.0
23126.28638517813,-910.0
23126.28644767496,-357.0
23126.286510171794,93.0
23126.286572668625,-397.0
23126.286635165456,-62.0
23126.286697662286,-451.0
23126.28676015912,-291.0
23126.28682265595,217.0
23126.286885152782,303.0
23126.286947649613,-540.0
23126.287010146443,164.0
23126.287072643277,854.0
23126.287135140108,-268.0
23126.28719763694,125.0
23126.28726013377,313.0
23126.2873226306,488.0
23126.287385127434,616.0
23126.287447624265,299.0
23126.287510121096,350.0
23126.287572617926,100.0
23126.287635114757,219.0
23126.28769761159,-249.0
23126.287760108422,-455.0
23126.287822605253,156.0
23126.287885102083,197.0
23126.287947598918,-263.0
23126.288010095748,3.0
23126.28807259258,-251.0
23126.28813508941,-685.0
23126.28819758624,189.0
23126.288260083074,-448.0
23126.288322579905,-636.0
23126.288385076736,488.0
23126.288447573566,-939.0
23126.288510070397,-187.0
23126.28857256723,704.0
23126.288635064062,-477.0
23126.288697560893,-568.0
23126.288760057723,323.0
23126.288822554554,989.0
23126.28888505139,-355.0
23126.28894754822,-337.0
23126.28901004505,-103.0
23126.28907254188,507.0
23126.289135038714,-66.0
23126.289197535545,-334.0
23126.289260032376,558.0
23126.289322529206,-772.0
23126.289385026037,-421.0
23126.28944752287,173.0
23126.289510019702,14.0
23126.289572516533,274.0
23126.289635013363,-409.0
23126.289697510194,-451.0
23126.28976000703,453.0
23126.28982250386,-339.0
23126.28988500069,210.0
23126.28994749752,650.0
23126.29000999435,-297.0
23126.290072491185,-302.0
23126.290134988016,-215.0
23126.290197484846,359.0
23126.290259981677,60.0
23126.29032247851,-474.0
23126.290384975342,-312.0
23126.290447472173,-81.0
23126.290509969003,-1181.0
23126.290572465834,-1040.0
23126.29063496267,-112.0
23126.2906974595,-405.0
23126.29075995633,-881.0
23126.29082245316,-461.0
23126.29088494999,-496.0
23126.290947446825,-525.0
23126.291009943656,-868.0
23126.291072440486,261.0
23126.291134937317,518.0
23126.291197434148,-1174.0
23126.291259930982,-253.0
23126.291322427813,366.0
23126.291384924643,-528.0
23126.291447421474,-293.0
23126.29150991831,933.0
23126.29157241514,-201.0
23126.29163491197,-538.0
23126.2916974088,799.0
23126.29175990563,370.0
23126.291822402465,-31.0
23126.291884899296,-59.0
23126.291947396126,440.0
23126.292009892957,774.0
23126.292072389788,-198.0
23126.292134886622,-644.0
23126.292197383453,334.0
23126.292259880283,240.0
23126.292322377114,-839.0
23126.292384873945,840.0
23126.29244737078,-248.0
23126.29250986761,-1557.0
23126.29257236444,290.0
23126.29263486127,-310.0
23126.292697358105,-961.0
23126.292759854936,-1552.0
23126.292822351767,-450.0
23126.292884848597,1498.0
23126.292947345428,-508.0
23126.293009842262,-496.0
23126.293072339093,-677.0
23126.293134835923,-572.0
23126.293197332754,-390.0
23126.293259829585,-340.0
23126.29332232642,579.0
23126.29338482325,139.0
23126.29344732008,354.0
23126.29350981691,186.0
23126.29357231374,107.0
23126.293634810576,112.0
23126.293697307407,-368.0
23126.293759804237,390.0
23126.293822301068,307.0
23126.293884797902,469.0
23126.293947294733,630.0
23126.294009791563,-490.0
23126.294072288394,1526.0
23126.294134785225,890.0
23126.29419728206,-462.0
23126.29425977889,1029.0
23126.29432227572,314.0
23126.29438477255,-761.0
23126.29444726938,-11.0
23126.294509766216,674.0
23126.294572263047,249.0
23126.294634759877,-15.0
23126.294697256708,155.0
23126.29475975354,-905.0
23126.294822250373,460.0
23126.294884747203,253.0
23126.294947244034,-307.0
23126.295009740865,456.0
23126.2950722377,-579.0
23126.29513473453,-618.0
23126.29519723136,242.0
23126.29525972819,-37.0
23126.29532222502,-410.0
23126.295384721856,-168.0
23126.295447218687,406.0
23126.295509715517,448.0
23126.295572212348,-565.0
23126.29563470918,345.0
23126.295697206013,-19.0
23126.295759702843,331.0
23126.295822199674,302.0
23126.295884696505,156.0
23126.295947193335,568.0
23126.29600969017,220.0
23126.296072187,406.0
23126.29613468383,414.0
23126.29619718066,1056.0
23126.296259677496,-277.0
23126.296322174327,-824.0
23126.296384671157,1995.0
23126.296447167988,66.0
23126.29650966482,-1135.0
23126.296572161653,911.0
23126.296634658484,1033.0
23126.296697155314,424.0
23126.296759652145,-1597.0
23126.296822148975,-343.0
23126.29688464581,1161.0
23126.29694714264,192.0
23126.29700963947,-414.0
23126.2970721363,-234.0
23126.297134633132,596.0
23126.297197129967,-459.0
23126.297259626797,-236.0
23126.297322123628,348.0
23126.29738462046,51.0
23126.297447117293,-429.0
23126.297509614124,-429.0
23126.297572110954,688.0
23126.297634607785,31.0
23126.297697104616,-786.0
23126.29775960145,174.0
23126.29782209828,-26.0
23126.29788459511,130.0
23126.29794709194,509.0
23126.298009588772,-61.0
23126.298072085607,259.0
23126.298134582437,558.0
23126.298197079268,123.0
23126.2982595761,-676.0
23126.29832207293,-211.0
23126.298384569764,580.0
23126.298447066594,116.0
23126.298509563425,477.0
23126.298572060256,519.0
23126.29863455709,211.0
23126.29869705392,-17.0
23126.29875955075,-164.0
23126.29882204758,582.0
23126.298884544412,764.0
23126.298947041247,110.0
23126.299009538077,-758.0
23126.299072034908,419.0
23126.29913453174,284.0
23126.29919702857,-690.0
23126.299259525404,-37.0
23126.299322022234,611.0
23126.299384519065,-314.0
23126.299447015896,-730.0
23126.299509512726,222.0
23126.29957200956,-652.0
23126.29963450639,-349.0
23126.29969700322,375.0
23126.299759500052,-326.0
23126.299821996887,-1001.0
23126.299884493717,-305.0
23126.299946990548,39.0
23126.30000948738,-534.0
23126.30007198421,-434.0
23126.300134481044,-177.0
23126.300196977874,-184.0
23126.300259474705,-517.0
23126.300321971536,-1156.0
23126.300384468366,211.0
23126.3004469652,998.0
23126.30050946203,-374.0
23126.300571958862,572.0
23126.300634455692,-14.0
23126.300696952523,-177.0
23126.300759449357,880.0
23126.300821946188,273.0
23126.30088444302,-239.0
23126.30094693985,530.0
23126.301009436684,621.0
23126.301071933514,-1140.0
23126.301134430345,961.0
23126.301196927176,1314.0
23126.301259424006,-999.0
23126.30132192084,-147.0
23126.30138441767,5.0
23126.301446914502,-433.0
23126.301509411333,1183.0
23126.301571908163,-92.0
23126.301634404997,-369.0
23126.301696901828,590.0
23126.30175939866,-557.0
23126.30182189549,-26.0
23126.30188439232,-859.0
23126.301946889154,-91.0
23126.302009385985,164.0
23126.302071882816,-1096.0
23126.302134379646,503.0
23126.30219687648,-615.0
23126.30225937331,-75.0
23126.302321870142,1110.0
23126.302384366973,-655.0
23126.302446863803,147.0
23126.302509360637,-578.0
23126.302571857468,-23.0
23126.3026343543,649.0
23126.30269685113,225.0
23126.30275934796,101.0
23126.302821844794,-34.0
23126.302884341625,203.0
23126.302946838456,421.0
23126.303009335286,-564.0
23126.303071832117,95.0
23126.30313432895,848.0
23126.303196825782,-421.0
23126.303259322613,-108.0
23126.303321819443,708.0
23126.303384316278,-433.0
23126.303446813108,-414.0
23126.30350930994,-92.0
23126.30357180677,62.0
23126.3036343036,782.0
23126.303696800434,-1264.0
23126.303759297265,140.0
23126.303821794096,787.0
23126.303884290926,-873.0
23126.303946787757,-1200.0
23126.30400928459,-99.0
23126.304071781422,298.0
23126.304134278253,-177.0
23126.304196775083,-80.0
23126.304259271914,125.0
23126.30432176875,-200.0
23126.30438426558,-638.0
23126.30444676241,-106.0
23126.30450925924,310.0
23126.304571756074,629.0
23126.304634252905,-846.0
23126.304696749736,-982.0
23126.304759246566,58.0
23126.304821743397,1168.0
23126.30488424023,832.0
23126.304946737062,-574.0
23126.305009233893,496.0
23126.305071730723,796.0
23126.305134227554,-551.0
23126.30519672439,-632.0
23126.30525922122,782.0
23126.30532171805,498.0
23126.30538421488,-77.0
23126.30544671171,-63.0
23126.305509208545,89.0
23126.305571705376,694.0
23126.305634202206,-13.0
23126.305696699037,-440.0
23126.30575919587,1096.0
23126.305821692702,-71.0
23126.305884189533,-435.0
23126.305946686363,-635.0
23126.306009183194,-756.0
23126.30607168003,694.0
23126.30613417686,-324.0
23126.30619667369,-999.0
23126.30625917052,292.0
23126.30632166735,-343.0
23126.306384164185,-157.0
23126.306446661016,-737.0
23126.306509157846,-912.0
23126.306571654677,750.0
23126.306634151508,-560.0
23126.306696648342,-158.0
23126.306759145173,24.0
23126.306821642003,-1219.0
23126.306884138834,230.0
23126.30694663567,-233.0
23126.3070091325,-126.0
23126.30707162933,186.0
23126.30713412616,-566.0
23126.30719662299,-942.0
23126.307259119825,-763.0
23126.307321616656,1559.0
23126.307384113486,739.0
23126.307446610317,-545.0
23126.307509107148,78.0
23126.307571603982,150.0
23126.307634100813,409.0
23126.307696597643,-459.0
23126.307759094474,272.0
23126.307821591305,510.0
23126.30788408814,-6.0
23126.30794658497,-193.0
23126.3080090818,-199.0
23126.30807157863,-161.0
23126.308134075465,-122.0
23126.308196572296,276.0
23126.308259069127,-579.0
23126.308321565957,-401.0
23126.308384062788,-982.0
23126.308446559622,-191.0
23126.308509056453,-354.0
23126.308571553283,-412.0
23126.308634050114,-1425.0
23126.308696546945,-658.0
23126.30875904378,779.0
23126.30882154061,-1379.0
23126.30888403744,-31.0
23126.30894653427,283.0
23126.3090090311,-626.0
23126.309071527936,-100.0
23126.309134024767,-139.0
23126.309196521597,155.0
23126.309259018428,423.0
23126.309321515262,-986.0
23126.309384012093,-530.0
23126.309446508923,1137.0
23126.309509005754,-276.0
23126.309571502585,-251.0
23126.30963399942,631.0
23126.30969649625,400.0
23126.30975899308,577.0
23126.30982148991,-666.0
23126.30988398674,528.0
23126.309946483576,449.0
23126.310008980407,-542.0
23126.310071477237,585.0
23126.310133974068,599.0
23126.3101964709,129.0
23126.310258967733,105.0
23126.310321464563,1249.0
23126.310383961394,895.0
23126.310446458225,-890.0
23126.31050895506,-305.0
23126.31057145189,-337.0
23126.31063394872,-401.0
23126.31069644555,-745.0
23126.31075894238,-66.0
23126.310821439216,266.0
23126.310883936047,-1162.0
23126.310946432877,-512.0
23126.311008929708,-572.0
23126.31107142654,-234.0
23126.311133923373,383.0
23126.311196420203,-1309.0
23126.311258917034,-594.0
23126.311321413865,507.0
23126.311383910695,-783.0
23126.31144640753,-375.0
23126.31150890436,-192.0
23126.31157140119,-543.0
23126.31163389802,364.0
23126.311696394856,11.0
23126.311758891687,-447.0
23126.311821388517,175.0
23126.311883885348,-436.0
23126.31194638218,-337.0
23126.312008879013,594.0
23126.312071375844,128.0
23126.312133872674,819.0
23126.312196369505,256.0
23126.312258866335,-1283.0
23126.31232136317,102.0
23126.31238386,690.0
23126.31244635683,747.0
23126.31250885366,520.0
23126.312571350492,-352.0
23126.312633847327,-538.0
23126.312696344157,369.0
23126.312758840988,812.0
23126.31282133782,340.0
23126.312883834653,-467.0
23126.312946331484,376.0
23126.313008828314,-34.0
23126.313071325145,-614.0
23126.313133821975,-335.0
23126.31319631881,-572.0
23126.31325881564,-675.0
23126.31332131247,-176.0
23126.3133838093,-210.0
23126.313446306132,-914.0
23126.313508802967,-96.0
23126.313571299797,-567.0
23126.313633796628,-708.0
23126.31369629346,443.0
23126.31375879029,69.0
23126.313821287124,-370.0
23126.313883783954,-307.0
23126.313946280785,43.0
23126.314008777616,590.0
23126.31407127445,573.0
23126.31413377128,775.0
23126.31419626811,-243.0
23126.31425876494,443.0
23126.314321261772,1058.0
23126.314383758607,322.0
23126.314446255437,-580.0
23126.314508752268,40.0
23126.3145712491,1416.0
23126.31463374593,-155.0
23126.314696242764,-251.0
23126.314758739594,1286.0
23126.314821236425,276.0
23126.314883733256,-1210.0
23126.314946230086,378.0
23126.31500872692,908.0
23126.31507122375,-313.0
23126.31513372058,125.0
23126.315196217412,485.0
23126.315258714247,663.0
23126.315321211077,36.0
23126.315383707908,99.0
23126.31544620474,-98.0
23126.31550870157,550.0
23126.315571198404,955.0
23126.315633695234,-877.0
23126.315696192065,323.0
23126.315758688896,103.0
23126.315821185726,-554.0
23126.31588368256,-196.0
23126.31594617939,-177.0
23126.316008676222,-228.0
23126.316071173052,-19.0
23126.316133669883,241.0
23126.316196166717,219.0
23126.316258663548,150.0
23126.31632116038,-576.0
23126.31638365721,297.0
23126.316446154044,-497.0
23126.316508650874,15.0
23126.316571147705,1543.0
23126.316633644536,269.0
23126.316696141366,19.0
23126.3167586382,450.0
23126.31682113503,1264.0
23126.316883631862,584.0
23126.316946128693,-589.0
23126.317008625523,268.0
23126.317071122357,572.0
23126.317133619188,230.0
23126.31719611602,38.0
23126.31725861285,188.0
23126.31732110968,906.0
23126.317383606514,177.0
23126.317446103345,-349.0
23126.317508600176,695.0
23126.317571097006,-109.0
23126.31763359384,171.0
23126.31769609067,-99.0
23126.317758587502,-840.0
23126.317821084333,1061.0
23126.317883581163,449.0
23126.317946077997,-672.0
23126.318008574828,246.0
23126.31807107166,-23.0
23126.31813356849,441.0
23126.31819606532,-438.0
23126.318258562154,25.0
23126.318321058985,1046.0
23126.318383555816,-1.0
23126.318446052646,-391.0
23126.318508549477,-283.0
23126.31857104631,932.0
23126.318633543142,736.0
23126.318696039973,-801.0
23126.318758536803,182.0
23126.318821033638,286.0
23126.318883530468,-160.0
23126.3189460273,420.0
23126.31900852413,707.0
23126.31907102096,732.0
23126.319133517794,-311.0
23126.319196014625,0.0
23126.319258511456,504.0
23126.319321008286,788.0
23126.319383505117,232.0
23126.31944600195,-198.0
23126.319508498782,154.0
23126.319570995613,28.0
23126.319633492443,604.0
23126.319695989274,292.0
23126.31975848611,-418.0
23126.31982098294,492.0
23126.31988347977,204.0
23126.3199459766,-196.0
23126.320008473434,-420.0
23126.320070970265,-434.0
23126.320133467096,536.0
23126.320195963926,138.0
23126.320258460757,-1000.0
23126.32032095759,-69.0
23126.320383454422,930.0
23126.320445951253,-102.0
23126.320508448083,435.0
23126.320570944914,-73.0
23126.32063344175,130.0
23126.32069593858,167.0
23126.32075843541,-805.0
23126.32082093224,-511.0
23126.32088342907,850.0
23126.320945925905,1051.0
23126.321008422736,-473.0
23126.321070919566,182.0
23126.321133416397,577.0
23126.32119591323,104.0
23126.321258410062,44.0
23126.321320906893,-30.0
23126.321383403723,1556.0
23126.321445900554,526.0
23126.32150839739,-263.0
23126.32157089422,57.0
23126.32163339105,383.0
23126.32169588788,1425.0
23126.32175838471,355.0
23126.321820881545,-298.0
23126.321883378376,174.0
23126.321945875206,638.0
23126.322008372037,1338.0
23126.322070868868,599.0
23126.322133365702,-217.0
23126.322195862533,347.0
23126.322258359363,687.0
23126.322320856194,-583.0
23126.32238335303,-695.0
23126.32244584986,583.0
23126.32250834669,-38.0
23126.32257084352,-583.0
23126.32263334035,-362.0
23126.322695837185,539.0
23126.322758334016,412.0
23126.322820830846,-294.0
23126.322883327677,-496.0
23126.322945824508,-277.0
23126.323008321342,367.0
23126.323070818173,-359.0
23126.323133315003,161.0
23126.323195811834,1091.0
23126.323258308665,212.0
23126.3233208055,-763.0
23126.32338330233,58.0
23126.32344579916,1114.0
23126.32350829599,-609.0
23126.323570792825,-570.0
23126.323633289656,-980.0
23126.323695786486,48.0
23126.323758283317,1449.0
23126.323820780148,-704.0
23126.323883276982,-651.0
23126.323945773813,739.0
23126.324008270643,1002.0
23126.324070767474,-480.0
23126.324133264305,-285.0
23126.32419576114,315.0
23126.32425825797,-6.0
23126.3243207548,586.0
23126.32438325163,-776.0
23126.32444574846,371.0
23126.324508245296,39.0
23126.324570742127,642.0
23126.324633238957,382.0
23126.324695735788,-750.0
23126.324758232622,239.0
23126.324820729453,-39.0
23126.324883226283,-4.0
23126.324945723114,-886.0
23126.325008219945,512.0
23126.32507071678,933.0
23126.32513321361,-1165.0
23126.32519571044,-904.0
23126.32525820727,344.0
23126.3253207041,613.0
23126.325383200936,-377.0
23126.325445697767,-85.0
23126.325508194597,29.0
23126.325570691428,-633.0
23126.32563318826,-76.0
23126.325695685093,-863.0
23126.325758181923,439.0
23126.325820678754,125.0
23126.325883175585,-1777.0
23126.32594567242,383.0
23126.32600816925,107.0
23126.32607066608,-478.0
23126.32613316291,297.0
23126.32619565974,-439.0
23126.326258156576,-494.0
23126.326320653407,959.0
23126.326383150237,-591.0
23126.326445647068,-187.0
23126.3265081439,986.0
23126.326570640733,-707.0
23126.326633137563,91.0
23126.326695634394,699.0
23126.326758131225,852.0
23126.326820628055,338.0
23126.32688312489,-1318.0
23126.32694562172,-361.0
23126.32700811855,860.0
23126.32707061538,-54.0
23126.327133112216,517.0
23126.327195609047,155.0
23126.327258105877,-1208.0
23126.327320602708,-1388.0
23126.32738309954,152.0
23126.327445596373,1586.0
23126.327508093204,-223.0
23126.327570590034,-1177.0
23126.327633086865,39.0
23126.327695583695,-63.0
23126.32775808053,-299.0
23126.32782057736,-9.0
23126.32788307419,-236.0
23126.32794557102,-161.0
23126.328008067852,-956.0
23126.328070564687,-382.0
23126.328133061517,380.0
23126.328195558348,145.0
23126.32825805518,-97.0
23126.328320552013,-431.0
23126.328383048844,65.0
23126.328445545674,-167.0
23126.328508042505,-679.0
23126.328570539335,-673.0
23126.32863303617,33.0
23126.328695533,415.0
23126.32875802983,-247.0
23126.32882052666,535.0
23126.328883023492,435.0
23126.328945520327,-144.0
23126.329008017157,-131.0
23126.329070513988,704.0
23126.32913301082,784.0
23126.32919550765,-807.0
23126.329258004484,502.0
23126.329320501314,-492.0
23126.329382998145,98.0
23126.329445494976,853.0
23126.32950799181,-926.0
23126.32957048864,515.0
23126.32963298547,209.0
23126.3296954823,-814.0
23126.329757979132,472.0
23126.329820475967,971.0
23126.329882972797,-719.0
23126.329945469628,-406.0
23126.33000796646,-89.0
23126.33007046329,-109.0
23126.330132960124,549.0
23126.330195456954,50.0
23126.330257953785,-464.0
23126.330320450616,-10.0
23126.330382947446,-222.0
23126.33044544428,-1577.0
23126.33050794111,-112.0
23126.33057043794,-65.0
23126.330632934772,-559.0
23126.330695431607,-24.0
23126.330757928437,388.0
23126.330820425268,-419.0
23126.3308829221,-1375.0
23126.33094541893,86.0
23126.331007915764,180.0
23126.331070412594,-284.0
23126.331132909425,-286.0
23126.331195406256,-86.0
23126.331257903086,416.0
23126.33132039992,-342.0
23126.33138289675,-117.0
23126.33144539358,111.0
23126.331507890412,-303.0
23126.331570387243,-460.0
23126.331632884077,-103.0
23126.331695380908,274.0
23126.33175787774,451.0
23126.33182037457,-419.0
23126.331882871404,-1147.0
23126.331945368234,796.0
23126.332007865065,-155.0
23126.332070361896,-933.0
23126.332132858726,697.0
23126.33219535556,357.0
23126.33225785239,-1134.0
23126.332320349222,-619.0
23126.332382846052,182.0
23126.332445342883,461.0
23126.332507839717,329.0
23126.332570336548,-1228.0
23126.33263283338,-756.0
23126.33269533021,1063.0
23126.33275782704,44.0
23126.332820323874,-798.0
23126.332882820705,-326.0
23126.332945317536,-410.0
23126.333007814366,-18.0
23126.3330703112,-272.0
23126.33313280803,-659.0
23126.333195304862,953.0
23126.333257801693,855.0
23126.333320298523,-1263.0
23126.333382795357,-626.0
23126.333445292188,299.0
23126.33350778902,-86.0
23126.33357028585,-430.0
23126.33363278268,891.0
23126.333695279514,1056.0
23126.333757776345,-555.0
23126.333820273176,-554.0
23126.333882770006,-566.0
23126.333945266837,-121.0
23126.33400776367,1544.0
23126.334070260502,600.0
23126.334132757333,-1185.0
23126.334195254163,518.0
23126.334257750997,867.0
23126.334320247828,-502.0
23126.33438274466,-12.0
23126.33444524149,-143.0
23126.33450773832,447.0
23126.334570235154,760.0
23126.334632731985,-1384.0
23126.334695228816,101.0
23126.334757725646,466.0
23126.334820222477,-362.0
23126.33488271931,993.0
23126.334945216142,617.0
23126.335007712973,-239.0
23126.335070209803,-56.0
23126.335132706634,-234.0
23126.335195203468,-139.0
23126.3352577003,-384.0
23126.33532019713,356.0
23126.33538269396,764.0
23126.335445190794,-465.0
23126.335507687625,309.0
23126.335570184456,84.0
23126.335632681286,728.0
23126.335695178117,660.0
23126.33575767495,-1762.0
23126.335820171782,-528.0
23126.335882668613,993.0
23126.335945165443,521.0
23126.336007662274,731.0
23126.33607015911,44.0
23126.33613265594,191.0
23126.33619515277,235.0
23126.3362576496,-895.0
23126.33632014643,363.0
23126.336382643265,793.0
23126.336445140096,-168.0
23126.336507636926,-223.0
23126.336570133757,374.0
23126.33663263059,-398.0
23126.336695127422,165.0
23126.336757624253,776.0
23126.336820121083,-1032.0
23126.336882617914,-314.0
23126.33694511475,349.0
23126.33700761158,404.0
23126.33707010841,-645.0
23126.33713260524,-520.0
23126.33719510207,237.0
23126.337257598905,-790.0
23126.337320095736,-312.0
23126.337382592566,787.0
23126.337445089397,329.0
23126.337507586228,520.0
23126.337570083062,-993.0
23126.337632579893,343.0
23126.337695076723,-354.0
23126.337757573554,-685.0
23126.33782007039,1521.0
23126.33788256722,-153.0
23126.33794506405,-158.0
23126.33800756088,-341.0
23126.33807005771,-385.0
23126.338132554545,379.0
23126.338195051376,726.0
23126.338257548206,-44.0
23126.338320045037,-381.0
23126.338382541868,649.0
23126.338445038702,-326.0
23126.338507535533,-93.0
23126.338570032363,97.0
23126.338632529194,-723.0
23126.338695026025,858.0
23126.33875752286,-132.0
23126.33882001969,-1189.0
23126.33888251652,-123.0
23126.33894501335,299.0
23126.339007510185,723.0
23126.339070007016,-199.0
23126.339132503846,-937.0
23126.339195000677,-161.0
23126.339257497508,-174.0
23126.339319994342,-694.0
23126.339382491173,-244.0
23126.339444988003,157.0
23126.339507484834,200.0
23126.339569981665,-838.0
23126.3396324785,-307.0
23126.33969497533,-137.0
23126.33975747216,-193.0
23126.33981996899,-209.0
23126.33988246582,47.0
23126.339944962656,-20.0
23126.340007459487,-484.0
23126.340069956317,54.0
23126.340132453148,-187.0
23126.340194949982,-698.0
23126.340257446813,563.0
23126.340319943643,1289.0
23126.340382440474,-373.0
23126.340444937305,140.0
23126.34050743414,661.0
23126.34056993097,827.0
23126.3406324278,820.0
23126.34069492463,272.0
23126.34075742146,137.0
23126.340819918296,431.0
23126.340882415127,66.0
23126.340944911957,635.0
23126.341007408788,1935.0
23126.34106990562,-308.0
23126.341132402453,-588.0
23126.341194899283,277.0
23126.341257396114,294.0
23126.341319892945,-163.0
23126.34138238978,866.0
23126.34144488661,1380.0
23126.34150738344,-919.0
23126.34156988027,-915.0
23126.3416323771,323.0
23126.341694873936,210.0
23126.341757370767,327.0
23126.341819867597,-218.0
23126.341882364428,56.0
23126.34194486126,895.0
23126.342007358093,-302.0
23126.342069854923,-1141.0
23126.342132351754,-5.0
23126.342194848585,470.0
23126.342257345415,-305.0
23126.34231984225,384.0
23126.34238233908,455.0
23126.34244483591,-766.0
23126.34250733274,-343.0
23126.342569829576,-138.0
23126.342632326407,-295.0
23126.342694823237,411.0
23126.342757320068,202.0
23126.3428198169,-718.0
23126.342882313733,-73.0
23126.342944810563,1392.0
23126.343007307394,-289.0
23126.343069804225,-3.0
23126.343132301055,-235.0
23126.34319479789,477.0
23126.34325729472,260.0
23126.34331979155,-694.0
23126.34338228838,1042.0
23126.343444785212,810.0
23126.343507282047,314.0
23126.343569778877,-528.0
23126.343632275708,425.0
23126.34369477254,869.0
23126.343757269373,-631.0
23126.343819766204,-888.0
23126.343882263034,453.0
23126.343944759865,671.0
23126.344007256695,-488.0
23126.34406975353,-615.0
23126.34413225036,275.0
23126.34419474719,487.0
23126.34425724402,-1066.0
23126.344319740852,-1285.0
23126.344382237687,-100.0
23126.344444734517,-270.0
23126.344507231348,-304.0
23126.34456972818,-385.0
23126.34463222501,296.0
23126.344694721844,-67.0
23126.344757218674,-1301.0
23126.344819715505,-654.0
23126.344882212336,-84.0
23126.34494470917,112.0
23126.345007206,-427.0
23126.34506970283,473.0
23126.34513219966,631.0
23126.345194696492,-495.0
23126.345257193327,-617.0
23126.345319690157,-317.0
23126.345382186988,412.0
23126.34544468382,577.0
23126.34550718065,-17.0
23126.345569677484,-107.0
23126.345632174314,279.0
23126.345694671145,-721.0
23126.345757167976,-335.0
23126.345819664806,-178.0
23126.34588216164,-423.0
23126.34594465847,255.0
23126.3460071553,585.0
23126.346069652132,-194.0
23126.346132148967,-303.0
23126.346194645797,-316.0
23126.346257142628,-503.0
23126.34631963946,-120.0
23126.34638213629,-438.0
23126.346444633124,386.0
23126.346507129954,859.0
23126.346569626785,-1077.0
23126.346632123616,-323.0
23126.346694620446,144.0
23126.34675711728,-1362.0
23126.34681961411,-921.0
23126.34688211094,716.0
23126.346944607772,432.0
23126.347007104603,-272.0
23126.347069601437,66.0
23126.347132098268,-672.0
23126.3471945951,-173.0
23126.34725709193,101.0
23126.347319588764,-657.0
23126.347382085594,-128.0
23126.347444582425,887.0
23126.347507079256,527.0
23126.347569576086,-296.0
23126.34763207292,80.0
23126.34769456975,-125.0
23126.347757066582,-524.0
23126.347819563412,-350.0
23126.347882060243,158.0
23126.347944557077,867.0
23126.348007053908,113.0
23126.34806955074,-1671.0
23126.34813204757,152.0
23126.3481945444,1459.0
23126.348257041234,-219.0
23126.348319538065,634.0
23126.348382034896,485.0
23126.348444531726,-772.0
23126.34850702856,-889.0
23126.34856952539,804.0
23126.348632022222,992.0
23126.348694519053,-346.0
23126.348757015883,1219.0
23126.348819512717,-277.0
23126.348882009548,-843.0
23126.34894450638,775.0
23126.34900700321,-7.0
23126.34906950004,-365.0
23126.349131996874,-11.0
23126.349194493705,-10.0
23126.349256990536,158.0
23126.349319487366,-469.0
23126.349381984197,-357.0
23126.34944448103,549.0
23126.349506977862,224.0
23126.349569474693,-235.0
23126.349631971523,-461.0
23126.349694468357,-591.0
23126.349756965188,-551.0
23126.34981946202,-330.0
23126.34988195885,198.0
23126.34994445568,20.0
23126.350006952514,123.0
23126.350069449345,863.0
23126.350131946176,-575.0
23126.350194443006,-788.0
23126.350256939837,235.0
23126.35031943667,-933.0
23126.350381933502,-892.0
23126.350444430333,1037.0
23126.350506927163,-386.0
23126.350569423994,-762.0
23126.350631920828,-394.0
23126.35069441766,-273.0
23126.35075691449,116.0
23126.35081941132,-655.0
23126.350881908154,-24.0
23126.350944404985,86.0
23126.351006901816,-455.0
23126.351069398646,-670.0
23126.351131895477,-420.0
23126.35119439231,632.0
23126.351256889142,709.0
23126.351319385973,-908.0
23126.351381882803,354.0
23126.351444379634,252.0
23126.35150687647,-388.0
23126.3515693733,203.0
23126.35163187013,-125.0
23126.35169436696,-601.0
23126.35175686379,-278.0
23126.351819360625,-630.0
23126.351881857456,-128.0
23126.351944354286,750.0
23126.352006851117,-240.0
23126.35206934795,-1413.0
23126.352131844782,-663.0
23126.352194341613,854.0
23126.352256838443,254.0
23126.352319335274,-248.0
23126.35238183211,337.0
23126.35244432894,-384.0
23126.35250682577,167.0
23126.3525693226,-58.0
23126.35263181943,-606.0
23126.352694316265,477.0
23126.352756813096,-422.0
23126.352819309926,-292.0
23126.352881806757,978.0
23126.352944303588,149.0
23126.353006800422,-482.0
23126.353069297253,-87.0
23126.353131794083,124.0
23126.353194290914,-401.0
23126.35325678775,318.0
23126.35331928458,130.0
23126.35338178141,367.0
23126.35344427824,103.0
23126.35350677507,-333.0
23126.353569271905,888.0
23126.353631768736,-88.0
23126.353694265566,197.0
23126.353756762397,253.0
23126.353819259228,-549.0
23126.353881756062,-289.0
23126.353944252893,60.0
23126.354006749723,-144.0
23126.354069246554,94.0
23126.354131743385,-164.0
23126.35419424022,-273.0
23126.35425673705,422.0
23126.35431923388,-53.0
23126.35438173071,-749.0
23126.354444227545,-202.0
23126.354506724376,676.0
23126.354569221206,-76.0
23126.354631718037,-1077.0
23126.354694214868,573.0
23126.354756711702,1318.0
23126.354819208533,-959.0
23126.354881705363,-384.0
23126.354944202194,444.0
23126.355006699025,-188.0
23126.35506919586,487.0
23126.35513169269,615.0
23126.35519418952,846.0
23126.35525668635,411.0
23126.35531918318,-1174.0
23126.355381680016,17.0
23126.355444176847,1193.0
23126.355506673677,-234.0
23126.355569170508,-587.0
23126.355631667342,1062.0
23126.355694164173,639.0
23126.355756661003,-1273.0
23126.355819157834,871.0
23126.355881654665,1394.0
23126.3559441515,-911.0
23126.35600664833,-59.0
23126.35606914516,594.0
23126.35613164199,826.0
23126.35619413882,317.0
23126.356256635656,-558.0
23126.356319132487,1034.0
23126.356381629317,-36.0
23126.356444126148,-485.0
23126.35650662298,-669.0
23126.356569119813,-513.0
23126.356631616643,1980.0
23126.356694113474,-550.0
23126.356756610305,-941.0
23126.35681910714,1353.0
23126.35688160397,-295.0
23126.3569441008,-1482.0
23126.35700659763,-520.0
23126.35706909446,656.0
23126.357131591296,864.0
23126.357194088127,-261.0
23126.357256584957,-506.0
23126.357319081788,826.0
23126.35738157862,44.0
23126.357444075453,-622.0
23126.357506572283,516.0
23126.357569069114,334.0
23126.357631565945,557.0
23126.357694062775,-270.0
23126.35775655961,304.0
23126.35781905644,1057.0
23126.35788155327,-733.0
23126.3579440501,1024.0
23126.358006546936,1414.0
23126.358069043767,-440.0
23126.358131540597,226.0
23126.358194037428,-544.0
23126.35825653426,-65.0
23126.358319031093,562.0
23126.358381527923,-342.0
23126.358444024754,-750.0
23126.358506521585,-366.0
23126.358569018415,-440.0
23126.35863151525,113.0
23126.35869401208,411.0
23126.35875650891,552.0
23126.35881900574,663.0
23126.358881502572,-1274.0
23126.358943999407,-1455.0
23126.359006496237,-24.0
23126.359068993068,1736.0
23126.3591314899,1473.0
23126.359193986733,-323.0
23126.359256483564,-344.0
23126.359318980394,-1114.0
23126.359381477225,-179.0
23126.359443974055,916.0
23126.35950647089,269.0
23126.35956896772,-282.0
23126.35963146455,118.0
23126.35969396138,-600.0
23126.359756458212,-867.0
23126.359818955047,1122.0
23126.359881451877,1010.0
23126.359943948708,44.0
23126.36000644554,-1117.0
23126.36006894237,-38.0
23126.360131439204,-80.0
23126.360193936034,-823.0
23126.360256432865,108.0
23126.360318929695,595.0
23126.36038142653,1103.0
23126.36044392336,59.0
23126.36050642019,497.0
23126.36056891702,1233.0
23126.360631413852,-1.0
23126.360693910687,-361.0
23126.360756407517,642.0
23126.360818904348,484.0
23126.36088140118,287.0
23126.36094389801,79.0
23126.361006394844,466.0
23126.361068891674,717.0
23126.361131388505,-88.0
23126.361193885336,-278.0
23126.361256382166,379.0
23126.361318879,365.0
23126.36138137583,-77.0
23126.36144387266,-267.0
23126.361506369492,368.0
23126.361568866327,-280.0
23126.361631363157,-586.0
23126.361693859988,205.0
23126.36175635682,-506.0
23126.36181885365,-587.0
23126.361881350484,-32.0
23126.361943847314,-90.0
23126.362006344145,-499.0
23126.362068840976,-604.0
23126.362131337806,-383.0
23126.36219383464,-4.0
23126.36225633147,-212.0
23126.3623188283,77.0
23126.362381325132,-61.0
23126.362443821963,927.0
23126.362506318797,209.0
23126.362568815628,-377.0
23126.36263131246,1174.0
23126.36269380929,-393.0
23126.362756306124,435.0
23126.362818802954,587.0
23126.362881299785,215.0
23126.362943796616,964.0
23126.363006293446,-255.0
23126.36306879028,-246.0
23126.36313128711,704.0
23126.363193783942,463.0
23126.363256280772,393.0
23126.363318777603,128.0
23126.363381274437,514.0
23126.363443771268,357.0
23126.3635062681,-388.0
23126.36356876493,198.0
23126.36363126176,569.0
23126.363693758594,385.0
23126.363756255425,99.0
23126.363818752256,-504.0
23126.363881249086,-458.0
23126.36394374592,130.0
23126.36400624275,286.0
23126.364068739582,-148.0
23126.364131236413,-10.0
23126.364193733243,605.0
23126.364256230077,199.0
23126.364318726908,-975.0
23126.36438122374,-703.0
23126.36444372057,218.0
23126.3645062174,-404.0
23126.364568714234,-677.0
23126.364631211065,200.0
23126.364693707896,420.0
23126.364756204726,-517.0
23126.364818701557,-856.0
23126.36488119839,400.0
23126.364943695222,-464.0
23126.365006192053,735.0
23126.365068688883,850.0
23126.365131185717,-457.0
23126.365193682548,381.0
23126.36525617938,-30.0
23126.36531867621,-105.0
23126.36538117304,522.0
23126.365443669874,-151.0
23126.365506166705,80.0
23126.365568663536,168.0
23126.365631160366,-23.0
23126.365693657197,1094.0
23126.36575615403,199.0
23126.365818650862,-359.0
23126.365881147693,-221.0
23126.365943644523,-429.0
23126.366006141354,-482.0
23126.366068638188,-84.0
23126.36613113502,242.0
23126.36619363185,383.0
23126.36625612868,326.0
23126.366318625514,-341.0
23126.366381122345,-209.0
23126.366443619176,-860.0
23126.366506116006,200.0
23126.366568612837,1343.0
23126.36663110967,-815.0
23126.366693606502,-971.0
23126.366756103333,583.0
23126.366818600163,-11.0
23126.366881096994,-1377.0
23126.36694359383,-129.0
23126.36700609066,785.0
23126.36706858749,-453.0
23126.36713108432,-662.0
23126.36719358115,-278.0
23126.367256077985,-773.0
23126.367318574816,-513.0
23126.367381071646,-828.0
23126.367443568477,-616.0
23126.36750606531,1563.0
23126.367568562142,-289.0
23126.367631058973,-1386.0
23126.367693555803,47.0
23126.367756052634,-339.0
23126.36781854947,188.0
23126.3678810463,-439.0
23126.36794354313,-363.0
23126.36800603996,132.0
23126.36806853679,-347.0
23126.368131033625,581.0
23126.368193530456,-504.0
23126.368256027286,-114.0
23126.368318524117,371.0
23126.368381020948,-76.0
23126.368443517782,542.0
23126.368506014613,672.0
23126.368568511443,704.0
23126.368631008274,-108.0
23126.36869350511,-1142.0
23126.36875600194,338.0
23126.36881849877,990.0
23126.3688809956,138.0
23126.36894349243,854.0
23126.369005989265,415.0
23126.369068486096,-1038.0
23126.369130982926,-60.0
23126.369193479757,824.0
23126.369255976588,-101.0
23126.369318473422,-407.0
23126.369380970253,271.0
23126.369443467083,25.0
23126.369505963914,-1317.0
23126.369568460745,-195.0
23126.36963095758,244.0
23126.36969345441,-625.0
23126.36975595124,364.0
23126.36981844807,-522.0
23126.369880944905,-803.0
23126.369943441736,-748.0
23126.370005938566,149.0
23126.370068435397,534.0
23126.370130932228,-348.0
23126.370193429062,491.0
23126.370255925893,94.0
23126.370318422723,59.0
23126.370380919554,389.0
23126.370443416385,-11.0
23126.37050591322,-837.0
23126.37056841005,-49.0
23126.37063090688,675.0
23126.37069340371,-639.0
23126.37075590054,-595.0
23126.370818397376,785.0
23126.370880894206,322.0
23126.370943391037,-159.0
23126.371005887868,268.0
23126.371068384702,-36.0
23126.371130881533,-337.0
23126.371193378363,-470.0
23126.371255875194,-69.0
23126.371318372025,698.0
23126.37138086886,280.0
23126.37144336569,-232.0
23126.37150586252,258.0
23126.37156835935,-124.0
23126.37163085618,-405.0
23126.371693353016,0.0
23126.371755849847,272.0
23126.371818346677,3.0
23126.371880843508,-444.0
23126.37194334034,-717.0
23126.372005837173,300.0
23126.372068334003,-147.0
23126.372130830834,-1222.0
23126.372193327665,46.0
23126.3722558245,957.0
23126.37231832133,-281.0
23126.37238081816,-703.0
23126.37244331499,-644.0
23126.37250581182,-73.0
23126.372568308656,58.0
23126.372630805487,272.0
23126.372693302317,301.0
23126.372755799148,-482.0
23126.37281829598,-426.0
23126.372880792813,-670.0
23126.372943289643,377.0
23126.373005786474,257.0
23126.373068283305,-519.0
23126.373130780135,-324.0
23126.37319327697,190.0
23126.3732557738,-360.0
23126.37331827063,-860.0
23126.37338076746,275.0
23126.373443264296,643.0
23126.373505761127,-200.0
23126.373568257957,219.0
23126.373630754788,69.0
23126.37369325162,-577.0
23126.373755748453,386.0
23126.373818245283,-21.0
23126.373880742114,721.0
23126.373943238945,511.0
23126.374005735775,-178.0
23126.37406823261,255.0
23126.37413072944,145.0
23126.37419322627,392.0
23126.3742557231,-242.0
23126.374318219932,-466.0
23126.374380716767,240.0
23126.374443213597,223.0
23126.374505710428,-412.0
23126.37456820726,501.0
23126.374630704093,393.0
23126.374693200924,-266.0
23126.374755697754,-110.0
23126.374818194585,272.0
23126.374880691415,-209.0
23126.37494318825,-824.0
23126.37500568508,1204.0
23126.37506818191,474.0
23126.37513067874,-479.0
23126.375193175572,228.0
23126.375255672407,-2.0
23126.375318169237,698.0
23126.375380666068,-140.0
23126.3754431629,28.0
23126.37550565973,212.0
23126.375568156564,-938.0
23126.375630653394,112.0
23126.375693150225,731.0
23126.375755647055,784.0
23126.37581814389,478.0
23126.37588064072,-716.0
23126.37594313755,382.0
23126.37600563438,4.0
23126.376068131212,-1121.0
23126.376130628047,966.0
23126.376193124877,129.0
23126.376255621708,-639.0
23126.37631811854,573.0
23126.37638061537,-264.0
23126.376443112204,447.0
23126.376505609034,26.0
23126.376568105865,3.0
23126.376630602696,1385.0
23126.376693099526,220.0
23126.37675559636,-1159.0
23126.37681809319,-197.0
23126.37688059002,343.0
23126.376943086852,-379.0
23126.377005583687,-164.0
23126.377068080517,845.0
23126.377130577348,-252.0
23126.37719307418,-1184.0
23126.37725557101,619.0
23126.377318067844,780.0
23126.377380564674,256.0
23126.377443061505,-939.0
23126.377505558336,-1180.0
23126.377568055166,348.0
23126.377630552,-280.0
23126.37769304883,674.0
23126.37775554566,624.0
23126.377818042492,-309.0
23126.377880539323,-446.0
23126.377943036157,246.0
23126.378005532988,-79.0
23126.37806802982,-105.0
23126.37813052665,306.0
23126.378193023484,47.0
23126.378255520314,406.0
23126.378318017145,540.0
23126.378380513976,129.0
23126.378443010806,-345.0
23126.37850550764,531.0
23126.37856800447,659.0
23126.3786305013,-78.0
23126.378692998132,-569.0
23126.378755494963,-710.0
23126.378817991797,374.0
23126.378880488628,180.0
23126.37894298546,158.0
23126.37900548229,1283.0
23126.37906797912,180.0
23126.379130475954,-1374.0
23126.379192972785,-728.0
23126.379255469616,838.0
23126.379317966446,721.0
23126.37938046328,-614.0
23126.37944296011,-294.0
23126.379505456942,344.0
23126.379567953772,330.0
23126.379630450603,-63.0
23126.379692947437,-252.0
23126.379755444268,670.0
23126.3798179411,-92.0
23126.37988043793,-353.0
23126.37994293476,168.0
23126.380005431594,320.0
23126.380067928425,-430.0
23126.380130425256,296.0
23126.380192922086,85.0
23126.380255418917,-310.0
23126.38031791575,-21.0
23126.380380412582,-296.0
23126.380442909413,1153.0
23126.380505406243,465.0
23126.380567903077,-1081.0
23126.380630399908,-360.0
23126.38069289674,783.0
23126.38075539357,474.0
23126.3808178904,119.0
23126.380880387234,-37.0
23126.380942884065,148.0
23126.381005380896,256.0
23126.381067877726,-335.0
23126.381130374557,-260.0
23126.38119287139,435.0
23126.381255368222,-272.0
23126.381317865053,-119.0
23126.381380361883,89.0
23126.381442858714,375.0
23126.381505355548,96.0
23126.38156785238,100.0
23126.38163034921,475.0
23126.38169284604,416.0
23126.381755342874,201.0
23126.381817839705,512.0
23126.381880336536,-122.0
23126.381942833366,41.0
23126.382005330197,979.0
23126.38206782703,-216.0
23126.382130323862,-21.0
23126.382192820693,-81.0
23126.382255317523,-253.0
23126.382317814354,12.0
23126.382380311188,-701.0
23126.38244280802,-371.0
23126.38250530485,14.0
23126.38256780168,16.0
23126.38263029851,677.0
23126.382692795345,-136.0
23126.382755292176,-131.0
23126.382817789006,235.0
23126.382880285837,-379.0
23126.38294278267,526.0
23126.383005279502,-19.0
23126.383067776333,-612.0
23126.383130273163,1080.0
23126.383192769994,544.0
23126.38325526683,759.0
23126.38331776366,538.0
23126.38338026049,-320.0
23126.38344275732,-131.0
23126.38350525415,-463.0
23126.383567750985,513.0
23126.383630247816,825.0
23126.383692744646,-59.0
23126.383755241477,-63.0
23126.383817738308,263.0
23126.383880235142,-467.0
23126.383942731973,610.0
23126.384005228803,804.0
23126.384067725634,-339.0
23126.38413022247,-243.0
23126.3841927193,-159.0
23126.38425521613,-305.0
23126.38431771296,-134.0
23126.38438020979,164.0
23126.384442706625,512.0
23126.384505203456,496.0
23126.384567700286,-333.0
23126.384630197117,-736.0
23126.384692693948,-7.0
23126.384755190782,34.0
23126.384817687613,624.0
23126.384880184443,636.0
23126.384942681274,-584.0
23126.385005178105,-979.0
23126.38506767494,-305.0
23126.38513017177,-640.0
23126.3851926686,-608.0
23126.38525516543,467.0
23126.385317662265,-249.0
23126.385380159096,0.0
23126.385442655926,-116.0
23126.385505152757,-527.0
23126.385567649588,-428.0
23126.385630146422,-460.0
23126.385692643253,453.0
23126.385755140083,287.0
23126.385817636914,198.0
23126.385880133745,-155.0
23126.38594263058,134.0
23126.38600512741,291.0
23126.38606762424,-442.0
23126.38613012107,-272.0
23126.3861926179,-458.0
23126.386255114736,206.0
23126.386317611566,-129.0
23126.386380108397,750.0
23126.386442605228,120.0
23126.386505102062,-658.0
23126.386567598893,-147.0
23126.386630095723,98.0
23126.386692592554,741.0
23126.386755089385,-441.0
23126.38681758622,187.0
23126.38688008305,-349.0
23126.38694257988,-365.0
23126.38700507671,586.0
23126.38706757354,-1089.0
23126.387130070376,-286.0
23126.387192567207,508.0
23126.387255064037,432.0
23126.387317560868,371.0
23126.3873800577,-149.0
23126.387442554533,704.0
23126.387505051363,313.0
23126.387567548194,-1242.0
23126.387630045025,-192.0
23126.38769254186,-300.0
23126.38775503869,-251.0
23126.38781753552,888.0
23126.38788003235,-18.0
23126.38794252918,-1000.0
23126.388005026016,-547.0
23126.388067522847,-274.0
23126.388130019677,24.0
23126.388192516508,-122.0
23126.38825501334,-40.0
23126.388317510173,-337.0
23126.388380007003,-326.0
23126.388442503834,329.0
23126.388505000665,-158.0
23126.388567497495,624.0
23126.38862999433,718.0
23126.38869249116,-627.0
23126.38875498799,-44.0
23126.38881748482,-255.0
23126.388879981656,87.0
23126.388942478487,682.0
23126.389004975317,194.0
23126.389067472148,-382.0
23126.38912996898,230.0
23126.389192465813,488.0
23126.389254962643,-214.0
23126.389317459474,-200.0
23126.389379956305,224.0
23126.389442453135,535.0
23126.38950494997,-97.0
23126.3895674468,-279.0
23126.38962994363,-679.0
23126.38969244046,-228.0
23126.389754937292,159.0
23126.389817434127,55.0
23126.389879930957,487.0
23126.389942427788,-483.0
23126.39000492462,-150.0
23126.390067421453,-909.0
23126.390129918283,-356.0
23126.390192415114,427.0
23126.390254911945,-111.0
23126.390317408775,-199.0
23126.39037990561,-289.0
23126.39044240244,623.0
23126.39050489927,-455.0
23126.3905673961,-752.0
23126.390629892932,-1117.0
23126.390692389767,-242.0
23126.390754886597,-137.0
23126.390817383428,-579.0
23126.39087988026,819.0
23126.39094237709,337.0
23126.391004873924,-790.0
23126.391067370754,-219.0
23126.391129867585,350.0
23126.391192364415,-44.0
23126.39125486125,-97.0
23126.39131735808,-547.0
23126.39137985491,-78.0
23126.39144235174,146.0
23126.391504848572,-738.0
23126.391567345407,377.0
23126.391629842237,515.0
23126.391692339068,-766.0
23126.3917548359,-155.0
23126.39181733273,-167.0
23126.391879829564,-599.0
23126.391942326394,-104.0
23126.392004823225,-330.0
23126.392067320056,-162.0
23126.392129816886,-780.0
23126.39219231372,313.0
23126.39225481055,-35.0
23126.39231730738,-585.0
23126.392379804212,578.0
23126.392442301047,-71.0
23126.392504797877,-71.0
23126.392567294708,-451.0
23126.39262979154,-518.0
23126.39269228837,-424.0
23126.392754785204,-307.0
23126.392817282034,50.0
23126.392879778865,-851.0
23126.392942275696,-42.0
23126.393004772526,-135.0
23126.39306726936,-1025.0
23126.39312976619,129.0
23126.39319226302,-423.0
23126.393254759852,-519.0
23126.393317256683,367.0
23126.393379753517,182.0
23126.393442250348,-463.0
23126.39350474718,-732.0
23126.39356724401,680.0
23126.393629740844,101.0
23126.393692237674,-1122.0
23126.393754734505,435.0
23126.393817231336,776.0
23126.393879728166,-257.0
23126.393942225,362.0
23126.39400472183,193.0
23126.39406721866,162.0
23126.394129715492,339.0
23126.394192212323,-419.0
23126.394254709157,241.0
23126.394317205988,609.0
23126.39437970282,175.0
23126.39444219965,275.0
23126.39450469648,-90.0
23126.394567193314,-354.0
23126.394629690145,-359.0
23126.394692186976,1074.0
23126.394754683806,286.0
23126.39481718064,-282.0
23126.39487967747,1072.0
23126.394942174302,226.0
23126.395004671132,13.0
23126.395067167963,329.0
23126.395129664797,123.0
23126.395192161628,749.0
23126.39525465846,455.0
23126.39531715529,-165.0
23126.39537965212,271.0
23126.395442148954,162.0
23126.395504645785,534.0
23126.395567142616,142.0
23126.395629639446,69.0
23126.395692136277,-325.0
23126.39575463311,-958.0
23126.395817129942,401.0
23126.395879626773,-125.0
23126.395942123603,686.0
23126.396004620437,457.0
23126.396067117268,-1559.0
23126.3961296141,205.0
23126.39619211093,238.0
23126.39625460776,-71.0
23126.396317104594,156.0
23126.396379601425,176.0
23126.396442098256,-694.0
23126.396504595086,-891.0
23126.396567091917,411.0
23126.39662958875,-286.0
23126.396692085582,379.0
23126.396754582413,-199.0
23126.396817079243,-720.0
23126.396879576074,695.0
23126.396942072908,-52.0
23126.39700456974,-105.0
23126.39706706657,518.0
23126.3971295634,-320.0
23126.397192060234,-123.0
23126.397254557065,624.0
23126.397317053896,735.0
23126.397379550726,-203.0
23126.397442047557,-221.0
23126.39750454439,142.0
23126.397567041222,77.0
23126.397629538053,-493.0
23126.397692034883,179.0
23126.397754531714,154.0
23126.397817028548,199.0
23126.39787952538,1077.0
23126.39794202221,-184.0
23126.39800451904,-28.0
23126.39806701587,-74.0
23126.398129512705,52.0
23126.398192009536,-513.0
23126.398254506366,95.0
23126.398317003197,8.0
23126.39837950003,-1012.0
23126.398441996862,1013.0
23126.398504493693,1336.0
23126.398566990523,-829.0
23126.398629487354,-671.0
23126.39869198419,282.0
23126.39875448102,-359.0
23126.39881697785,376.0
23126.39887947468,-161.0
23126.39894197151,-571.0
23126.399004468345,1065.0
23126.399066965176,-372.0
23126.399129462006,-435.0
23126.399191958837,343.0
23126.399254455668,226.0
23126.399316952502,275.0
23126.399379449333,524.0
23126.399441946163,-2.0
23126.399504442994,-129.0
23126.39956693983,573.0
23126.39962943666,531.0
23126.39969193349,323.0
23126.39975443032,397.0
23126.39981692715,-570.0
23126.399879423985,-931.0
23126.399941920816,683.0
23126.400004417646,476.0
23126.400066914477,-109.0
23126.400129411308,321.0
23126.400191908142,267.0
23126.400254404973,-52.0
23126.400316901803,117.0
23126.400379398634,298.0
23126.400441895465,-53.0
23126.4005043923,730.0
23126.40056688913,386.0
23126.40062938596,315.0
23126.40069188279,855.0
23126.400754379625,-8.0
23126.400816876456,502.0
23126.400879373286,372.0
23126.400941870117,-150.0
23126.401004366948,976.0
23126.401066863782,159.0
23126.401129360613,-856.0
23126.401191857443,658.0
23126.401254354274,37.0
23126.401316851105,-1047.0
23126.40137934794,40.0
23126.40144184477,61.0
23126.4015043416,310.0
23126.40156683843,-292.0
23126.40162933526,-577.0
23126.401691832096,217.0
23126.401754328926,109.0
23126.401816825757,341.0
23126.401879322588,91.0
23126.401941819422,-353.0
23126.402004316253,-65.0
23126.402066813083,138.0
23126.402129309914,-56.0
23126.402191806745,190.0
23126.40225430358,225.0
23126.40231680041,-104.0
23126.40237929724,433.0
23126.40244179407,-423.0
23126.4025042909,-311.0
23126.402566787736,715.0
23126.402629284567,-366.0
23126.402691781397,649.0
23126.402754278228,295.0
23126.40281677506,-246.0
23126.402879271893,490.0
23126.402941768723,-395.0
23126.403004265554,372.0
23126.403066762385,360.0
23126.40312925922,101.0
23126.40319175605,-106.0
23126.40325425288,-37.0
23126.40331674971,561.0
23126.40337924654,192.0
23126.403441743376,230.0
23126.403504240207,-389.0
23126.403566737037,-182.0
23126.403629233868,575.0
23126.4036917307,-830.0
23126.403754227533,-116.0
23126.403816724363,719.0
23126.403879221194,80.0
23126.403941718025,260.0
23126.404004214855,97.0
23126.40406671169,381.0
23126.40412920852,-436.0
23126.40419170535,-816.0
23126.40425420218,126.0
23126.404316699016,588.0
23126.404379195847,435.0
23126.404441692677,-292.0
23126.404504189508,-17.0
23126.40456668634,714.0
23126.404629183173,576.0
23126.404691680003,-349.0
23126.404754176834,-605.0
23126.404816673665,741.0
23126.404879170495,564.0
23126.40494166733,-378.0
23126.40500416416,-113.0
23126.40506666099,818.0
23126.40512915782,-300.0
23126.405191654652,-888.0
23126.405254151487,32.0
23126.405316648317,289.0
23126.405379145148,-145.0
23126.40544164198,-785.0
23126.405504138813,-135.0
23126.405566635643,-56.0
23126.405629132474,-204.0
23126.405691629305,-398.0
23126.405754126135,-189.0
23126.40581662297,-4.0
23126.4058791198,-535.0
23126.40594161663,-764.0
23126.40600411346,-640.0
23126.406066610292,598.0
23126.406129107127,-363.0
23126.406191603957,-892.0
23126.406254100788,122.0
23126.40631659762,372.0
23126.40637909445,290.0
23126.406441591284,-285.0
23126.406504088114,-576.0
23126.406566584945,-41.0
23126.406629081775,631.0
23126.40669157861,423.0
23126.40675407544,3.0
23126.40681657227,-172.0
23126.4068790691,-364.0
23126.406941565932,-609.0
23126.407004062767,-315.0
23126.407066559597,498.0
23126.407129056428,-291.0
23126.40719155326,-623.0
23126.40725405009,583.0
23126.407316546924,-431.0
23126.407379043754,-225.0
23126.407441540585,52.0
23126.407504037415,-459.0
23126.407566534246,216.0
23126.40762903108,-212.0
23126.40769152791,-317.0
23126.40775402474,-494.0
23126.407816521572,-260.0
23126.407879018407,217.0
23126.407941515237,561.0
23126.408004012068,-2.0
23126.4080665089,534.0
23126.40812900573,493.0
23126.408191502564,-427.0
23126.408253999394,-163.0
23126.408316496225,-192.0
23126.408378993056,598.0
23126.408441489886,992.0
23126.40850398672,-692.0
23126.40856648355,-6.0
23126.40862898038,690.0
23126.408691477212,93.0
23126.408753974043,41.0
23126.408816470877,-1121.0
23126.408878967708,-24.0
23126.40894146454,317.0
23126.40900396137,-327.0
23126.409066458204,388.0
23126.409128955034,212.0
23126.409191451865,725.0
23126.409253948696,-319.0
23126.409316445526,-616.0
23126.40937894236,872.0
23126.40944143919,-231.0
23126.40950393602,-482.0
23126.409566432852,171.0
23126.409628929683,74.0
23126.409691426517,-4.0
23126.409753923348,-18.0
23126.40981642018,361.0
23126.40987891701,431.0
23126.40994141384,-558.0
23126.410003910674,-327.0
23126.410066407505,538.0
23126.410128904336,26.0
23126.410191401166,336.0
23126.410253898,242.0
23126.41031639483,-324.0
23126.410378891662,463.0
23126.410441388492,120.0
23126.410503885323,-1083.0
23126.410566382157,237.0
23126.410628878988,431.0
23126.41069137582,-191.0
23126.41075387265,-316.0
23126.41081636948,-326.0
23126.410878866314,-615.0
23126.410941363145,90.0
23126.411003859976,99.0
23126.411066356806,92.0
23126.411128853637,-445.0
23126.41119135047,-1459.0
23126.411253847302,171.0
23126.411316344133,-614.0
23126.411378840963,-336.0
23126.411441337797,308.0
23126.411503834628,-819.0
23126.41156633146,226.0
23126.41162882829,-632.0
23126.41169132512,-476.0
23126.411753821954,636.0
23126.411816318785,-222.0
23126.411878815616,-715.0
23126.411941312446,21.0
23126.412003809277,540.0
23126.41206630611,137.0
23126.412128802942,173.0
23126.412191299773,-237.0
23126.412253796603,-143.0
23126.412316293434,-327.0
23126.412378790268,-134.0
23126.4124412871,197.0
23126.41250378393,240.0
23126.41256628076,305.0
23126.412628777594,-483.0
23126.412691274425,-3.0
23126.412753771256,-139.0
23126.412816268086,-602.0
23126.412878764917,-562.0
23126.41294126175,-8.0
23126.413003758582,-239.0
23126.413066255413,-547.0
23126.413128752243,161.0
23126.413191249074,22.0
23126.413253745908,-482.0
23126.41331624274,-392.0
23126.41337873957,282.0
23126.4134412364,-499.0
23126.41350373323,-295.0
23126.413566230065,-362.0
23126.413628726896,-197.0
23126.413691223726,401.0
23126.413753720557,-188.0
23126.41381621739,683.0
23126.413878714222,-62.0
23126.413941211053,-195.0
23126.414003707883,812.0
23126.414066204714,426.0
23126.414128701548,-124.0
23126.41419119838,72.0
23126.41425369521,354.0
23126.41431619204,267.0
23126.41437868887,217.0
23126.414441185705,245.0
23126.414503682536,756.0
23126.414566179366,159.0
23126.414628676197,-198.0
23126.414691173028,-191.0
23126.414753669862,225.0
23126.414816166693,265.0
23126.414878663523,-447.0
23126.414941160354,329.0
23126.41500365719,118.0
23126.41506615402,-765.0
23126.41512865085,230.0
23126.41519114768,931.0
23126.41525364451,-85.0
23126.415316141345,-455.0
23126.415378638176,84.0
23126.415441135006,-572.0
23126.415503631837,630.0
23126.415566128668,271.0
23126.415628625502,-547.0
23126.415691122333,1010.0
23126.415753619163,672.0
23126.415816115994,232.0
23126.415878612825,-338.0
23126.41594110966,70.0
23126.41600360649,839.0
23126.41606610332,-24.0
23126.41612860015,163.0
23126.416191096985,292.0
23126.416253593816,-409.0
23126.416316090646,838.0
23126.416378587477,127.0
23126.416441084308,-135.0
23126.416503581142,401.0
23126.416566077973,-572.0
23126.416628574803,-129.0
23126.416691071634,18.0
23126.416753568465,222.0
23126.4168160653,529.0
23126.41687856213,-536.0
23126.41694105896,105.0
23126.41700355579,1289.0
23126.41706605262,-358.0
23126.417128549456,-84.0
23126.417191046286,490.0
23126.417253543117,-427.0
23126.417316039948,38.0
23126.417378536782,18.0
23126.417441033613,32.0
23126.417503530443,667.0
23126.417566027274,-41.0
23126.417628524105,-20.0
23126.41769102094,88.0
23126.41775351777,-258.0
23126.4178160146,-99.0
23126.41787851143,-644.0
23126.41794100826,-137.0
23126.418003505096,318.0
23126.418066001926,-829.0
23126.418128498757,-704.0
23126.418190995588,33.0
23126.41825349242,-291.0
23126.418315989253,-6.0
23126.418378486083,246.0
23126.418440982914,-131.0
23126.418503479745,-378.0
23126.41856597658,-305.0
23126.41862847341,-476.0
23126.41869097024,428.0
23126.41875346707,577.0
23126.4188159639,140.0
23126.418878460736,60.0
23126.418940957567,-924.0
23126.419003454397,497.0
23126.419065951228,826.0
23126.41912844806,-289.0
23126.419190944893,-485.0
23126.419253441723,392.0
23126.419315938554,-57.0
23126.419378435385,-757.0
23126.419440932215,742.0
23126.41950342905,409.0
23126.41956592588,-416.0
23126.41962842271,-96.0
23126.41969091954,-188.0
23126.419753416376,-226.0
23126.419815913207,-338.0
23126.419878410037,-105.0
23126.419940906868,181.0
23126.4200034037,-149.0
23126.420065900533,11.0
23126.420128397363,189.0
23126.420190894194,246.0
23126.420253391025,337.0
23126.420315887855,-453.0
23126.42037838469,893.0
23126.42044088152,807.0
23126.42050337835,-1080.0
23126.42056587518,634.0
23126.420628372012,1136.0
23126.420690868847,-17.0
23126.420753365677,601.0
23126.420815862508,119.0
23126.42087835934,-341.0
23126.420940856173,568.0
23126.421003353003,457.0
23126.421065849834,77.0
23126.421128346665,136.0
23126.421190843495,14.0
23126.42125334033,782.0
23126.42131583716,147.0
23126.42137833399,-366.0
23126.42144083082,296.0
23126.421503327652,322.0
23126.421565824487,659.0
23126.421628321317,597.0
23126.421690818148,258.0
23126.42175331498,464.0
23126.42181581181,330.0
23126.421878308643,-181.0
23126.421940805474,253.0
23126.422003302305,850.0
23126.422065799135,26.0
23126.42212829597,-138.0
23126.4221907928,829.0
23126.42225328963,66.0
23126.42231578646,-560.0
23126.422378283292,44.0
23126.422440780127,510.0
23126.422503276957,-267.0
23126.422565773788,-181.0
23126.42262827062,419.0
23126.42269076745,-273.0
23126.422753264284,-131.0
23126.422815761114,-114.0
23126.422878257945,338.0
23126.422940754775,101.0
23126.423003251606,-373.0
23126.42306574844,5.0
23126.42312824527,21.0
23126.4231907421,-370.0
23126.423253238932,141.0
23126.423315735767,-367.0
23126.423378232597,-594.0
23126.423440729428,425.0
23126.42350322626,489.0
23126.42356572309,243.0
23126.42362821992,-66.0
23126.423690716754,-215.0
23126.423753213585,256.0
23126.423815710416,-160.0
23126.423878207246,-325.0
23126.42394070408,-20.0
23126.42400320091,-352.0
23126.42406569774,-40.0
23126.424128194572,-147.0
23126.424190691403,-555.0
23126.424253188237,-161.0
23126.424315685068,484.0
23126.4243781819,-517.0
23126.42444067873,-638.0
23126.424503175564,199.0
23126.424565672394,-179.0
23126.424628169225,-192.0
23126.424690666056,-229.0
23126.424753162886,-478.0
23126.424815659717,172.0
23126.42487815655,406.0
23126.42494065338,-364.0
23126.425003150212,-376.0
23126.425065647043,385.0
23126.425128143877,229.0
23126.425190640708,-112.0
23126.42525313754,-70.0
23126.42531563437,-90.0
23126.4253781312,385.0
23126.425440628034,-147.0
23126.425503124865,-502.0
23126.425565621696,229.0
23126.425628118526,-278.0
23126.42569061536,271.0
23126.42575311219,36.0
23126.42581560902,-367.0
23126.425878105852,509.0
23126.425940602683,-445.0
23126.426003099514,-348.0
23126.426065596348,63.0
23126.42612809318,346.0
23126.42619059001,-650.0
23126.42625308684,-604.0
23126.426315583674,-4.0
23126.426378080505,-115.0
23126.426440577336,579.0
23126.426503074166,-583.0
23126.426565570997,-575.0
23126.42662806783,-68.0
23126.426690564662,273.0
23126.426753061492,104.0
23126.426815558323,-850.0
23126.426878055157,159.0
23126.426940551988,249.0
23126.42700304882,-150.0
23126.42706554565,114.0
23126.42712804248,-252.0
23126.42719053931,33.0
23126.427253036145,-428.0
23126.427315532976,-483.0
23126.427378029806,674.0
23126.427440526637,-258.0
23126.42750302347,-279.0
23126.427565520302,546.0
23126.427628017133,-482.0
23126.427690513963,-276.0
23126.427753010794,270.0
23126.427815507628,-169.0
23126.42787800446,-281.0
23126.42794050129,392.0
23126.42800299812,380.0
23126.428065494954,-396.0
23126.428127991785,133.0
23126.428190488616,-104.0
23126.428252985446,502.0
23126.428315482277,-12.0
23126.428377979108,-141.0
23126.428440475942,835.0
23126.428502972773,-668.0
23126.428565469603,-33.0
23126.428627966434,-50.0
23126.428690463268,-349.0
23126.4287529601,461.0
23126.42881545693,-363.0
23126.42887795376,-99.0
23126.42894045059,224.0
23126.429002947425,-208.0
23126.429065444256,474.0
23126.429127941086,849.0
23126.429190437917,-117.0
23126.42925293475,-364.0
23126.429315431582,-529.0
23126.429377928413,-203.0
23126.429440425243,164.0
23126.429502922074,-512.0
23126.429565418905,818.0
23126.42962791574,-150.0
23126.42969041257,-423.0
23126.4297529094,289.0
23126.42981540623,-651.0
23126.429877903065,-99.0
23126.429940399896,176.0
23126.430002896726,-340.0
23126.430065393557,-354.0
23126.430127890388,142.0
23126.430190387222,-323.0
23126.430252884053,-266.0
23126.430315380883,290.0
23126.430377877714,-633.0
23126.43044037455,-1006.0
23126.43050287138,-321.0
23126.43056536821,471.0
23126.43062786504,83.0
23126.43069036187,-424.0
23126.4307528587,-770.0
23126.430815355536,-500.0
23126.430877852366,130.0
23126.430940349197,-477.0
23126.431002846028,-275.0
23126.431065342862,246.0
23126.431127839693,-398.0
23126.431190336523,-787.0
23126.431252833354,-4.0
23126.431315330185,28.0
23126.43137782702,-325.0
23126.43144032385,-419.0
23126.43150282068,-626.0
23126.43156531751,551.0
23126.431627814345,-338.0
23126.431690311176,-334.0
23126.431752808006,-150.0
23126.431815304837,-678.0
23126.431877801668,864.0
23126.4319402985,-319.0
23126.432002795333,-350.0
23126.432065292163,551.0
23126.432127788994,-603.0
23126.432190285825,-562.0
23126.43225278266,189.0
23126.43231527949,387.0
23126.43237777632,-159.0
23126.43244027315,-340.0
23126.43250276998,-434.0
23126.432565266816,284.0
23126.432627763646,-356.0
23126.432690260477,-931.0
23126.432752757308,-360.0
23126.432815254142,475.0
23126.432877750973,188.0
23126.432940247803,-335.0
23126.433002744634,-279.0
23126.433065241465,58.0
23126.433127738295,-306.0
23126.43319023513,80.0
23126.43325273196,556.0
23126.43331522879,-187.0
23126.43337772562,-268.0
23126.433440222456,83.0
23126.433502719286,-209.0
23126.433565216117,496.0
23126.433627712948,-112.0
23126.43369020978,-486.0
23126.433752706613,808.0
23126.433815203443,-87.0
23126.433877700274,349.0
23126.433940197105,575.0
23126.43400269394,-282.0
23126.43406519077,-195.0
23126.4341276876,-50.0
23126.43419018443,243.0
23126.43425268126,-285.0
23126.434315178092,627.0
23126.434377674927,4.0
23126.434440171757,-475.0
23126.434502668588,466.0
23126.43456516542,683.0
23126.434627662253,343.0
23126.434690159083,-680.0
23126.434752655914,45.0
23126.434815152745,765.0
23126.434877649575,333.0
23126.43494014641,74.0
23126.43500264324,-80.0
23126.43506514007,519.0
23126.4351276369,670.0
23126.435190133736,-341.0
23126.435252630567,407.0
23126.435315127397,495.0
23126.435377624228,-312.0
23126.43544012106,385.0
23126.43550261789,313.0
23126.435565114723,-209.0
23126.435627611554,93.0
23126.435690108385,281.0
23126.435752605215,102.0
23126.43581510205,43.0
23126.43587759888,18.0
23126.43594009571,-237.0
23126.43600259254,-33.0
23126.436065089372,74.0
23126.436127586207,-152.0
23126.436190083037,53.0
23126.436252579868,557.0
23126.4363150767,316.0
23126.436377573533,81.0
23126.436440070363,-313.0
23126.436502567194,-108.0
23126.436565064025,646.0
23126.436627560855,6.0
23126.436690057686,262.0
23126.43675255452,545.0
23126.43681505135,470.0
23126.43687754818,-293.0
23126.436940045012,-365.0
23126.437002541847,768.0
23126.437065038677,-346.0
23126.437127535508,-49.0
23126.43719003234,240.0
23126.43725252917,380.0
23126.437315026003,-135.0
23126.437377522834,-391.0
23126.437440019665,-13.0
23126.437502516495,359.0
23126.43756501333,285.0
23126.43762751016,-536.0
23126.43769000699,-159.0
23126.43775250382,-483.0
23126.437815000652,-734.0
23126.437877497483,872.0
23126.437939994317,544.0
23126.438002491148,-539.0
23126.43806498798,-92.0
23126.43812748481,352.0
23126.438189981644,56.0
23126.438252478474,355.0
23126.438314975305,-311.0
23126.438377472135,-214.0
23126.438439968966,-176.0
23126.4385024658,202.0
23126.43856496263,329.0
23126.43862745946,-562.0
23126.438689956292,467.0
23126.438752453127,340.0
23126.438814949957,-212.0
23126.438877446788,-254.0
23126.43893994362,-52.0
23126.43900244045,182.0
23126.43906493728,-47.0
23126.439127434114,222.0
23126.439189930945,430.0
23126.439252427776,282.0
23126.439314924606,-26.0
23126.43937742144,-436.0
23126.43943991827,227.0
23126.4395024151,319.0
23126.439564911932,71.0
23126.439627408763,-178.0
23126.439689905597,-105.0
23126.439752402428,-58.0
23126.43981489926,-20.0
23126.43987739609,-296.0
23126.439939892924,-80.0
23126.440002389754,599.0
23126.440064886585,161.0
23126.440127383416,-624.0
23126.440189880246,113.0
23126.440252377077,435.0
23126.44031487391,-138.0
23126.44037737074,370.0
23126.440439867572,345.0
23126.440502364403,122.0
23126.440564861237,545.0
23126.440627358068,673.0
23126.4406898549,-267.0
23126.44075235173,572.0
23126.44081484856,104.0
23126.440877345394,-37.0
23126.440939842225,169.0
23126.441002339056,-108.0
23126.441064835886,151.0
23126.44112733272,-61.0
23126.44118982955,74.0
23126.44125232638,158.0
23126.441314823212,480.0
23126.441377320043,-273.0
23126.441439816874,-361.0
23126.441502313708,330.0
23126.44156481054,492.0
23126.44162730737,88.0
23126.4416898042,-262.0
23126.441752301034,-262.0
23126.441814797865,200.0
23126.441877294696,351.0
23126.441939791526,-212.0
23126.442002288357,38.0
23126.44206478519,551.0
23126.442127282022,-554.0
23126.442189778852,-289.0
23126.442252275683,244.0
23126.442314772517,-242.0
23126.442377269348,378.0
23126.44243976618,348.0
23126.44250226301,521.0
23126.44256475984,-49.0
23126.44262725667,-332.0
23126.442689753505,-8.0
23126.442752250336,550.0
23126.442814747166,554.0
23126.442877243997,358.0
23126.44293974083,661.0
23126.443002237662,-7.0
23126.443064734493,-383.0
23126.443127231323,-147.0
23126.443189728154,22.0
23126.443252224988,314.0
23126.44331472182,173.0
23126.44337721865,-428.0
23126.44343971548,-6.0
23126.443502212314,-245.0
23126.443564709145,-2.0
23126.443627205976,-231.0
23126.443689702806,-372.0
23126.443752199637,42.0
23126.443814696468,-563.0
23126.443877193302,179.0
23126.443939690133,-143.0
23126.444002186963,331.0
23126.444064683794,269.0
23126.444127180628,-356.0
23126.44418967746,11.0
23126.44425217429,14.0
23126.44431467112,-396.0
23126.44437716795,-210.0
23126.444439664785,63.0
23126.444502161616,148.0
23126.444564658446,3.0
23126.444627155277,-478.0
23126.44468965211,135.0
23126.444752148942,71.0
23126.444814645773,128.0
23126.444877142603,-347.0
23126.444939639434,-740.0
23126.445002136265,-181.0
23126.4450646331,-104.0
23126.44512712993,322.0
23126.44518962676,152.0
23126.44525212359,-24.0
23126.445314620425,-464.0
23126.445377117256,-620.0
23126.445439614086,-482.0
23126.445502110917,-9.0
23126.445564607748,-604.0
23126.445627104582,-304.0
23126.445689601413,256.0
23126.445752098243,357.0
23126.445814595074,-252.0
23126.44587709191,299.0
23126.44593958874,426.0
23126.44600208557,300.0
23126.4460645824,454.0
23126.44612707923,-766.0
23126.44618957606,6.0
23126.446252072896,445.0
23126.446314569726,-197.0
23126.446377066557,-360.0
23126.446439563388,-437.0
23126.446502060222,169.0
23126.446564557053,336.0
23126.446627053883,-315.0
23126.446689550714,235.0
23126.446752047545,-347.0
23126.44681454438,-507.0
23126.44687704121,39.0
23126.44693953804,-117.0
23126.44700203487,184.0
23126.447064531705,-388.0
23126.447127028536,347.0
23126.447189525366,-115.0
23126.447252022197,10.0
23126.447314519028,7.0
23126.44737701586,-475.0
23126.447439512693,-246.0
23126.447502009523,185.0
23126.447564506354,679.0
23126.447627003185,-489.0
23126.44768950002,-11.0
23126.44775199685,-411.0
23126.44781449368,249.0
23126.44787699051,491.0
23126.44793948734,-95.0
23126.448001984176,230.0
23126.448064481006,-233.0
23126.448126977837,546.0
23126.448189474668,392.0
23126.448251971502,-414.0
23126.448314468333,240.0
23126.448376965163,-468.0
23126.448439461994,-599.0
23126.448501958825,229.0
23126.448564455655,322.0
23126.44862695249,142.0
23126.44868944932,535.0
23126.44875194615,-548.0
23126.44881444298,-658.0
23126.448876939816,539.0
23126.448939436646,-139.0
23126.449001933477,373.0
23126.449064430308,400.0
23126.44912692714,-174.0
23126.449189423973,-290.0
23126.449251920803,227.0
23126.449314417634,254.0
23126.449376914465,332.0
23126.4494394113,-76.0
23126.44950190813,-291.0
23126.44956440496,298.0
23126.44962690179,-317.0
23126.44968939862,-19.0
23126.449751895452,878.0
23126.449814392286,-755.0
23126.449876889117,-237.0
23126.449939385948,379.0
23126.45000188278,-964.0
23126.450064379613,263.0
23126.450126876443,465.0
23126.450189373274,-252.0
23126.450251870105,-368.0
23126.450314366935,-103.0
23126.45037686377,16.0
23126.4504393606,-184.0
23126.45050185743,-374.0
23126.45056435426,-239.0
23126.450626851096,36.0
23126.450689347927,-74.0
23126.450751844757,-415.0
23126.450814341588,-333.0
23126.45087683842,-458.0
23126.45093933525,-222.0
23126.451001832083,-145.0
23126.451064328914,-390.0
23126.451126825745,-73.0
23126.451189322575,-226.0
23126.45125181941,-395.0
23126.45131431624,-8.0
23126.45137681307,290.0
23126.4514393099,196.0
23126.451501806732,-653.0
23126.451564303567,-310.0
23126.451626800397,-135.0
23126.451689297228,542.0
23126.45175179406,355.0
23126.451814290893,-783.0
23126.451876787723,301.0
23126.451939284554,463.0
23126.452001781385,-757.0
23126.452064278215,-138.0
23126.452126775046,390.0
23126.45218927188,-295.0
23126.45225176871,-34.0
23126.45231426554,-230.0
23126.452376762372,-427.0
23126.452439259207,555.0
23126.452501756037,-191.0
23126.452564252868,-113.0
23126.4526267497,-69.0
23126.45268924653,-428.0
23126.452751743363,-121.0
23126.452814240194,-78.0
23126.452876737025,-41.0
23126.452939233855,-592.0
23126.45300173069,-413.0
23126.45306422752,57.0
23126.45312672435,-255.0
23126.45318922118,124.0
23126.453251718012,-226.0
23126.453314214843,-310.0
23126.453376711677,-364.0
23126.453439208508,119.0
23126.45350170534,-131.0
23126.45356420217,-1022.0
23126.453626699004,-121.0
23126.453689195834,465.0
23126.453751692665,258.0
23126.453814189495,-171.0
23126.453876686326,-192.0
23126.45393918316,441.0
23126.45400167999,-148.0
23126.45406417682,-406.0
23126.454126673652,45.0
23126.454189170487,579.0
23126.454251667317,301.0
23126.454314164148,-508.0
23126.45437666098,-52.0
23126.45443915781,145.0
23126.45450165464,452.0
23126.454564151474,-275.0
23126.454626648305,-511.0
23126.454689145135,460.0
23126.454751641966,-161.0
23126.4548141388,240.0
23126.45487663563,767.0
23126.45493913246,-44.0
23126.455001629292,-484.0
23126.455064126123,-243.0
23126.455126622957,-74.0
23126.455189119788,639.0
23126.45525161662,533.0
23126.45531411345,-515.0
23126.455376610284,295.0
23126.455439107114,39.0
23126.455501603945,101.0
23126.455564100776,382.0
23126.455626597606,-13.0
23126.455689094437,-65.0
23126.45575159127,-165.0
23126.4558140881,768.0
23126.455876584932,50.0
23126.455939081763,-65.0
23126.456001578597,1048.0
23126.456064075428,-221.0
23126.45612657226,80.0
23126.45618906909,382.0
23126.45625156592,83.0
23126.456314062754,141.0
23126.456376559585,-52.0
23126.456439056416,62.0
23126.456501553246,373.0
23126.45656405008,316.0
23126.45662654691,-244.0
23126.45668904374,152.0
23126.456751540572,153.0
23126.456814037403,-79.0
23126.456876534234,-27.0
23126.456939031068,-141.0
23126.4570015279,183.0
23126.45706402473,-239.0
23126.45712652156,-715.0
23126.457189018394,348.0
23126.457251515225,1102.0
23126.457314012056,-367.0
23126.457376508886,16.0
23126.457439005717,681.0
23126.45750150255,-50.0
23126.45756399938,-463.0
23126.457626496212,242.0
23126.457688993043,770.0
23126.457751489877,170.0
23126.457813986708,95.0
23126.45787648354,-275.0
23126.45793898037,-97.0
23126.4580014772,399.0
23126.45806397403,-138.0
23126.458126470865,292.0
23126.458188967696,222.0
23126.458251464526,-213.0
23126.458313961357,44.0
23126.45837645819,-138.0
23126.458438955022,-116.0
23126.458501451852,199.0
23126.458563948683,73.0
23126.458626445514,107.0
23126.458688942348,59.0
23126.45875143918,-363.0
23126.45881393601,45.0
23126.45887643284,986.0
23126.458938929674,-63.0
23126.459001426505,-127.0
23126.459063923336,216.0
23126.459126420166,-481.0
23126.459188916997,262.0
23126.459251413828,668.0
23126.459313910662,83.0
23126.459376407493,24.0
23126.459438904323,-55.0
23126.459501401154,22.0
23126.459563897988,67.0
23126.45962639482,-331.0
23126.45968889165,-439.0
23126.45975138848,591.0
23126.45981388531,92.0
23126.459876382145,-584.0
23126.459938878976,625.0
23126.460001375806,-651.0
23126.460063872637,-493.0
23126.46012636947,406.0
23126.460188866302,507.0
23126.460251363133,-84.0
23126.460313859963,-192.0
23126.460376356794,31.0
23126.460438853625,127.0
23126.46050135046,372.0
23126.46056384729,238.0
23126.46062634412,438.0
23126.46068884095,-77.0
23126.460751337785,451.0
23126.460813834616,-36.0
23126.460876331446,-253.0
23126.460938828277,1112.0
23126.461001325108,-525.0
23126.461063821942,-144.0
23126.461126318773,544.0
23126.461188815603,451.0
23126.461251312434,460.0
23126.461313809268,-990.0
23126.4613763061,186.0
23126.46143880293,359.0
23126.46150129976,-111.0
23126.46156379659,-71.0
23126.46162629342,-497.0
23126.461688790256,512.0
23126.461751287086,546.0
23126.461813783917,-320.0
23126.461876280748,233.0
23126.461938777582,176.0
23126.462001274413,-117.0
23126.462063771243,417.0
23126.462126268074,287.0
23126.462188764905,10.0
23126.46225126174,-109.0
23126.46231375857,-42.0
23126.4623762554,403.0
23126.46243875223,-155.0
23126.462501249065,-38.0
23126.462563745896,-292.0
23126.462626242726,-98.0
23126.462688739557,361.0
23126.462751236388,30.0
23126.46281373322,-131.0
23126.462876230053,251.0
23126.462938726883,426.0
23126.463001223714,332.0
23126.463063720545,-281.0
23126.46312621738,-324.0
23126.46318871421,970.0
23126.46325121104,348.0
23126.46331370787,-254.0
23126.4633762047,315.0
23126.463438701536,46.0
23126.463501198366,-261.0
23126.463563695197,-22.0
23126.463626192028,295.0
23126.463688688862,306.0
23126.463751185693,-56.0
23126.463813682523,-564.0
23126.463876179354,326.0
23126.463938676185,505.0
23126.464001173015,-180.0
23126.46406366985,-262.0
23126.46412616668,-13.0
23126.46418866351,437.0
23126.46425116034,-440.0
23126.464313657176,-766.0
23126.464376154006,350.0
23126.464438650837,154.0
23126.464501147668,-181.0
23126.4645636445,-582.0
23126.464626141333,-330.0
23126.464688638163,331.0
23126.464751134994,-133.0
23126.464813631825,-343.0
23126.46487612866,428.0
23126.46493862549,-456.0
23126.46500112232,-451.0
23126.46506361915,365.0
23126.46512611598,108.0
23126.465188612812,-27.0
23126.465251109646,-114.0
23126.465313606477,-278.0
23126.465376103308,50.0
23126.46543860014,-408.0
23126.465501096973,-680.0
23126.465563593803,-196.0
23126.465626090634,-30.0
23126.465688587465,-27.0
23126.465751084295,134.0
23126.46581358113,-106.0
23126.46587607796,-717.0
23126.46593857479,-466.0
23126.46600107162,-145.0
23126.466063568456,495.0
23126.466126065287,-32.0
23126.466188562117,-315.0
23126.466251058948,602.0
23126.46631355578,342.0
23126.46637605261,-550.0
23126.466438549443,-344.0
23126.466501046274,370.0
23126.466563543105,478.0
23126.466626039935,20.0
23126.46668853677,-148.0
23126.4667510336,-109.0
23126.46681353043,-177.0
23126.46687602726,246.0
23126.466938524092,223.0
23126.467001020927,-59.0
23126.467063517757,-611.0
23126.467126014588,-484.0
23126.46718851142,328.0
23126.467251008253,-119.0
23126.467313505083,-395.0
23126.467376001914,-184.0
23126.467438498745,-194.0
23126.467500995575,105.0
23126.467563492406,73.0
23126.46762598924,-163.0
23126.46768848607,66.0
23126.4677509829,372.0
23126.467813479732,-334.0
23126.467875976567,114.0
23126.467938473397,380.0
23126.468000970228,20.0
23126.46806346706,18.0
23126.46812596389,44.0
23126.468188460723,431.0
23126.468250957554,-714.0
23126.468313454385,-118.0
23126.468375951215,357.0
23126.46843844805,-223.0
23126.46850094488,315.0
23126.46856344171,-91.0
23126.46862593854,242.0
23126.468688435372,-219.0
23126.468750932203,-542.0
23126.468813429037,414.0
23126.468875925868,285.0
23126.4689384227,-401.0
23126.46900091953,-174.0
23126.469063416363,130.0
23126.469125913194,-191.0
23126.469188410025,497.0
23126.469250906855,192.0
23126.469313403686,-715.0
23126.46937590052,156.0
23126.46943839735,-121.0
23126.46950089418,-237.0
23126.469563391012,60.0
23126.469625887847,-86.0
23126.469688384677,567.0
23126.469750881508,249.0
23126.46981337834,-237.0
23126.46987587517,-23.0
23126.469938372,357.0
23126.470000868834,-1.0
23126.470063365665,-209.0
23126.470125862495,122.0
23126.470188359326,-110.0
23126.47025085616,95.0
23126.47031335299,-106.0
23126.47037584982,-641.0
23126.470438346652,60.0
23126.470500843483,-856.0
23126.470563340317,-535.0
23126.470625837148,-217.0
23126.47068833398,-7.0
23126.47075083081,-175.0
23126.470813327644,-1269.0
23126.470875824474,-177.0
23126.470938321305,-721.0
23126.471000818136,-929.0
23126.471063314966,891.0
23126.471125811797,-225.0
23126.47118830863,-954.0
23126.47125080546,-24.0
23126.471313302292,-553.0
23126.471375799123,-722.0
23126.471438295957,64.0
23126.471500792788,209.0
23126.47156328962,-539.0
23126.47162578645,-630.0
23126.47168828328,-67.0
23126.471750780114,-638.0
23126.471813276945,12.0
23126.471875773776,177.0
23126.471938270606,-742.0
23126.47200076744,-288.0
23126.47206326427,41.0
23126.4721257611,470.0
23126.472188257932,-119.0
23126.472250754763,4.0
23126.472313251594,-58.0
23126.472375748428,-472.0
23126.47243824526,89.0
23126.47250074209,-391.0
23126.47256323892,-3.0
23126.472625735754,38.0
23126.472688232585,-87.0
23126.472750729416,-4.0
23126.472813226246,-461.0
23126.472875723077,-57.0
23126.47293821991,67.0
23126.47300071674,240.0
23126.473063213572,-324.0
23126.473125710403,-223.0
23126.473188207234,690.0
23126.473250704068,31.0
23126.4733132009,-69.0
23126.47337569773,137.0
23126.47343819456,139.0
23126.47350069139,496.0
23126.473563188225,350.0
23126.473625685056,-652.0
23126.473688181886,1.0
23126.473750678717,708.0
23126.47381317555,99.0
23126.473875672382,173.0
23126.473938169212,-77.0
23126.474000666043,-55.0
23126.474063162874,510.0
23126.474125659708,-231.0
23126.47418815654,197.0
23126.47425065337,-37.0
23126.4743131502,-221.0
23126.47437564703,-77.0
23126.474438143865,65.0
23126.474500640696,117.0
23126.474563137526,-349.0
23126.474625634357,209.0
23126.474688131188,73.0
23126.474750628022,-57.0
23126.474813124853,330.0
23126.474875621683,144.0
23126.474938118514,102.0
23126.475000615348,-247.0
23126.47506311218,-563.0
23126.47512560901,301.0
23126.47518810584,321.0
23126.47525060267,586.0
23126.475313099505,436.0
23126.475375596336,280.0
23126.475438093166,128.0
23126.475500589997,42.0
23126.475563086828,85.0
23126.475625583662,241.0
23126.475688080493,265.0
23126.475750577323,197.0
23126.475813074154,86.0
23126.475875570984,-235.0
23126.47593806782,532.0
23126.47600056465,416.0
23126.47606306148,-15.0
23126.47612555831,-125.0
23126.476188055145,8.0
23126.476250551976,-12.0
23126.476313048806,-539.0
23126.476375545637,338.0
23126.476438042468,150.0
23126.476500539302,35.0
23126.476563036133,669.0
23126.476625532963,-67.0
23126.476688029794,500.0
23126.476750526625,161.0
23126.47681302346,-496.0
23126.47687552029,-182.0
23126.47693801712,493.0
23126.47700051395,199.0
23126.47706301078,-31.0
23126.477125507616,430.0
23126.477188004446,-561.0
23126.477250501277,147.0
23126.477312998108,471.0
23126.477375494942,-436.0
23126.477437991773,-151.0
23126.477500488603,186.0
23126.477562985434,416.0
23126.477625482265,-180.0
23126.4776879791,11.0
23126.47775047593,-575.0
23126.47781297276,-25.0
23126.47787546959,462.0
23126.47793796642,-1018.0
23126.478000463256,728.0
23126.478062960086,392.0
23126.478125456917,-591.0
23126.478187953748,390.0
23126.47825045058,-2.0
23126.478312947413,258.0
23126.478375444243,-239.0
23126.478437941074,-62.0
23126.478500437905,442.0
23126.47856293474,436.0
23126.47862543157,-44.0
23126.4786879284,-141.0
23126.47875042523,258.0
23126.47881292206,59.0
23126.478875418896,-34.0
23126.478937915726,-105.0
23126.479000412557,6.0
23126.479062909388,400.0
23126.47912540622,57.0
23126.479187903053,-218.0
23126.479250399883,62.0
23126.479312896714,-485.0
23126.479375393545,167.0
23126.479437890375,321.0
23126.47950038721,301.0
23126.47956288404,-135.0
23126.47962538087,-551.0
23126.4796878777,449.0
23126.479750374536,361.0
23126.479812871366,221.0
23126.479875368197,151.0
23126.479937865028,-427.0
23126.48000036186,16.0
23126.480062858693,77.0
23126.480125355523,201.0
23126.480187852354,217.0
23126.480250349185,-84.0
23126.480312846015,-152.0
23126.48037534285,331.0
23126.48043783968,562.0
23126.48050033651,82.0
23126.48056283334,48.0
23126.480625330172,157.0
23126.480687827006,404.0
23126.480750323837,348.0
23126.480812820668,342.0
23126.4808753175,630.0
23126.480937814333,360.0
23126.481000311163,178.0
23126.481062807994,384.0
23126.481125304825,309.0
23126.481187801655,597.0
23126.48125029849,-140.0
23126.48131279532,-332.0
23126.48137529215,428.0
23126.48143778898,-428.0
23126.481500285812,41.0
23126.481562782647,751.0
23126.481625279477,138.0
23126.481687776308,-152.0
23126.48175027314,104.0
23126.48181276997,107.0
23126.481875266803,-150.0
23126.481937763634,-103.0
23126.482000260465,-46.0
23126.482062757295,211.0
23126.48212525413,-77.0
23126.48218775096,-686.0
23126.48225024779,-172.0
23126.48231274462,-317.0
23126.482375241452,-565.0
23126.482437738287,395.0
23126.482500235117,70.0
23126.482562731948,-227.0
23126.48262522878,-362.0
23126.48268772561,368.0
23126.482750222443,166.0
23126.482812719274,-475.0
23126.482875216105,288.0
23126.482937712935,628.0
23126.483000209766,98.0
23126.4830627066,-506.0
23126.48312520343,95.0
23126.48318770026,671.0
23126.483250197092,157.0
23126.483312693927,-489.0
23126.483375190757,264.0
23126.483437687588,571.0
23126.48350018442,-161.0
23126.48356268125,-514.0
23126.483625178083,306.0
23126.483687674914,669.0
23126.483750171745,-492.0
23126.483812668575,-653.0
23126.483875165406,-265.0
23126.48393766224,427.0
23126.48400015907,-139.0
23126.4840626559,-610.0
23126.484125152732,248.0
23126.484187649563,-514.0
23126.484250146397,-620.0
23126.484312643228,91.0
23126.48437514006,176.0
23126.48443763689,-268.0
23126.484500133723,-564.0
23126.484562630554,-128.0
23126.484625127385,379.0
23126.484687624215,220.0
23126.484750121046,-24.0
23126.48481261788,317.0
23126.48487511471,-124.0
23126.48493761154,-672.0
23126.485000108372,-93.0
23126.485062605203,-681.0
23126.485125102037,32.0
23126.485187598868,88.0
23126.4852500957,-589.0
23126.48531259253,304.0
23126.48537508936,104.0
23126.485437586194,-389.0
23126.485500083025,-286.0
23126.485562579855,-501.0
23126.485625076686,-314.0
23126.48568757352,68.0
23126.48575007035,-112.0
23126.48581256718,88.0
23126.485875064012,-499.0
23126.485937560843,137.0
23126.486000057677,571.0
23126.486062554508,112.0
23126.48612505134,-269.0
23126.48618754817,-659.0
23126.486250045,-323.0
23126.486312541834,248.0
23126.486375038665,58.0
23126.486437535495,-148.0
23126.486500032326,-34.0
23126.486562529157,389.0
23126.48662502599,-282.0
23126.48668752282,-527.0
23126.486750019652,346.0
23126.486812516483,-460.0
23126.486875013317,103.0
23126.486937510148,-287.0
23126.48700000698,-595.0
23126.48706250381,287.0
23126.48712500064,-163.0
23126.487187497474,164.0
23126.487249994305,148.0
23126.487312491136,-674.0
23126.487374987966,22.0
23126.487437484797,-57.0
23126.48749998163,-510.0
23126.48756247846,25.0
23126.487624975292,-161.0
23126.487687472123,-21.0
23126.487749968954,140.0
23126.487812465788,-94.0
23126.48787496262,761.0
23126.48793745945,97.0
23126.48799995628,-356.0
23126.488062453114,-87.0
23126.488124949945,402.0
23126.488187446776,-111.0
23126.488249943606,570.0
23126.488312440437,478.0
23126.48837493727,-430.0
23126.4884374341,-145.0
23126.488499930932,-287.0
23126.488562427763,244.0
23126.488624924594,-238.0
23126.488687421428,127.0
23126.48874991826,486.0
23126.48881241509,-199.0
23126.48887491192,-30.0
23126.48893740875,-170.0
23126.488999905585,-114.0
23126.489062402416,47.0
23126.489124899246,-83.0
23126.489187396077,130.0
23126.48924989291,594.0
23126.489312389742,-160.0
23126.489374886572,-365.0
23126.489437383403,243.0
23126.489499880234,51.0
23126.489562377068,168.0
23126.4896248739,-225.0
23126.48968737073,-171.0
23126.48974986756,250.0
23126.48981236439,-35.0
23126.489874861225,-262.0
23126.489937358056,-283.0
23126.489999854886,432.0
23126.490062351717,-90.0
23126.490124848548,276.0
23126.490187345382,62.0
23126.490249842213,50.0
23126.490312339043,-109.0
23126.490374835874,-566.0
23126.490437332708,-10.0
23126.49049982954,-574.0
23126.49056232637,-176.0
23126.4906248232,54.0
23126.49068732003,-136.0
23126.490749816865,17.0
23126.490812313696,-530.0
23126.490874810526,-571.0
23126.490937307357,60.0
23126.490999804188,-84.0
23126.491062301022,-420.0
23126.491124797853,-665.0
23126.491187294683,-364.0
23126.491249791514,-18.0
23126.491312288344,-408.0
23126.49137478518,-632.0
23126.49143728201,-215.0
23126.49149977884,73.0
23126.49156227567,651.0
23126.491624772505,117.0
23126.491687269336,-520.0
23126.491749766166,182.0
23126.491812262997,-66.0
23126.491874759828,-480.0
23126.491937256662,92.0
23126.491999753493,593.0
23126.492062250323,-227.0
23126.492124747154,-168.0
23126.492187243985,544.0
23126.49224974082,-46.0
23126.49231223765,-454.0
23126.49237473448,121.0
23126.49243723131,144.0
23126.49249972814,98.0
23126.492562224976,484.0
23126.492624721806,-82.0
23126.492687218637,-58.0
23126.492749715468,91.0
23126.492812212302,-165.0
23126.492874709133,-42.0
23126.492937205963,-830.0
23126.492999702794,-176.0
23126.493062199625,217.0
23126.49312469646,198.0
23126.49318719329,-13.0
23126.49324969012,-90.0
23126.49331218695,209.0
23126.49337468378,-148.0
23126.493437180616,235.0
23126.493499677446,-365.0
23126.493562174277,-184.0
23126.493624671108,747.0
23126.49368716794,-214.0
23126.493749664773,306.0
23126.493812161603,873.0
23126.493874658434,-222.0
23126.493937155265,-2.0
23126.4939996521,742.0
23126.49406214893,586.0
23126.49412464576,244.0
23126.49418714259,-41.0
23126.49424963942,411.0
23126.494312136256,351.0
23126.494374633086,-15.0
23126.494437129917,430.0
23126.494499626748,5.0
23126.49456212358,243.0
23126.494624620413,-36.0
23126.494687117243,266.0
23126.494749614074,419.0
23126.494812110905,-245.0
23126.494874607735,406.0
23126.49493710457,203.0
23126.4949996014,-49.0
23126.49506209823,-12.0
23126.49512459506,92.0
23126.495187091896,414.0
23126.495249588726,953.0
23126.495312085557,-63.0
23126.495374582388,-113.0
23126.49543707922,543.0
23126.495499576053,-385.0
23126.495562072883,327.0
23126.495624569714,626.0
23126.495687066545,173.0
23126.495749563375,-307.0
23126.49581206021,-261.0
23126.49587455704,339.0
23126.49593705387,-312.0
23126.4959995507,75.0
23126.496062047532,342.0
23126.496124544366,88.0
23126.496187041197,325.0
23126.496249538028,-404.0
23126.49631203486,77.0
23126.496374531693,602.0
23126.496437028523,184.0
23126.496499525354,-554.0
23126.496562022185,341.0
23126.496624519015,-171.0
23126.49668701585,-147.0
23126.49674951268,335.0
23126.49681200951,120.0
23126.49687450634,329.0
23126.496937003172,-185.0
23126.496999500006,158.0
23126.497061996837,-207.0
23126.497124493668,-34.0
23126.4971869905,-34.0
23126.49724948733,-330.0
23126.497311984163,212.0
23126.497374480994,-76.0
23126.497436977825,-196.0
23126.497499474655,259.0
23126.49756197149,196.0
23126.49762446832,-667.0
23126.49768696515,-71.0
23126.49774946198,737.0
23126.497811958812,-125.0
23126.497874455647,-359.0
23126.497936952477,162.0
23126.497999449308,71.0
23126.49806194614,485.0
23126.49812444297,188.0
23126.498186939803,-394.0
23126.498249436634,464.0
23126.498311933465,160.0
23126.498374430295,-403.0
23126.498436927126,-15.0
23126.49849942396,541.0
23126.49856192079,-4.0
23126.49862441762,-513.0
23126.498686914452,232.0
23126.498749411287,521.0
23126.498811908117,177.0
23126.498874404948,-352.0
23126.49893690178,414.0
23126.49899939861,195.0
23126.499061895443,-440.0
23126.499124392274,27.0
23126.499186889105,501.0
23126.499249385935,555.0
23126.499311882766,-384.0
23126.4993743796,-340.0
23126.49943687643,1053.0
23126.49949937326,-99.0
23126.499561870092,-227.0
23126.499624366923,-70.0
23126.499686863757,-197.0
23126.499749360588,792.0
23126.49981185742,-461.0
23126.49987435425,-318.0
23126.499936851083,276.0
23126.499999347914,174.0
23126.500061844745,-62.0
23126.500124341575,-194.0
23126.500186838406,429.0
23126.50024933524,62.0
23126.50031183207,-397.0
23126.5003743289,-32.0
23126.500436825732,79.0
23126.500499322563,203.0
23126.500561819397,405.0
23126.500624316228,765.0
23126.50068681306,40.0
23126.50074930989,202.0
23126.50081180672,397.0
23126.500874303554,101.0
23126.500936800385,33.0
23126.500999297215,-137.0
23126.501061794046,59.0
23126.50112429088,41.0
23126.50118678771,947.0
23126.50124928454,496.0
23126.501311781372,135.0
23126.501374278203,659.0
23126.501436775037,-505.0
23126.501499271868,142.0
23126.5015617687,66.0
23126.50162426553,24.0
23126.50168676236,430.0
23126.501749259194,-247.0
23126.501811756025,-286.0
23126.501874252855,231.0
23126.501936749686,298.0
23126.501999246517,170.0
23126.50206174335,81.0
23126.50212424018,4.0
23126.502186737012,-398.0
23126.502249233843,70.0
23126.502311730677,-96.0
23126.502374227508,134.0
23126.50243672434,117.0
23126.50249922117,-416.0
23126.502561718,307.0
23126.502624214834,445.0
23126.502686711665,-195.0
23126.502749208496,335.0
23126.502811705326,-37.0
23126.502874202157,116.0
23126.50293669899,521.0
23126.50299919582,279.0
23126.503061692652,625.0
23126.503124189483,72.0
23126.503186686314,54.0
23126.503249183148,605.0
23126.50331167998,292.0
23126.50337417681,-201.0
23126.50343667364,60.0
23126.503499170474,538.0
23126.503561667305,-276.0
23126.503624164136,531.0
23126.503686660966,82.0
23126.503749157797,-693.0
23126.50381165463,-208.0
23126.50387415146,-270.0
23126.503936648292,-404.0
23126.503999145123,-163.0
23126.504061641954,321.0
23126.504124138788,-245.0
23126.50418663562,501.0
23126.50424913245,-45.0
23126.50431162928,-238.0
23126.50437412611,315.0
23126.504436622945,-285.0
23126.504499119776,227.0
23126.504561616606,159.0
23126.504624113437,-38.0
23126.50468661027,188.0
23126.5047491071,-47.0
23126.504811603932,136.0
23126.504874100763,442.0
23126.504936597594,-596.0
23126.504999094428,-607.0
23126.50506159126,447.0
23126.50512408809,36.0
23126.50518658492,-582.0
23126.50524908175,-522.0
23126.505311578585,-638.0
23126.505374075416,-621.0
23126.505436572246,246.0
23126.505499069077,-524.0
23126.505561565908,-193.0
23126.505624062742,503.0
23126.505686559572,-751.0
23126.505749056403,-570.0
23126.505811553234,-368.0
23126.505874050068,-38.0
23126.5059365469,114.0
23126.50599904373,-282.0
23126.50606154056,-363.0
23126.50612403739,-21.0
23126.506186534225,-499.0
23126.506249031056,-214.0
23126.506311527886,606.0
23126.506374024717,232.0
23126.506436521548,-172.0
23126.506499018382,-588.0
23126.506561515213,261.0
23126.506624012043,373.0
23126.506686508874,-580.0
23126.506749005704,-583.0
23126.50681150254,175.0
23126.50687399937,246.0
23126.5069364962,-358.0
23126.50699899303,-351.0
23126.507061489865,-193.0
23126.507123986696,-72.0
23126.507186483526,-486.0
23126.507248980357,-195.0
23126.507311477188,-449.0
23126.507373974022,-257.0
23126.507436470853,-507.0
23126.507498967683,-659.0
23126.507561464514,968.0
23126.507623961345,-283.0
23126.50768645818,39.0
23126.50774895501,235.0
23126.50781145184,-404.0
23126.50787394867,192.0
23126.5079364455,-360.0
23126.507998942336,187.0
23126.508061439166,130.0
23126.508123935997,300.0
23126.508186432828,258.0
23126.508248929662,-369.0
23126.508311426493,-103.0
23126.508373923323,-299.0
23126.508436420154,216.0
23126.508498916985,48.0
23126.50856141382,-540.0
23126.50862391065,-47.0
23126.50868640748,-454.0
23126.50874890431,-48.0
23126.50881140114,-347.0
23126.508873897976,-68.0
23126.508936394806,514.0
23126.508998891637,-475.0
23126.509061388468,-356.0
23126.5091238853,-245.0
23126.509186382133,674.0
23126.509248878963,264.0
23126.509311375794,-1005.0
23126.509373872625,-350.0
23126.50943636946,119.0
23126.50949886629,155.0
23126.50956136312,53.0
23126.50962385995,214.0
23126.50968635678,189.0
23126.509748853616,-560.0
23126.509811350446,-620.0
23126.509873847277,492.0
23126.509936344108,115.0
23126.50999884094,-249.0
23126.510061337773,-59.0
23126.510123834603,-314.0
23126.510186331434,740.0
23126.510248828265,-341.0
23126.510311325095,-285.0
23126.51037382193,-315.0
23126.51043631876,-654.0
23126.51049881559,-305.0
23126.51056131242,-667.0
23126.510623809256,46.0
23126.510686306086,-245.0
23126.510748802917,9.0
23126.510811299748,-83.0
23126.51087379658,-742.0
23126.510936293413,128.0
23126.510998790243,-651.0
23126.511061287074,-160.0
23126.511123783905,287.0
23126.511186280735,-242.0
23126.51124877757,14.0
23126.5113112744,-359.0
23126.51137377123,-446.0
23126.51143626806,-755.0
23126.511498764892,35.0
23126.511561261726,119.0
23126.511623758557,-344.0
23126.511686255388,-456.0
23126.51174875222,-319.0
23126.511811249053,149.0
23126.511873745883,136.0
23126.511936242714,-497.0
23126.511998739545,-598.0
23126.512061236375,320.0
23126.51212373321,-312.0
23126.51218623004,-444.0
23126.51224872687,353.0
23126.5123112237,-60.0
23126.512373720532,-355.0
23126.512436217366,-492.0
23126.512498714197,-270.0
23126.512561211028,-171.0
23126.51262370786,49.0
23126.51268620469,-364.0
23126.512748701523,70.0
23126.512811198354,174.0
23126.512873695185,-1022.0
23126.512936192015,91.0
23126.51299868885,-194.0
23126.51306118568,-747.0
23126.51312368251,-209.0
23126.51318617934,153.0
23126.513248676172,121.0
23126.513311173007,-524.0
23126.513373669837,145.0
23126.513436166668,-325.0
23126.5134986635,217.0
23126.51356116033,255.0
23126.513623657163,121.0
23126.513686153994,754.0
23126.513748650825,-227.0
23126.513811147655,57.0
23126.513873644486,382.0
23126.51393614132,-64.0
23126.51399863815,-190.0
23126.51406113498,620.0
23126.514123631812,367.0
23126.514186128647,-58.0
23126.514248625477,-124.0
23126.514311122308,-425.0
23126.51437361914,47.0
23126.51443611597,228.0
23126.514498612803,-1026.0
23126.514561109634,181.0
23126.514623606465,338.0
23126.514686103295,-784.0
23126.514748600126,287.0
23126.51481109696,-65.0
23126.51487359379,386.0
23126.51493609062,72.0
23126.514998587452,-66.0
23126.515061084283,553.0
23126.515123581117,176.0
23126.515186077948,-262.0
23126.51524857478,-56.0
23126.51531107161,594.0
23126.515373568443,654.0
23126.515436065274,231.0
23126.515498562105,522.0
23126.515561058935,196.0
23126.515623555766,10.0
23126.5156860526,-54.0
23126.51574854943,386.0
23126.51581104626,745.0
23126.515873543092,359.0
23126.515936039923,-269.0
23126.515998536757,63.0
23126.516061033588,338.0
23126.51612353042,-274.0
23126.51618602725,-50.0
23126.51624852408,-52.0
23126.516311020914,-59.0
23126.516373517745,-90.0
23126.516436014575,-229.0
23126.516498511406,-51.0
23126.51656100824,212.0
23126.51662350507,0.0
23126.5166860019,-224.0
23126.516748498732,-244.0
23126.516810995563,154.0
23126.516873492397,313.0
23126.516935989228,116.0
23126.51699848606,54.0
23126.51706098289,271.0
23126.51712347972,115.0
23126.517185976554,437.0
23126.517248473385,69.0
23126.517310970215,-324.0
23126.517373467046,364.0
23126.517435963877,-236.0
23126.51749846071,195.0
23126.51756095754,51.0
23126.517623454372,-143.0
23126.517685951203,297.0
23126.517748448037,-89.0
23126.517810944868,163.0
23126.5178734417,-71.0
23126.51793593853,-158.0
23126.51799843536,-5.0
23126.518060932194,-252.0
23126.518123429025,219.0
23126.518185925856,-226.0
23126.518248422686,-97.0
23126.518310919517,522.0
23126.51837341635,163.0
23126.51843591318,333.0
23126.518498410012,-77.0
23126.518560906843,-185.0
23126.518623403674,507.0
23126.518685900508,383.0
23126.51874839734,-407.0
23126.51881089417,-19.0
23126.518873391,322.0
23126.518935887834,-168.0
23126.518998384665,163.0
23126.519060881496,282.0
23126.519123378326,-180.0
23126.519185875157,-59.0
23126.51924837199,386.0
23126.51931086882,163.0
23126.519373365652,-282.0
23126.519435862483,-194.0
23126.519498359314,556.0
23126.519560856148,254.0
23126.51962335298,-286.0
23126.51968584981,162.0
23126.51974834664,7.0
23126.51981084347,-173.0
23126.519873340305,-266.0
23126.519935837136,-5.0
23126.519998333966,-10.0
23126.520060830797,-380.0
23126.52012332763,163.0
23126.52018582446,274.0
23126.520248321292,-28.0
23126.520310818123,39.0
23126.520373314954,359.0
23126.520435811788,-113.0
23126.52049830862,432.0
23126.52056080545,327.0
23126.52062330228,-203.0
23126.52068579911,1072.0
23126.520748295945,296.0
23126.520810792776,110.0
23126.520873289606,379.0
23126.520935786437,461.0
23126.520998283268,449.0
23126.521060780102,-194.0
23126.521123276932,656.0
23126.521185773763,350.0
23126.521248270594,-193.0
23126.521310767428,-92.0
23126.52137326426,444.0
23126.52143576109,866.0
23126.52149825792,-484.0
23126.52156075475,-425.0
23126.521623251585,623.0
23126.521685748416,236.0
23126.521748245246,-244.0
23126.521810742077,347.0
23126.521873238908,-111.0
23126.521935735742,135.0
23126.521998232573,-252.0
23126.522060729403,-121.0
23126.522123226234,646.0
23126.522185723064,24.0
23126.5222482199,-118.0
23126.52231071673,318.0
23126.52237321356,406.0
23126.52243571039,-169.0
23126.522498207225,70.0
23126.522560704056,54.0
23126.522623200886,310.0
23126.522685697717,-204.0
23126.522748194548,293.0
23126.522810691382,1116.0
23126.522873188213,109.0
23126.522935685043,477.0
23126.522998181874,-61.0
23126.523060678704,-404.0
23126.52312317554,236.0
23126.52318567237,-76.0
23126.5232481692,543.0
23126.52331066603,535.0
23126.52337316286,-398.0
23126.523435659696,307.0
23126.523498156526,171.0
23126.523560653357,136.0
23126.523623150188,-290.0
23126.523685647022,-380.0
23126.523748143853,-63.0
23126.523810640683,337.0
23126.523873137514,505.0
23126.523935634345,-211.0
23126.52399813118,-216.0
23126.52406062801,-12.0
23126.52412312484,437.0
23126.52418562167,398.0
23126.5242481185,-537.0
23126.524310615336,165.0
23126.524373112166,64.0
23126.524435608997,14.0
23126.524498105828,-56.0
23126.52456060266,-322.0
23126.524623099493,251.0
23126.524685596323,-176.0
23126.524748093154,145.0
23126.524810589985,-402.0
23126.52487308682,156.0
23126.52493558365,-99.0
23126.52499808048,-844.0
23126.52506057731,164.0
23126.52512307414,64.0
23126.525185570976,-504.0
23126.525248067806,-369.0
23126.525310564637,565.0
23126.525373061468,-4.0
23126.5254355583,-447.0
23126.525498055133,-603.0
23126.525560551963,-202.0
23126.525623048794,299.0
23126.525685545625,-631.0
23126.525748042455,286.0
23126.52581053929,324.0
23126.52587303612,-645.0
23126.52593553295,-328.0
23126.52599802978,147.0
23126.526060526616,-74.0
23126.526123023446,-276.0
23126.526185520277,55.0
23126.526248017108,306.0
23126.52631051394,4.0
23126.526373010773,-411.0
23126.526435507603,-491.0
23126.526498004434,219.0
23126.526560501265,184.0
23126.526622998095,-700.0
23126.52668549493,-231.0
23126.52674799176,99.0
23126.52681048859,-246.0
23126.52687298542,211.0
23126.526935482252,-275.0
23126.526997979086,-388.0
23126.527060475917,214.0
23126.527122972748,-255.0
23126.52718546958,-105.0
23126.527247966413,31.0
23126.527310463243,258.0
23126.527372960074,355.0
23126.527435456905,-1032.0
23126.527497953735,296.0
23126.52756045057,870.0
23126.5276229474,-128.0
23126.52768544423,542.0
23126.52774794106,56.0
23126.527810437892,527.0
23126.527872934726,269.0
23126.527935431557,-904.0
23126.527997928388,277.0
23126.52806042522,101.0
23126.52812292205,-122.0
23126.528185418883,336.0
23126.528247915714,-95.0
23126.528310412545,-140.0
23126.528372909375,-316.0
23126.52843540621,-330.0
23126.52849790304,351.0
23126.52856039987,-113.0
23126.5286228967,163.0
23126.528685393532,171.0
23126.528747890367,-95.0
23126.528810387197,375.0
23126.528872884028,110.0
23126.52893538086,-146.0
23126.52899787769,-178.0
23126.529060374523,-40.0
23126.529122871354,-114.0
23126.529185368185,168.0
23126.529247865015,-112.0
23126.529310361846,-275.0
23126.52937285868,230.0
23126.52943535551,149.0
23126.52949785234,-135.0
23126.529560349172,-360.0
23126.529622846007,142.0
23126.529685342837,444.0
23126.529747839668,95.0
23126.5298103365,-298.0
23126.52987283333,-231.0
23126.529935330163,93.0
23126.529997826994,-194.0
23126.530060323825,-52.0
23126.530122820655,116.0
23126.530185317486,-153.0
23126.53024781432,81.0
23126.53031031115,-225.0
23126.53037280798,-125.0
23126.530435304812,-431.0
23126.530497801643,-597.0
23126.530560298477,108.0
23126.530622795308,1.0
23126.53068529214,-171.0
23126.53074778897,-441.0
23126.530810285803,-511.0
23126.530872782634,221.0
23126.530935279465,-45.0
23126.530997776295,-289.0
23126.531060273126,-57.0
23126.53112276996,146.0
23126.53118526679,-299.0
23126.53124776362,171.0
23126.531310260452,259.0
23126.531372757283,81.0
23126.531435254117,-1.0
23126.531497750948,-363.0
23126.53156024778,-157.0
23126.53162274461,514.0
23126.53168524144,-208.0
23126.531747738274,-826.0
23126.531810235105,426.0
23126.531872731935,409.0
23126.531935228766,-464.0
23126.5319977256,-539.0
23126.53206022243,89.0
23126.53212271926,-383.0
23126.532185216092,36.0
23126.532247712923,143.0
23126.532310209757,-344.0
23126.532372706588,71.0
23126.53243520342,50.0
23126.53249770025,-94.0
23126.53256019708,72.0
23126.532622693914,55.0
23126.532685190745,-727.0
23126.532747687575,-94.0
23126.532810184406,-24.0
23126.532872681237,-253.0
23126.53293517807,-44.0
23126.5329976749,135.0
23126.533060171732,227.0
23126.533122668563,-194.0
23126.533185165397,-165.0
23126.533247662228,552.0
23126.53331015906,311.0
23126.53337265589,-690.0
23126.53343515272,-246.0
23126.533497649554,62.0
23126.533560146385,269.0
23126.533622643215,301.0
23126.533685140046,-193.0
23126.533747636877,-139.0
23126.53381013371,140.0
23126.53387263054,-368.0
23126.533935127372,-9.0
23126.533997624203,246.0
23126.534060121034,-674.0
23126.534122617868,-26.0
23126.5341851147,200.0
23126.53424761153,299.0
23126.53431010836,506.0
23126.534372605194,297.0
23126.534435102025,-165.0
23126.534497598856,-285.0
23126.534560095686,472.0
23126.534622592517,26.0
23126.53468508935,138.0
23126.53474758618,364.0
23126.534810083012,140.0
23126.534872579843,412.0
23126.534935076674,183.0
23126.534997573508,238.0
23126.53506007034,472.0
23126.53512256717,421.0
23126.535185064,-139.0
23126.53524756083,349.0
23126.535310057665,310.0
23126.535372554496,93.0
23126.535435051326,290.0
23126.535497548157,-189.0
23126.53556004499,572.0
23126.53562254182,169.0
23126.535685038652,-199.0
23126.535747535483,432.0
23126.535810032314,134.0
23126.535872529148,26.0
23126.53593502598,256.0
23126.53599752281,484.0
23126.53606001964,201.0
23126.53612251647,-70.0
23126.536185013305,-103.0
23126.536247510136,189.0
23126.536310006966,-59.0
23126.536372503797,291.0
23126.536435000628,419.0
23126.536497497462,118.0
23126.536559994292,-391.0
23126.536622491123,-253.0
23126.536684987954,506.0
23126.536747484788,8.0
23126.53680998162,226.0
23126.53687247845,-258.0
23126.53693497528,451.0
23126.53699747211,162.0
23126.537059968945,-619.0
23126.537122465776,147.0
23126.537184962606,32.0
23126.537247459437,339.0
23126.537309956268,-96.0
23126.537372453102,-170.0
23126.537434949933,219.0
23126.537497446763,-430.0
23126.537559943594,314.0
23126.537622440424,317.0
23126.53768493726,-409.0
23126.53774743409,129.0
23126.53780993092,-110.0
23126.53787242775,-161.0
23126.537934924585,604.0
23126.537997421416,175.0
23126.538059918246,-516.0
23126.538122415077,501.0
23126.538184911908,-68.0
23126.538247408742,-536.0
23126.538309905573,173.0
23126.538372402403,-206.0
23126.538434899234,147.0
23126.538497396064,97.0
23126.5385598929,-159.0
23126.53862238973,-180.0
23126.53868488656,156.0
23126.53874738339,491.0
23126.53880988022,-219.0
23126.538872377056,-250.0
23126.538934873886,383.0
23126.538997370717,-373.0
23126.539059867548,209.0
23126.539122364382,344.0
23126.539184861213,-352.0
23126.539247358043,618.0
23126.539309854874,-336.0
23126.539372351705,-158.0
23126.53943484854,369.0
23126.53949734537,125.0
23126.5395598422,-59.0
23126.53962233903,218.0
23126.53968483586,157.0
23126.539747332696,-574.0
23126.539809829526,567.0
23126.539872326357,378.0
23126.539934823188,-360.0
23126.53999732002,772.0
23126.540059816853,9.0
23126.540122313683,-489.0
23126.540184810514,229.0
23126.540247307345,288.0
23126.54030980418,234.0
23126.54037230101,2.0
23126.54043479784,511.0
23126.54049729467,186.0
23126.5405597915,29.0
23126.540622288336,1022.0
23126.540684785166,500.0
23126.540747281997,389.0
23126.540809778828,379.0
23126.54087227566,-221.0
23126.540934772493,259.0
23126.540997269323,536.0
23126.541059766154,22.0
23126.541122262985,-487.0
23126.541184759815,560.0
23126.54124725665,1009.0
23126.54130975348,50.0
23126.54137225031,-43.0
23126.54143474714,59.0
23126.541497243976,88.0
23126.541559740806,682.0
23126.541622237637,200.0
23126.541684734468,347.0
23126.5417472313,472.0
23126.541809728133,-371.0
23126.541872224963,178.0
23126.541934721794,616.0
23126.541997218625,188.0
23126.542059715455,-745.0
23126.54212221229,206.0
23126.54218470912,300.0
23126.54224720595,-335.0
23126.54230970278,-232.0
23126.542372199612,-27.0
23126.542434696446,-47.0
23126.542497193277,-91.0
23126.542559690108,-281.0
23126.54262218694,309.0
23126.542684683773,488.0
23126.542747180603,-265.0
23126.542809677434,266.0
23126.542872174265,6.0
23126.542934671095,-266.0
23126.54299716793,363.0
23126.54305966476,196.0
23126.54312216159,713.0
23126.54318465842,-105.0
23126.543247155252,-485.0
23126.543309652086,431.0
23126.543372148917,-373.0
23126.543434645748,-17.0
23126.54349714258,309.0
23126.54355963941,-2.0
23126.543622136243,157.0
23126.543684633074,-63.0
23126.543747129905,-26.0
23126.543809626735,87.0
23126.54387212357,277.0
23126.5439346204,278.0
23126.54399711723,-314.0
23126.54405961406,88.0
23126.544122110892,-199.0
23126.544184607726,-511.0
23126.544247104557,-407.0
23126.544309601388,133.0
23126.54437209822,-185.0
23126.54443459505,-546.0
23126.544497091883,-288.0
23126.544559588714,59.0
23126.544622085545,612.0
23126.544684582375,-130.0
23126.544747079206,-222.0
23126.54480957604,-199.0
23126.54487207287,-498.0
23126.5449345697,-4.0
23126.544997066532,-435.0
23126.545059563367,-213.0
23126.545122060197,534.0
23126.545184557028,-222.0
23126.54524705386,-384.0
23126.54530955069,89.0
23126.545372047523,-58.0
23126.545434544354,63.0
23126.545497041185,-322.0
23126.545559538015,-406.0
23126.545622034846,190.0
23126.54568453168,-273.0
23126.54574702851,-18.0
23126.54580952534,398.0
23126.545872022172,-398.0
23126.545934519003,50.0
23126.545997015837,288.0
23126.546059512668,-439.0
23126.5461220095,-158.0
23126.54618450633,-220.0
23126.546247003163,307.0
23126.546309499994,-234.0
23126.546371996825,25.0
23126.546434493655,-131.0
23126.546496990486,-904.0
23126.54655948732,210.0
23126.54662198415,0.0
23126.54668448098,-406.0
23126.546746977812,-55.0
23126.546809474643,-169.0
23126.546871971477,-9.0
23126.546934468308,51.0
23126.54699696514,-368.0
23126.54705946197,-139.0
23126.5471219588,210.0
23126.547184455634,-508.0
23126.547246952465,-767.0
23126.547309449295,188.0
23126.547371946126,-289.0
23126.54743444296,65.0
23126.54749693979,-162.0
23126.54755943662,-431.0
23126.547621933452,185.0
23126.547684430283,64.0
23126.547746927117,38.0
23126.547809423948,-303.0
23126.54787192078,236.0
23126.54793441761,135.0
23126.54799691444,144.0
23126.548059411274,250.0
23126.548121908105,-168.0
23126.548184404935,29.0
23126.548246901766,198.0
23126.548309398597,7.0
23126.54837189543,-33.0
23126.54843439226,68.0
23126.548496889092,-463.0
23126.548559385923,-201.0
23126.548621882757,32.0
23126.548684379588,-273.0
23126.54874687642,-319.0
23126.54880937325,-81.0
23126.54887187008,-155.0
23126.548934366914,110.0
23126.548996863745,-213.0
23126.549059360575,368.0
23126.549121857406,582.0
23126.549184354237,-331.0
23126.54924685107,-230.0
23126.5493093479,3.0
23126.549371844732,240.0
23126.549434341563,406.0
23126.549496838394,293.0
23126.549559335228,316.0
23126.54962183206,-178.0
23126.54968432889,186.0
23126.54974682572,328.0
23126.549809322554,-525.0
23126.549871819385,133.0
23126.549934316216,836.0
23126.549996813046,-244.0
23126.550059309877,210.0
23126.55012180671,-86.0
23126.55018430354,-172.0
23126.550246800372,318.0
23126.550309297203,-667.0
23126.550371794034,-513.0
23126.550434290868,269.0
23126.5504967877,-439.0
23126.55055928453,-526.0
23126.55062178136,-396.0
23126.55068427819,-397.0
23126.550746775025,-422.0
23126.550809271856,-51.0
23126.550871768686,-258.0
23126.550934265517,-594.0
23126.55099676235,26.0
23126.55105925918,-796.0
23126.551121756012,-231.0
23126.551184252843,96.0
23126.551246749674,-676.0
23126.551309246508,-170.0
23126.55137174334,7.0
23126.55143424017,-270.0
23126.551496737,179.0
23126.55155923383,-461.0
23126.551621730665,-668.0
23126.551684227496,139.0
23126.551746724326,-317.0
23126.551809221157,85.0
23126.551871717988,-226.0
23126.55193421482,-78.0
23126.551996711652,187.0
23126.552059208483,-298.0
23126.552121705314,-120.0
23126.552184202148,-360.0
23126.55224669898,-444.0
23126.55230919581,180.0
23126.55237169264,128.0
23126.55243418947,-190.0
23126.552496686305,-99.0
23126.552559183136,-59.0
23126.552621679966,378.0
23126.552684176797,-439.0
23126.552746673628,-391.0
23126.552809170462,-178.0
23126.552871667292,-52.0
23126.552934164123,-192.0
23126.552996660954,-263.0
23126.553059157784,269.0
23126.55312165462,-54.0
23126.55318415145,-287.0
23126.55324664828,-132.0
23126.55330914511,-471.0
23126.553371641945,-57.0
23126.553434138776,434.0
23126.553496635606,-471.0
23126.553559132437,-55.0
23126.553621629268,256.0
23126.553684126102,-11.0
23126.553746622933,39.0
23126.553809119763,-283.0
23126.553871616594,177.0
23126.553934113424,273.0
23126.55399661026,24.0
23126.55405910709,-181.0
23126.55412160392,8.0
23126.55418410075,322.0
23126.55424659758,-233.0
23126.554309094416,-214.0
23126.554371591246,127.0
23126.554434088077,11.0
23126.554496584908,1.0
23126.554559081742,-101.0
23126.554621578573,424.0
23126.554684075403,-89.0
23126.554746572234,-744.0
23126.554809069065,81.0
23126.5548715659,-47.0
23126.55493406273,154.0
23126.55499655956,-66.0
23126.55505905639,-190.0
23126.55512155322,273.0
23126.555184050056,17.0
23126.555246546886,-134.0
23126.555309043717,-320.0
23126.555371540548,-138.0
23126.55543403738,201.0
23126.555496534213,8.0
23126.555559031043,171.0
23126.555621527874,-145.0
23126.555684024705,33.0
23126.55574652154,197.0
23126.55580901837,-340.0
23126.5558715152,-253.0
23126.55593401203,95.0
23126.55599650886,-58.0
23126.556059005696,390.0
23126.556121502526,-70.0
23126.556183999357,-262.0
23126.556246496188,255.0
23126.55630899302,-11.0
23126.556371489853,104.0
23126.556433986683,-247.0
23126.556496483514,-152.0
23126.556558980345,136.0
23126.556621477175,191.0
23126.55668397401,119.0
23126.55674647084,-439.0
23126.55680896767,411.0
23126.5568714645,-110.0
23126.556933961336,-322.0
23126.556996458166,306.0
23126.557058954997,604.0
23126.557121451828,-413.0
23126.55718394866,-240.0
23126.557246445493,657.0
23126.557308942323,-347.0
23126.557371439154,395.0
23126.557433935985,175.0
23126.557496432815,-339.0
23126.55755892965,677.0
23126.55762142648,-330.0
23126.55768392331,-193.0
23126.55774642014,745.0
23126.557808916972,270.0
23126.557871413806,-175.0
23126.557933910637,-198.0
23126.557996407468,644.0
23126.5580589043,303.0
23126.558121401133,131.0
23126.558183897963,336.0
23126.558246394794,-43.0
23126.558308891625,-149.0
23126.558371388455,80.0
23126.55843388529,29.0
23126.55849638212,166.0
23126.55855887895,467.0
23126.55862137578,-496.0
23126.558683872612,-155.0
23126.558746369446,309.0
23126.558808866277,-282.0
23126.558871363108,79.0
23126.55893385994,-180.0
23126.55899635677,-199.0
23126.559058853603,421.0
23126.559121350434,79.0
23126.559183847265,-301.0
23126.559246344095,287.0
23126.55930884093,312.0
23126.55937133776,497.0
23126.55943383459,69.0
23126.55949633142,155.0
23126.559558828252,292.0
23126.559621325086,109.0
23126.559683821917,83.0
23126.559746318748,-232.0
23126.55980881558,114.0
23126.55987131241,156.0
23126.559933809243,-208.0
23126.559996306074,-48.0
23126.560058802905,303.0
23126.560121299735,-166.0
23126.560183796566,-164.0
23126.5602462934,-19.0
23126.56030879023,-390.0
23126.56037128706,632.0
23126.560433783892,555.0
23126.560496280727,-359.0
23126.560558777557,-108.0
23126.560621274388,257.0
23126.56068377122,-200.0
23126.56074626805,487.0
23126.560808764883,-158.0
23126.560871261714,226.0
23126.560933758545,663.0
23126.560996255375,-405.0
23126.561058752206,322.0
23126.56112124904,468.0
23126.56118374587,215.0
23126.5612462427,88.0
23126.561308739532,-203.0
23126.561371236363,373.0
23126.561433733197,315.0
23126.561496230028,454.0
23126.56155872686,529.0
23126.56162122369,-410.0
23126.561683720523,134.0
23126.561746217354,6.0
23126.561808714185,-14.0
23126.561871211015,590.0
23126.561933707846,-232.0
23126.56199620468,212.0
23126.56205870151,139.0
23126.56212119834,-370.0
23126.562183695172,-21.0
23126.562246192003,-65.0
23126.562308688837,287.0
23126.562371185668,256.0
23126.5624336825,-373.0
23126.56249617933,-474.0
23126.56255867616,-6.0
23126.562621172994,16.0
23126.562683669825,-32.0
23126.562746166655,-138.0
23126.562808663486,328.0
23126.56287116032,81.0
23126.56293365715,153.0
23126.56299615398,-121.0
23126.563058650812,133.0
23126.563121147643,428.0
23126.563183644477,-384.0
23126.563246141308,-24.0
23126.56330863814,-2.0
23126.56337113497,122.0
23126.5634336318,178.0
23126.563496128634,498.0
23126.563558625465,454.0
23126.563621122295,-314.0
23126.563683619126,-455.0
23126.563746115957,-102.0
23126.56380861279,275.0
23126.56387110962,277.0
23126.563933606452,-684.0
23126.563996103283,-72.0
23126.564058600117,428.0
23126.564121096948,-389.0
23126.56418359378,56.0
23126.56424609061,-413.0
23126.56430858744,-578.0
23126.564371084274,-85.0
23126.564433581105,-181.0
23126.564496077935,-278.0
23126.564558574766,80.0
23126.564621071597,-482.0
23126.56468356843,-334.0
23126.56474606526,-93.0
23126.564808562092,-457.0
23126.564871058923,137.0
23126.564933555754,-329.0
23126.564996052588,-238.0
23126.56505854942,126.0
23126.56512104625,-603.0
23126.56518354308,-311.0
23126.565246039914,-242.0
23126.565308536745,-271.0
23126.565371033576,92.0
23126.565433530406,-81.0
23126.565496027237,136.0
23126.56555852407,103.0
23126.5656210209,-319.0
23126.565683517732,-298.0
23126.565746014563,156.0
23126.565808511394,-129.0
23126.565871008228,-157.0
23126.56593350506,-122.0
23126.56599600189,-326.0
23126.56605849872,28.0
23126.56612099555,-387.0
23126.566183492385,9.0
23126.566245989216,-152.0
23126.566308486046,-570.0
23126.566370982877,-81.0
23126.56643347971,-481.0
23126.56649597654,-368.0
23126.566558473372,-288.0
23126.566620970203,-352.0
23126.566683467034,88.0
23126.566745963868,-181.0
23126.5668084607,-266.0
23126.56687095753,-331.0
23126.56693345436,-507.0
23126.56699595119,73.0
23126.567058448025,405.0
23126.567120944856,-312.0
23126.567183441686,-80.0
23126.567245938517,8.0
23126.567308435348,-42.0
23126.56737093218,119.0
23126.567433429012,-179.0
23126.567495925843,23.0
23126.567558422674,-313.0
23126.567620919508,-256.0
23126.56768341634,-72.0
23126.56774591317,-369.0
23126.56780841,56.0
23126.56787090683,-116.0
23126.567933403665,489.0
23126.567995900496,88.0
23126.568058397326,-635.0
23126.568120894157,-308.0
23126.568183390988,318.0
23126.568245887822,-81.0
23126.568308384652,200.0
23126.568370881483,31.0
23126.568433378314,-3.0
23126.568495875144,113.0
23126.56855837198,-197.0
23126.56862086881,331.0
23126.56868336564,-92.0
23126.56874586247,-393.0
23126.568808359305,211.0
23126.568870856136,-253.0
23126.568933352966,-310.0
23126.568995849797,49.0
23126.569058346628,-301.0
23126.569120843462,269.0
23126.569183340293,-249.0
23126.569245837123,-90.0
23126.569308333954,699.0
23126.569370830784,-155.0
23126.56943332762,-146.0
23126.56949582445,-143.0
23126.56955832128,-485.0
23126.56962081811,202.0
23126.56968331494,69.0
23126.569745811776,-138.0
23126.569808308606,-16.0
23126.569870805437,-63.0
23126.569933302268,-96.0
23126.569995799102,73.0
23126.570058295933,-295.0
23126.570120792763,-351.0
23126.570183289594,123.0
23126.570245786424,-72.0
23126.57030828326,74.0
23126.57037078009,145.0
23126.57043327692,-356.0
23126.57049577375,-291.0
23126.57055827058,-113.0
23126.570620767416,-698.0
23126.570683264246,-155.0
23126.570745761077,-253.0
23126.570808257908,-789.0
23126.57087075474,-27.0
23126.570933251573,-177.0
23126.570995748403,-56.0
23126.571058245234,-63.0
23126.571120742065,-100.0
23126.5711832389,-337.0
23126.57124573573,-247.0
23126.57130823256,60.0
23126.57137072939,-423.0
23126.57143322622,-349.0
23126.571495723056,128.0
23126.571558219886,225.0
23126.571620716717,99.0
23126.571683213548,-175.0
23126.57174571038,-93.0
23126.571808207213,86.0
23126.571870704043,-895.0
23126.571933200874,-390.0
23126.571995697705,171.0
23126.572058194535,134.0
23126.57212069137,-71.0
23126.5721831882,-98.0
23126.57224568503,310.0
23126.57230818186,-71.0
23126.572370678696,-163.0
23126.572433175526,-31.0
23126.572495672357,-9.0
23126.572558169188,-244.0
23126.57262066602,-18.0
23126.572683162853,-268.0
23126.572745659683,-666.0
23126.572808156514,-252.0
23126.572870653345,145.0
23126.572933150175,180.0
23126.57299564701,-19.0
23126.57305814384,-85.0
23126.57312064067,-306.0
23126.5731831375,-9.0
23126.573245634332,87.0
23126.573308131166,91.0
23126.573370627997,-25.0
23126.573433124828,-259.0
23126.57349562166,139.0
23126.573558118493,146.0
23126.573620615323,-204.0
23126.573683112154,-72.0
23126.573745608985,289.0
23126.573808105815,-438.0
23126.57387060265,341.0
23126.57393309948,50.0
23126.57399559631,-25.0
23126.57405809314,197.0
23126.574120589972,16.0
23126.574183086806,255.0
23126.574245583637,-347.0
23126.574308080468,386.0
23126.5743705773,-141.0
23126.57443307413,66.0
23126.574495570963,614.0
23126.574558067794,146.0
23126.574620564625,61.0
23126.574683061455,-312.0
23126.57474555829,111.0
23126.57480805512,51.0
23126.57487055195,-30.0
23126.57493304878,251.0
23126.574995545612,116.0
23126.575058042446,38.0
23126.575120539277,-204.0
23126.575183036108,402.0
23126.57524553294,-24.0
23126.57530802977,8.0
23126.575370526603,359.0
23126.575433023434,-7.0
23126.575495520265,82.0
23126.575558017095,247.0
23126.575620513926,335.0
23126.57568301076,239.0
23126.57574550759,-107.0
23126.57580800442,-87.0
23126.575870501252,296.0
23126.575932998087,11.0
23126.575995494917,270.0
23126.576057991748,456.0
23126.57612048858,197.0
23126.57618298541,49.0
23126.576245482243,-400.0
23126.576307979074,-31.0
23126.576370475905,416.0
23126.576432972735,44.0
23126.576495469566,170.0
23126.5765579664,27.0
23126.57662046323,-263.0
23126.57668296006,625.0
23126.576745456892,-68.0
23126.576807953723,116.0
23126.576870450557,398.0
23126.576932947388,-57.0
23126.57699544422,875.0
23126.57705794105,-28.0
23126.577120437883,103.0
23126.577182934714,128.0
23126.577245431545,-299.0
23126.577307928375,602.0
23126.577370425206,84.0
23126.57743292204,128.0
23126.57749541887,-123.0
23126.5775579157,-270.0
23126.577620412532,-40.0
23126.577682909363,29.0
23126.577745406197,-18.0
23126.577807903028,31.0
23126.57787039986,-432.0
23126.57793289669,-524.0
23126.57799539352,390.0
23126.578057890354,-6.0
23126.578120387185,78.0
23126.578182884015,409.0
23126.578245380846,-291.0
23126.57830787768,153.0
23126.57837037451,182.0
23126.57843287134,-206.0
23126.578495368172,361.0
23126.578557865003,397.0
23126.578620361837,-62.0
23126.578682858668,-105.0
23126.5787453555,551.0
23126.57880785233,275.0
23126.57887034916,305.0
23126.578932845994,307.0
23126.578995342825,154.0
23126.579057839655,214.0
23126.579120336486,-149.0
23126.579182833317,233.0
23126.57924533015,-255.0
23126.57930782698,-200.0
23126.579370323812,924.0
23126.579432820643,356.0
23126.579495317477,-52.0
23126.579557814308,-318.0
23126.57962031114,-402.0
23126.57968280797,222.0
23126.5797453048,252.0
23126.579807801634,700.0
23126.579870298465,41.0
23126.579932795295,-508.0
23126.579995292126,106.0
23126.580057788957,-39.0
23126.58012028579,319.0
23126.58018278262,400.0
23126.580245279452,-282.0
23126.580307776283,695.0
23126.580370273114,185.0
23126.580432769948,-361.0
23126.58049526678,778.0
23126.58055776361,560.0
23126.58062026044,180.0
23126.580682757274,330.0
23126.580745254105,61.0
23126.580807750935,703.0
23126.580870247766,371.0
23126.580932744597,303.0
23126.58099524143,565.0
23126.58105773826,72.0
23126.581120235092,427.0
23126.581182731923,116.0
23126.581245228754,434.0
23126.581307725588,486.0
23126.58137022242,234.0
23126.58143271925,589.0
23126.58149521608,90.0
23126.58155771291,68.0
23126.581620209745,51.0
23126.581682706576,-181.0
23126.581745203406,527.0
23126.581807700237,385.0
23126.58187019707,-201.0
23126.5819326939,-62.0
23126.581995190732,240.0
23126.582057687563,167.0
23126.582120184394,-197.0
23126.582182681228,186.0
23126.58224517806,-24.0
23126.58230767489,-113.0
23126.58237017172,155.0
23126.58243266855,-318.0
23126.582495165385,100.0
23126.582557662216,411.0
23126.582620159046,-276.0
23126.582682655877,3.0
23126.582745152708,-84.0
23126.58280764954,-602.0
23126.582870146372,45.0
23126.582932643203,534.0
23126.582995140034,129.0
23126.583057636868,-76.0
23126.5831201337,-194.0
23126.58318263053,64.0
23126.58324512736,217.0
23126.58330762419,-10.0
23126.583370121025,355.0
23126.583432617856,206.0
23126.583495114686,128.0
23126.583557611517,98.0
23126.583620108348,289.0
23126.583682605182,-272.0
23126.583745102012,-355.0
23126.583807598843,348.0
23126.583870095674,406.0
23126.583932592504,62.0
23126.58399508934,-234.0
23126.58405758617,-116.0
23126.584120083,-496.0
23126.58418257983,414.0
23126.584245076665,356.0
23126.584307573496,-736.0
23126.584370070326,-153.0
23126.584432567157,-383.0
23126.584495063988,-175.0
23126.584557560822,225.0
23126.584620057653,38.0
23126.584682554483,-9.0
23126.584745051314,-315.0
23126.584807548144,-15.0
23126.58487004498,-377.0
23126.58493254181,-6.0
23126.58499503864,142.0
23126.58505753547,-357.0
23126.5851200323,369.0
23126.585182529136,-586.0
23126.585245025966,-442.0
23126.585307522797,165.0
23126.585370019628,46.0
23126.585432516462,247.0
23126.585495013293,-198.0
23126.585557510123,-323.0
23126.585620006954,-397.0
23126.585682503784,228.0
23126.58574500062,-216.0
23126.58580749745,32.0
23126.58586999428,118.0
23126.58593249111,-629.0
23126.58599498794,73.0
23126.586057484776,-69.0
23126.586119981606,210.0
23126.586182478437,419.0
23126.586244975268,-698.0
23126.5863074721,-217.0
23126.586369968933,-7.0
23126.586432465763,-191.0
23126.586494962594,78.0
23126.586557459425,147.0
23126.58661995626,-362.0
23126.58668245309,-231.0
23126.58674494992,-103.0
23126.58680744675,-357.0
23126.58686994358,37.0
23126.586932440416,-44.0
23126.586994937246,235.0
23126.587057434077,113.0
23126.587119930908,-300.0
23126.58718242774,234.0
23126.587244924573,105.0
23126.587307421403,-71.0
23126.587369918234,-3.0
23126.587432415065,-102.0
23126.587494911895,340.0
23126.58755740873,168.0
23126.58761990556,-234.0
23126.58768240239,321.0
23126.58774489922,194.0
23126.587807396056,-54.0
23126.587869892886,290.0
23126.587932389717,-53.0
23126.587994886548,-89.0
23126.58805738338,167.0
23126.588119880213,197.0
23126.588182377043,118.0
23126.588244873874,48.0
23126.588307370705,-39.0
23126.588369867535,-256.0
23126.58843236437,-125.0
23126.5884948612,142.0
23126.58855735803,215.0
23126.58861985486,-243.0
23126.588682351692,-168.0
23126.588744848526,-339.0
23126.588807345357,-179.0
23126.588869842188,498.0
23126.58893233902,135.0
23126.588994835853,-185.0
23126.589057332683,65.0
23126.589119829514,-302.0
23126.589182326345,-38.0
23126.589244823175,288.0
23126.58930732001,254.0
23126.58936981684,308.0
23126.58943231367,-256.0
23126.5894948105,-76.0
23126.589557307332,158.0
23126.589619804166,-9.0
23126.589682300997,-201.0
23126.589744797828,-343.0
23126.58980729466,211.0
23126.58986979149,346.0
23126.589932288323,-422.0
23126.589994785154,94.0
23126.590057281985,271.0
23126.590119778815,-58.0
23126.59018227565,24.0
23126.59024477248,-276.0
23126.59030726931,128.0
23126.59036976614,-463.0
23126.590432262972,-422.0
23126.590494759806,-147.0
23126.590557256637,-363.0
23126.590619753468,-242.0
23126.5906822503,-403.0
23126.59074474713,-44.0
23126.590807243963,58.0
23126.590869740794,-95.0
23126.590932237625,-547.0
23126.590994734455,92.0
23126.591057231286,-251.0
23126.59111972812,-546.0
23126.59118222495,214.0
23126.59124472178,-193.0
23126.591307218612,23.0
23126.591369715446,-215.0
23126.591432212277,-650.0
23126.591494709108,-312.0
23126.59155720594,82.0
23126.59161970277,-348.0
23126.591682199603,-175.0
23126.591744696434,172.0
23126.591807193265,-140.0
23126.591869690095,-335.0
23126.591932186926,-606.0
23126.59199468376,-143.0
23126.59205718059,-278.0
23126.59211967742,43.0
23126.592182174252,-375.0
23126.592244671083,-303.0
23126.592307167917,329.0
23126.592369664748,-42.0
23126.59243216158,-79.0
23126.59249465841,-178.0
23126.592557155243,64.0
23126.592619652074,300.0
23126.592682148905,-73.0
23126.592744645735,-63.0
23126.592807142566,306.0
23126.5928696394,51.0
23126.59293213623,-148.0
23126.59299463306,-178.0
23126.593057129892,289.0
23126.593119626723,-245.0
23126.593182123557,-650.0
23126.593244620388,95.0
23126.59330711722,239.0
23126.59336961405,-331.0
23126.59343211088,-242.0
23126.593494607714,-268.0
23126.593557104545,-135.0
23126.593619601375,316.0
23126.593682098206,-390.0
23126.59374459504,74.0
23126.59380709187,306.0
23126.5938695887,-175.0
23126.593932085532,185.0
23126.593994582363,-199.0
23126.594057079197,214.0
23126.594119576028,127.0
23126.59418207286,-109.0
23126.59424456969,321.0
23126.59430706652,153.0
23126.594369563354,246.0
23126.594432060185,96.0
23126.594494557015,215.0
23126.594557053846,-81.0
23126.594619550677,-125.0
23126.59468204751,2.0
23126.59474454434,339.0
23126.594807041172,182.0
23126.594869538003,-354.0
23126.594932034837,-88.0
23126.594994531668,397.0
23126.5950570285,68.0
23126.59511952533,114.0
23126.59518202216,-397.0
23126.595244518994,166.0
23126.595307015825,467.0
23126.595369512655,-180.0
23126.595432009486,587.0
23126.595494506317,-56.0
23126.59555700315,-262.0
23126.59561949998,322.0
23126.595681996812,-95.0
23126.595744493643,185.0
23126.595806990474,126.0
23126.595869487308,126.0
23126.59593198414,252.0
23126.59599448097,-113.0
23126.5960569778,549.0
23126.596119474634,-31.0
23126.596181971465,34.0
23126.596244468295,267.0
23126.596306965126,154.0
23126.596369461957,395.0
23126.59643195879,190.0
23126.59649445562,373.0
23126.596556952452,592.0
23126.596619449283,-29.0
23126.596681946114,-146.0
23126.596744442948,269.0
23126.59680693978,322.0
23126.59686943661,-46.0
23126.59693193344,-23.0
23126.59699443027,-43.0
23126.597056927105,-45.0
23126.597119423936,342.0
23126.597181920766,-572.0
23126.597244417597,172.0
23126.59730691443,339.0
23126.59736941126,-171.0
23126.597431908092,245.0
23126.597494404923,114.0
23126.597556901754,-12.0
23126.597619398588,-16.0
23126.59768189542,430.0
23126.59774439225,-123.0
23126.59780688908,160.0
23126.59786938591,-53.0
23126.597931882745,-468.0
23126.597994379576,651.0
23126.598056876406,102.0
23126.598119373237,346.0
23126.598181870067,-88.0
23126.5982443669,-322.0
23126.598306863732,278.0
23126.598369360563,-297.0
23126.598431857394,149.0
23126.598494354228,-202.0
23126.59855685106,62.0
23126.59861934789,433.0
23126.59868184472,-269.0
23126.59874434155,26.0
23126.598806838385,365.0
23126.598869335216,-25.0
23126.598931832046,114.0
23126.598994328877,-163.0
23126.599056825708,78.0
23126.59911932254,78.0
23126.599181819372,-285.0
23126.599244316203,79.0
23126.599306813034,298.0
23126.599369309864,-16.0
23126.5994318067,-97.0
23126.59949430353,349.0
23126.59955680036,127.0
23126.59961929719,-78.0
23126.599681794025,-9.0
23126.599744290856,168.0
23126.599806787686,164.0
23126.599869284517,-132.0
23126.599931781348,67.0
23126.599994278182,87.0
23126.600056775012,11.0
23126.600119271843,104.0
23126.600181768674,336.0
23126.600244265504,-30.0
23126.60030676234,-494.0
23126.60036925917,762.0
23126.600431756,593.0
23126.60049425283,233.0
23126.60055674966,315.0
23126.600619246496,419.0
23126.600681743326,429.0
23126.600744240157,94.0
23126.600806736988,64.0
23126.600869233822,292.0
23126.600931730653,423.0
23126.600994227483,120.0
23126.601056724314,-57.0
23126.601119221144,311.0
23126.60118171798,311.0
23126.60124421481,-35.0
23126.60130671164,263.0
23126.60136920847,75.0
23126.6014317053,162.0
23126.601494202136,-152.0
23126.601556698966,200.0
23126.601619195797,430.0
23126.601681692628,-382.0
23126.60174418946,273.0
23126.601806686293,-63.0
23126.601869183123,10.0
23126.601931679954,424.0
23126.601994176785,1.0
23126.60205667362,385.0
23126.60211917045,-176.0
23126.60218166728,-243.0
23126.60224416411,218.0
23126.60230666094,107.0
23126.602369157776,19.0
23126.602431654606,3.0
23126.602494151437,180.0
23126.602556648268,-188.0
23126.6026191451,109.0
23126.602681641933,315.0
23126.602744138763,-137.0
23126.602806635594,182.0
23126.602869132425,230.0
23126.602931629255,207.0
23126.60299412609,247.0
23126.60305662292,99.0
23126.60311911975,241.0
23126.60318161658,243.0
23126.603244113416,-41.0
23126.603306610246,-277.0
23126.603369107077,286.0
23126.603431603908,312.0
23126.60349410074,-98.0
23126.603556597573,239.0
23126.603619094403,33.0
23126.603681591234,-98.0
23126.603744088065,288.0
23126.603806584895,-214.0
23126.60386908173,-15.0
23126.60393157856,56.0
23126.60399407539,-577.0
23126.60405657222,25.0
23126.604119069052,-540.0
23126.604181565886,33.0
23126.604244062717,128.0
23126.604306559548,-718.0
23126.60436905638,379.0
23126.604431553213,-234.0
23126.604494050043,76.0
23126.604556546874,240.0
23126.604619043705,-80.0
23126.604681540535,-393.0
23126.60474403737,-207.0
23126.6048065342,269.0
23126.60486903103,-41.0
23126.60493152786,688.0
23126.604994024692,-261.0
23126.605056521526,-160.0
23126.605119018357,13.0
23126.605181515188,-443.0
23126.60524401202,-55.0
23126.60530650885,-257.0
23126.605369005683,253.0
23126.605431502514,187.0
23126.605493999345,-248.0
23126.605556496175,-369.0
23126.60561899301,344.0
23126.60568148984,16.0
23126.60574398667,-445.0
23126.6058064835,-117.0
23126.605868980332,87.0
23126.605931477166,-33.0
23126.605993973997,-346.0
23126.606056470828,-70.0
23126.60611896766,409.0
23126.60618146449,-360.0
23126.606243961323,28.0
23126.606306458154,-316.0
23126.606368954985,-295.0
23126.606431451815,351.0
23126.606493948646,-467.0
23126.60655644548,-66.0
23126.60661894231,220.0
23126.60668143914,-173.0
23126.606743935972,-351.0
23126.606806432806,73.0
23126.606868929637,175.0
23126.606931426468,-147.0
23126.6069939233,139.0
23126.60705642013,301.0
23126.607118916963,125.0
23126.607181413794,-48.0
23126.607243910625,-188.0
23126.607306407455,-93.0
23126.607368904286,141.0
23126.60743140112,-254.0
23126.60749389795,-13.0
23126.60755639478,-1.0
23126.607618891612,-106.0
23126.607681388443,-1.0
23126.607743885277,-454.0
23126.607806382108,-263.0
23126.60786887894,-133.0
23126.60793137577,2.0
23126.607993872603,-299.0
23126.608056369434,-66.0
23126.608118866265,186.0
23126.608181363095,-110.0
23126.608243859926,-37.0
23126.60830635676,-500.0
23126.60836885359,-55.0
23126.60843135042,-182.0
23126.608493847252,-640.0
23126.608556344083,452.0
23126.608618840917,310.0
23126.608681337748,-143.0
23126.60874383458,-124.0
23126.60880633141,121.0
23126.60886882824,503.0
23126.608931325074,-91.0
23126.608993821905,-458.0
23126.609056318735,105.0
23126.609118815566,243.0
23126.6091813124,-39.0
23126.60924380923,-400.0
23126.60930630606,-180.0
23126.609368802892,216.0
23126.609431299723,-253.0
23126.609493796557,-356.0
23126.609556293388,-189.0
23126.60961879022,132.0
23126.60968128705,-55.0
23126.60974378388,-351.0
23126.609806280714,131.0
23126.609868777545,86.0
23126.609931274375,-231.0
23126.609993771206,-266.0
23126.610056268037,458.0
23126.61011876487,297.0
23126.6101812617,-239.0
23126.610243758532,-235.0
23126.610306255363,-200.0
23126.610368752197,-322.0
23126.610431249028,-592.0
23126.61049374586,-352.0
23126.61055624269,-5.0
23126.61061873952,-76.0
23126.610681236354,-219.0
23126.610743733185,-324.0
23126.610806230015,-459.0
23126.610868726846,-106.0
23126.610931223677,-495.0
23126.61099372051,-615.0
23126.61105621734,-214.0
23126.611118714172,-1.0
23126.611181211003,-133.0
23126.611243707834,-417.0
23126.611306204668,2.0
23126.6113687015,-203.0
23126.61143119833,-263.0
23126.61149369516,-296.0
23126.611556191994,-252.0
23126.611618688825,-172.0
23126.611681185655,-11.0
23126.611743682486,22.0
23126.611806179317,209.0
23126.61186867615,-19.0
23126.61193117298,-223.0
23126.611993669812,-125.0
23126.612056166643,-238.0
23126.612118663474,280.0
23126.612181160308,-85.0
23126.61224365714,-326.0
23126.61230615397,150.0
23126.6123686508,116.0
23126.61243114763,193.0
23126.612493644465,27.0
23126.612556141295,25.0
23126.612618638126,-9.0
23126.612681134957,-355.0
23126.61274363179,-431.0
23126.61280612862,481.0
23126.612868625452,-186.0
23126.612931122283,-387.0
23126.612993619114,-60.0
23126.613056115948,233.0
23126.61311861278,176.0
23126.61318110961,-100.0
23126.61324360644,332.0
23126.61330610327,-373.0
23126.613368600105,-208.0
23126.613431096936,55.0
23126.613493593766,-204.0
23126.613556090597,-136.0
23126.613618587427,256.0
23126.61368108426,-47.0
23126.613743581092,313.0
23126.613806077923,214.0
23126.613868574754,-415.0
23126.613931071588,238.0
23126.61399356842,114.0
23126.61405606525,-41.0
23126.61411856208,431.0
23126.61418105891,-98.0
23126.614243555745,240.0
23126.614306052576,260.0
23126.614368549406,-36.0
23126.614431046237,58.0
23126.614493543068,75.0
23126.6145560399,160.0
23126.614618536732,-23.0
23126.614681033563,364.0
23126.614743530394,369.0
23126.614806027224,172.0
23126.61486852406,-162.0
23126.61493102089,402.0
23126.61499351772,120.0
23126.61505601455,-223.0
23126.615118511385,467.0
23126.615181008216,202.0
23126.615243505046,227.0
23126.615306001877,182.0
23126.615368498708,-83.0
23126.615430995542,274.0
23126.615493492372,-87.0
23126.615555989203,-44.0
23126.615618486034,710.0
23126.615680982864,-18.0
23126.6157434797,97.0
23126.61580597653,40.0
23126.61586847336,-232.0
23126.61593097019,120.0
23126.61599346702,127.0
23126.616055963856,425.0
23126.616118460686,109.0
23126.616180957517,-52.0
23126.616243454348,287.0
23126.616305951182,-156.0
23126.616368448013,188.0
23126.616430944843,196.0
23126.616493441674,196.0
23126.616555938504,578.0
23126.61661843534,41.0
23126.61668093217,-38.0
23126.616743429,378.0
23126.61680592583,-147.0
23126.61686842266,108.0
23126.616930919496,287.0
23126.616993416326,193.0
23126.617055913157,426.0
23126.617118409988,103.0
23126.61718090682,-60.0
23126.617243403653,75.0
23126.617305900483,120.0
23126.617368397314,297.0
23126.617430894144,-177.0
23126.61749339098,238.0
23126.61755588781,459.0
23126.61761838464,66.0
23126.61768088147,-94.0
23126.6177433783,-189.0
23126.617805875136,438.0
23126.617868371966,229.0
23126.617930868797,-152.0
23126.617993365628,76.0
23126.61805586246,40.0
23126.618118359293,273.0
23126.618180856123,171.0
23126.618243352954,-92.0
23126.618305849785,201.0
23126.618368346615,122.0
23126.61843084345,16.0
23126.61849334028,-212.0
23126.61855583711,160.0
23126.61861833394,356.0
23126.618680830776,-117.0
23126.618743327606,47.0
23126.618805824437,264.0
23126.618868321268,-12.0
23126.6189308181,-164.0
23126.618993314933,-317.0
23126.619055811763,47.0
23126.619118308594,-107.0
23126.619180805425,154.0
23126.619243302255,-427.0
23126.61930579909,-166.0
23126.61936829592,614.0
23126.61943079275,-129.0
23126.61949328958,-107.0
23126.619555786412,-246.0
23126.619618283246,203.0
23126.619680780077,9.0
23126.619743276908,-165.0
23126.61980577374,647.0
23126.619868270573,-59.0
23126.619930767403,-267.0
23126.619993264234,53.0
23126.620055761065,-437.0
23126.620118257895,-23.0
23126.62018075473,192.0
23126.62024325156,19.0
23126.62030574839,-75.0
23126.62036824522,32.0
23126.620430742052,-49.0
23126.620493238886,-34.0
23126.620555735717,28.0
23126.620618232548,21.0
23126.62068072938,424.0
23126.62074322621,-154.0
23126.620805723043,-302.0
23126.620868219874,95.0
23126.620930716705,-130.0
23126.620993213535,417.0
23126.62105571037,59.0
23126.6211182072,186.0
23126.62118070403,267.0
23126.62124320086,77.0
23126.621305697692,408.0
23126.621368194526,71.0
23126.621430691357,305.0
23126.621493188188,224.0
23126.62155568502,161.0
23126.62161818185,-72.0
23126.621680678683,203.0
23126.621743175514,571.0
23126.621805672345,-315.0
23126.621868169175,-106.0
23126.621930666006,199.0
23126.62199316284,105.0
23126.62205565967,76.0
23126.6221181565,-344.0
23126.622180653332,58.0
23126.622243150166,202.0
23126.622305646997,-370.0
23126.622368143828,-37.0
23126.62243064066,-140.0
23126.62249313749,271.0
23126.622555634323,219.0
23126.622618131154,65.0
23126.622680627985,304.0
23126.622743124815,127.0
23126.622805621646,306.0
23126.62286811848,65.0
23126.62293061531,68.0
23126.62299311214,187.0
23126.623055608972,248.0
23126.623118105803,-183.0
23126.623180602637,-50.0
23126.623243099468,476.0
23126.6233055963,286.0
23126.62336809313,229.0
23126.623430589963,-163.0
23126.623493086794,-18.0
23126.623555583625,-41.0
23126.623618080455,-106.0
23126.623680577286,216.0
23126.62374307412,-262.0
23126.62380557095,495.0
23126.62386806778,122.0
23126.623930564612,-66.0
23126.623993061443,212.0
23126.624055558277,-213.0
23126.624118055108,382.0
23126.62418055194,-235.0
23126.62424304877,-22.0
23126.6243055456,259.0
23126.624368042434,-347.0
23126.624430539265,161.0
23126.624493036095,51.0
23126.624555532926,124.0
23126.62461802976,14.0
23126.62468052659,-356.0
23126.62474302342,-40.0
23126.624805520252,237.0
23126.624868017083,0.0
23126.624930513917,-57.0
23126.624993010748,-28.0
23126.62505550758,-75.0
23126.62511800441,-117.0
23126.62518050124,-52.0
23126.625242998074,-72.0
23126.625305494905,-152.0
23126.625367991735,231.0
23126.625430488566,-422.0
23126.625492985397,-396.0
23126.62555548223,240.0
23126.62561797906,17.0
23126.625680475892,-113.0
23126.625742972723,-94.0
23126.625805469557,-91.0
23126.625867966388,52.0
23126.62593046322,-100.0
23126.62599296005,-300.0
23126.62605545688,-138.0
23126.626117953714,53.0
23126.626180450545,152.0
23126.626242947375,-19.0
23126.626305444206,-426.0
23126.626367941037,-48.0
23126.62643043787,127.0
23126.6264929347,99.0
23126.626555431532,-79.0
23126.626617928363,-279.0
23126.626680425194,310.0
23126.626742922028,-188.0
23126.62680541886,-65.0
23126.62686791569,-13.0
23126.62693041252,170.0
23126.626992909354,33.0
23126.627055406185,-81.0
23126.627117903015,157.0
23126.627180399846,-284.0
23126.627242896677,259.0
23126.62730539351,45.0
23126.62736789034,-187.0
23126.627430387172,121.0
23126.627492884003,-18.0
23126.627555380834,58.0
23126.627617877668,-345.0
23126.6276803745,-316.0
23126.62774287133,-188.0
23126.62780536816,162.0
23126.62786786499,-152.0
23126.627930361825,-374.0
23126.627992858655,-69.0
23126.628055355486,-424.0
23126.628117852317,1.0
23126.62818034915,6.0
23126.62824284598,42.0
23126.628305342812,-409.0
23126.628367839643,-421.0
23126.628430336474,248.0
23126.628492833308,-212.0
23126.62855533014,-136.0
23126.62861782697,-47.0
23126.6286803238,-224.0
23126.62874282063,70.0
23126.628805317465,-304.0
23126.628867814296,-24.0
23126.628930311126,132.0
23126.628992807957,-361.0
23126.629055304787,122.0
23126.62911780162,-278.0
23126.629180298452,-33.0
23126.629242795283,415.0
23126.629305292114,34.0
23126.629367788948,-15.0
23126.62943028578,17.0
23126.62949278261,-52.0
23126.62955527944,-111.0
23126.62961777627,-55.0
23126.629680273105,26.0
23126.629742769936,98.0
23126.629805266766,21.0
23126.629867763597,72.0
23126.629930260427,210.0
23126.62999275726,254.0
23126.630055254092,2.0
23126.630117750923,-203.0
23126.630180247754,361.0
23126.630242744584,159.0
23126.63030524142,-248.0
23126.63036773825,-297.0
23126.63043023508,-193.0
23126.63049273191,-48.0
23126.630555228745,60.0
23126.630617725576,5.0
23126.630680222406,-220.0
23126.630742719237,-69.0
23126.630805216068,-75.0
23126.6308677129,-223.0
23126.630930209732,-298.0
23126.630992706563,-279.0
23126.631055203394,159.0
23126.631117700224,226.0
23126.63118019706,-75.0
23126.63124269389,-117.0
23126.63130519072,-321.0
23126.63136768755,55.0
23126.63143018438,-114.0
23126.631492681216,-361.0
23126.631555178046,-104.0
23126.631617674877,-296.0
23126.631680171708,-492.0
23126.631742668542,159.0
23126.631805165372,147.0
23126.631867662203,-325.0
23126.631930159034,-459.0
23126.631992655864,-232.0
23126.6320551527,253.0
23126.63211764953,-167.0
23126.63218014636,-151.0
23126.63224264319,-100.0
23126.63230514002,-183.0
23126.632367636856,-40.0
23126.632430133686,-36.0
23126.632492630517,362.0
23126.632555127348,301.0
23126.63261762418,-501.0
23126.632680121013,-165.0
23126.632742617843,-148.0
23126.632805114674,-566.0
23126.632867611504,413.0
23126.63293010834,-27.0
23126.63299260517,-206.0
23126.633055102,322.0
23126.63311759883,-327.0
23126.63318009566,135.0
23126.633242592496,-147.0
23126.633305089326,-447.0
23126.633367586157,-37.0
23126.633430082988,22.0
23126.63349257982,40.0
23126.633555076653,237.0
23126.633617573483,-368.0
23126.633680070314,-38.0
23126.633742567145,256.0
23126.633805063975,-581.0
23126.63386756081,210.0
23126.63393005764,-95.0
23126.63399255447,191.0
23126.6340550513,330.0
23126.634117548136,-82.0
23126.634180044966,408.0
23126.634242541797,-138.0
23126.634305038628,-404.0
23126.63436753546,111.0
23126.634430032293,378.0
23126.634492529123,-406.0
23126.634555025954,361.0
23126.634617522785,144.0
23126.634680019615,-110.0
23126.63474251645,368.0
23126.63480501328,-93.0
23126.63486751011,35.0
23126.63493000694,76.0
23126.634992503772,-17.0
23126.635055000606,204.0
23126.635117497437,194.0
23126.635179994268,146.0
23126.6352424911,46.0
23126.635304987933,-178.0
23126.635367484763,383.0
23126.635429981594,9.0
23126.635492478425,-132.0
23126.635554975255,185.0
23126.63561747209,-235.0
23126.63567996892,-82.0
23126.63574246575,233.0
23126.63580496258,375.0
23126.635867459412,356.0
23126.635929956246,-89.0
23126.635992453077,-219.0
23126.636054949908,60.0
23126.63611744674,423.0
23126.63617994357,224.0
23126.636242440403,-181.0
23126.636304937234,261.0
23126.636367434065,167.0
23126.636429930895,-230.0
23126.63649242773,382.0
23126.63655492456,226.0
23126.63661742139,-62.0
23126.63667991822,232.0
23126.636742415052,-79.0
23126.636804911886,-75.0
23126.636867408717,124.0
23126.636929905548,102.0
23126.63699240238,390.0
23126.63705489921,419.0
23126.637117396043,-160.0
23126.637179892874,-124.0
23126.637242389705,0.0
23126.637304886535,108.0
23126.637367383366,-184.0
23126.6374298802,-101.0
23126.63749237703,-93.0
23126.63755487386,-52.0
23126.637617370692,588.0
23126.637679867526,-429.0
23126.637742364357,-2.0
23126.637804861188,348.0
23126.63786735802,-500.0
23126.63792985485,112.0
23126.637992351683,280.0
23126.638054848514,-68.0
23126.638117345345,30.0
23126.638179842175,182.0
23126.638242339006,-6.0
23126.63830483584,-120.0
23126.63836733267,-297.0
23126.6384298295,-241.0
23126.638492326332,66.0
23126.638554823163,332.0
23126.638617319997,-39.0
23126.638679816828,161.0
23126.63874231366,-33.0
23126.63880481049,-309.0
23126.638867307323,-290.0
23126.638929804154,-273.0
23126.638992300985,119.0
23126.639054797815,171.0
23126.639117294646,193.0
23126.63917979148,-293.0
23126.63924228831,218.0
23126.63930478514,100.0
23126.639367281972,-313.0
23126.639429778803,-224.0
23126.639492275637,-362.0
23126.639554772468,52.0
23126.6396172693,-93.0
23126.63967976613,-94.0
23126.63974226296,-203.0
23126.639804759794,149.0
23126.639867256625,-199.0
23126.639929753455,-555.0
23126.639992250286,-20.0
23126.64005474712,-81.0
23126.64011724395,-10.0
23126.64017974078,-122.0
23126.640242237612,120.0
23126.640304734443,289.0
23126.640367231277,97.0
23126.640429728108,210.0
23126.64049222494,208.0
23126.64055472177,317.0
23126.6406172186,374.0
23126.640679715434,170.0
23126.640742212265,333.0
23126.640804709095,263.0
23126.640867205926,214.0
23126.640929702757,136.0
23126.64099219959,147.0
23126.64105469642,185.0
23126.641117193252,-86.0
23126.641179690083,205.0
23126.641242186917,24.0
23126.641304683748,452.0
23126.64136718058,582.0
23126.64142967741,-347.0
23126.64149217424,59.0
23126.641554671074,20.0
23126.641617167905,74.0
23126.641679664735,178.0
23126.641742161566,-305.0
23126.641804658397,185.0
23126.64186715523,64.0
23126.64192965206,20.0
23126.641992148892,647.0
23126.642054645723,369.0
23126.642117142554,-13.0
23126.642179639388,-1.0
23126.64224213622,174.0
23126.64230463305,-121.0
23126.64236712988,310.0
23126.642429626714,-52.0
23126.642492123545,-186.0
23126.642554620375,591.0
23126.642617117206,-193.0
23126.642679614037,22.0
23126.64274211087,488.0
23126.6428046077,252.0
23126.642867104532,111.0
23126.642929601363,-117.0
23126.642992098194,167.0
23126.643054595028,-10.0
23126.64311709186,-44.0
23126.64317958869,337.0
23126.64324208552,297.0
23126.64330458235,268.0
23126.643367079185,22.0
23126.643429576015,-116.0
23126.643492072846,46.0
23126.643554569677,31.0
23126.64361706651,195.0
23126.64367956334,-36.0
23126.643742060172,-86.0
23126.643804557003,-62.0
23126.643867053834,-345.0
23126.643929550668,-104.0
23126.6439920475,163.0
23126.64405454433,-51.0
23126.64411704116,-341.0
23126.64417953799,-137.0
23126.644242034825,-321.0
23126.644304531656,8.0
23126.644367028486,-245.0
23126.644429525317,-414.0
23126.644492022147,41.0
23126.64455451898,-178.0
23126.644617015812,-140.0
23126.644679512643,-73.0
23126.644742009474,-37.0
23126.644804506308,-12.0
23126.64486700314,-530.0
23126.64492949997,-372.0
23126.6449919968,-259.0
23126.64505449363,-420.0
23126.645116990465,21.0
23126.645179487296,-132.0
23126.645241984126,-73.0
23126.645304480957,-227.0
23126.645366977787,-562.0
23126.64542947462,-557.0
23126.645491971452,-120.0
23126.645554468283,-388.0
23126.645616965114,-484.0
23126.645679461944,171.0
23126.64574195878,-493.0
23126.64580445561,187.0
23126.64586695244,84.0
23126.64592944927,-993.0
23126.645991946105,-332.0
23126.646054442936,-308.0
23126.646116939766,-263.0
23126.646179436597,122.0
23126.646241933428,-114.0
23126.64630443026,94.0
23126.646366927092,-298.0
23126.646429423923,-329.0
23126.646491920754,-446.0
23126.646554417584,-792.0
23126.64661691442,-100.0
23126.64667941125,-130.0
23126.64674190808,-218.0
23126.64680440491,461.0
23126.64686690174,-209.0
23126.646929398576,-78.0
23126.646991895406,-259.0
23126.647054392237,-167.0
23126.647116889068,340.0
23126.647179385902,-154.0
23126.647241882732,-249.0
23126.647304379563,-161.0
23126.647366876394,123.0
23126.647429373224,88.0
23126.64749187006,55.0
23126.64755436689,-293.0
23126.64761686372,-112.0
23126.64767936055,-151.0
23126.64774185738,-408.0
23126.647804354216,219.0
23126.647866851046,86.0
23126.647929347877,-61.0
23126.647991844708,168.0
23126.64805434154,-226.0
23126.648116838373,183.0
23126.648179335203,78.0
23126.648241832034,-118.0
23126.648304328864,50.0
23126.6483668257,-2.0
23126.64842932253,302.0
23126.64849181936,-129.0
23126.64855431619,146.0
23126.64861681302,184.0
23126.648679309856,-133.0
23126.648741806686,172.0
23126.648804303517,-129.0
23126.648866800348,314.0
23126.64892929718,71.0
23126.648991794013,-239.0
23126.649054290843,-199.0
23126.649116787674,58.0
23126.649179284504,104.0
23126.649241781335,-489.0
23126.64930427817,-177.0
23126.649366775,46.0
23126.64942927183,67.0
23126.64949176866,16.0
23126.649554265496,43.0
23126.649616762326,-25.0
23126.649679259157,-116.0
23126.649741755988,-485.0
23126.64980425282,-133.0
23126.649866749653,30.0
23126.649929246483,-106.0
23126.649991743314,333.0
23126.650054240145,-207.0
23126.650116736975,-143.0
23126.65017923381,27.0
23126.65024173064,-182.0
23126.65030422747,-80.0
23126.6503667243,-538.0
23126.650429221132,-421.0
23126.650491717966,-179.0
23126.650554214797,-77.0
23126.650616711628,-213.0
23126.65067920846,-237.0
23126.650741705293,-465.0
23126.650804202123,-337.0
23126.650866698954,-38.0
23126.650929195785,-344.0
23126.650991692615,-196.0
23126.65105418945,-314.0
23126.65111668628,71.0
23126.65117918311,-69.0
23126.65124167994,-509.0
23126.651304176772,-250.0
23126.651366673606,-376.0
23126.651429170437,-329.0
23126.651491667268,-228.0
23126.6515541641,-197.0
23126.65161666093,26.0
23126.651679157763,-169.0
23126.651741654594,-533.0
23126.651804151425,-321.0
23126.651866648255,8.0
23126.65192914509,-204.0
23126.65199164192,-196.0
23126.65205413875,-85.0
23126.65211663558,-53.0
23126.652179132412,-95.0
23126.652241629246,5.0
23126.652304126077,75.0
23126.652366622908,-93.0
23126.65242911974,-225.0
23126.65249161657,-288.0
23126.652554113403,44.0
23126.652616610234,116.0
23126.652679107065,-145.0
23126.652741603895,-375.0
23126.652804100726,-175.0
23126.65286659756,-250.0
23126.65292909439,-394.0
23126.65299159122,-211.0
23126.653054088052,-390.0
23126.653116584886,-161.0
23126.653179081717,-169.0
23126.653241578548,-69.0
23126.65330407538,105.0
23126.65336657221,-233.0
23126.653429069043,-325.0
23126.653491565874,-165.0
23126.653554062705,136.0
23126.653616559535,-192.0
23126.653679056366,-294.0
23126.6537415532,17.0
23126.65380405003,55.0
23126.65386654686,293.0
23126.653929043692,-52.0
23126.653991540523,120.0
23126.654054037357,220.0
23126.654116534188,-1.0
23126.65417903102,272.0
23126.65424152785,-130.0
23126.654304024683,-68.0
23126.654366521514,184.0
23126.654429018345,-32.0
23126.654491515175,-69.0
23126.654554012006,177.0
23126.65461650884,-15.0
23126.65467900567,-131.0
23126.6547415025,107.0
23126.654803999332,116.0
23126.654866496163,412.0
23126.654928992997,-150.0
23126.654991489828,48.0
23126.65505398666,227.0
23126.65511648349,309.0
23126.65517898032,-45.0
23126.655241477154,-59.0
23126.655303973985,419.0
23126.655366470815,-60.0
23126.655428967646,143.0
23126.65549146448,40.0
23126.65555396131,105.0
23126.65561645814,330.0
23126.655678954972,-138.0
23126.655741451803,-51.0
23126.655803948637,263.0
23126.655866445468,-98.0
23126.6559289423,-186.0
23126.65599143913,297.0
23126.65605393596,49.0
23126.656116432794,-86.0
23126.656178929625,61.0
23126.656241426455,145.0
23126.656303923286,156.0
23126.656366420117,168.0
23126.65642891695,5.0
23126.65649141378,-1.0
23126.656553910612,321.0
23126.656616407443,88.0
23126.656678904277,-55.0
23126.656741401108,181.0
23126.65680389794,197.0
23126.65686639477,206.0
23126.6569288916,-50.0
23126.656991388434,-52.0
23126.657053885265,206.0
23126.657116382095,3.0
23126.657178878926,187.0
23126.657241375757,303.0
23126.65730387259,145.0
23126.65736636942,-166.0
23126.657428866252,8.0
23126.657491363083,191.0
23126.657553859914,124.0
23126.657616356748,123.0
23126.65767885358,-116.0
23126.65774135041,-106.0
23126.65780384724,89.0
23126.657866344074,223.0
23126.657928840905,248.0
23126.657991337735,10.0
23126.658053834566,62.0
23126.658116331397,29.0
23126.65817882823,-71.0
23126.65824132506,-279.0
23126.658303821892,-146.0
23126.658366318723,336.0
23126.658428815554,-106.0
23126.658491312388,-152.0
23126.65855380922,135.0
23126.65861630605,-25.0
23126.65867880288,95.0
23126.65874129971,165.0
23126.658803796545,108.0
23126.658866293375,-27.0
23126.658928790206,166.0
23126.658991287037,-56.0
23126.65905378387,-174.0
23126.6591162807,141.0
23126.659178777532,-150.0
23126.659241274363,60.0
23126.659303771194,447.0
23126.659366268028,72.0
23126.65942876486,-50.0
23126.65949126169,130.0
23126.65955375852,-148.0
23126.65961625535,-90.0
23126.659678752185,189.0
23126.659741249015,72.0
23126.659803745846,-40.0
23126.659866242677,45.0
23126.659928739507,85.0
23126.65999123634,-52.0
23126.660053733172,95.0
23126.660116230003,128.0
23126.660178726834,-31.0
23126.660241223668,147.0
23126.6603037205,-92.0
23126.66036621733,180.0
23126.66042871416,146.0
23126.66049121099,219.0
23126.660553707825,509.0
23126.660616204656,297.0
23126.660678701486,557.0
23126.660741198317,370.0
23126.660803695147,193.0
23126.66086619198,285.0
23126.660928688812,82.0
23126.660991185643,172.0
23126.661053682474,179.0
23126.661116179304,10.0
23126.66117867614,486.0
23126.66124117297,333.0
23126.6613036698,336.0
23126.66136616663,466.0
23126.661428663465,158.0
23126.661491160296,91.0
23126.661553657126,-115.0
23126.661616153957,250.0
23126.661678650788,173.0
23126.66174114762,185.0
23126.661803644452,310.0
23126.661866141283,333.0
23126.661928638114,66.0
23126.661991134944,36.0
23126.66205363178,-60.0
23126.66211612861,217.0
23126.66217862544,-123.0
23126.66224112227,-45.0
23126.6623036191,132.0
23126.662366115936,-54.0
23126.662428612766,190.0
23126.662491109597,-100.0
23126.662553606428,196.0
23126.662616103262,322.0
23126.662678600092,190.0
23126.662741096923,-1.0
23126.662803593754,181.0
23126.662866090584,197.0
23126.66292858742,217.0
23126.66299108425,204.0
23126.66305358108,115.0
23126.66311607791,361.0
23126.66317857474,247.0
23126.663241071576,130.0
23126.663303568406,328.0
23126.663366065237,202.0
23126.663428562068,237.0
23126.6634910589,119.0
23126.663553555733,-5.0
23126.663616052563,271.0
23126.663678549394,-178.0
23126.663741046224,-239.0
23126.66380354306,423.0
23126.66386603989,143.0
23126.66392853672,-140.0
23126.66399103355,87.0
23126.66405353038,-59.0
23126.664116027216,-18.0
23126.664178524046,-69.0
23126.664241020877,-303.0
23126.664303517708,-59.0
23126.66436601454,217.0
23126.664428511373,-47.0
23126.664491008203,-77.0
23126.664553505034,31.0
23126.664616001864,-23.0
23126.664678498695,50.0
23126.66474099553,-118.0
23126.66480349236,-266.0
23126.66486598919,-191.0
23126.66492848602,-193.0
23126.664990982856,-205.0
23126.665053479686,-270.0
23126.665115976517,-65.0
23126.665178473348,53.0
23126.66524097018,13.0
23126.665303467013,157.0
23126.665365963843,-123.0
23126.665428460674,-155.0
23126.665490957505,-135.0
23126.665553454335,-492.0
23126.66561595117,-59.0
23126.665678448,75.0
23126.66574094483,-166.0
23126.66580344166,260.0
23126.665865938492,-27.0
23126.665928435326,-134.0
23126.665990932157,-54.0
23126.666053428988,-390.0
23126.66611592582,-195.0
23126.666178422653,-160.0
23126.666240919483,-112.0
23126.666303416314,-7.0
23126.666365913145,75.0
23126.666428409975,177.0
23126.66649090681,298.0
23126.66655340364,-50.0
23126.66661590047,-425.0
23126.6666783973,-20.0
23126.666740894132,130.0
23126.666803390966,-143.0
23126.666865887797,-26.0
23126.666928384628,-55.0
23126.66699088146,-40.0
23126.66705337829,-130.0
23126.667115875123,178.0
23126.667178371954,145.0
23126.667240868785,182.0
23126.667303365615,-61.0
23126.66736586245,-254.0
23126.66742835928,42.0
23126.66749085611,-376.0
23126.66755335294,38.0
23126.667615849772,202.0
23126.667678346606,22.0
23126.667740843437,16.0
23126.667803340268,93.0
23126.6678658371,86.0
23126.66792833393,96.0
23126.667990830763,-8.0
23126.668053327594,-446.0
23126.668115824425,19.0
23126.668178321255,109.0
23126.668240818086,-279.0
23126.66830331492,222.0
23126.66836581175,200.0
23126.66842830858,-262.0
23126.668490805412,-238.0
23126.668553302246,-23.0
23126.668615799077,-145.0
23126.668678295908,17.0
23126.66874079274,-161.0
23126.66880328957,-166.0
23126.668865786403,221.0
23126.668928283234,-312.0
23126.668990780065,-89.0
23126.669053276895,237.0
23126.669115773726,-13.0
23126.66917827056,114.0
23126.66924076739,31.0
23126.66930326422,-159.0
23126.669365761052,-508.0
23126.669428257883,-148.0
23126.669490754717,-114.0
23126.669553251548,-9.0
23126.66961574838,-16.0
23126.66967824521,-47.0
23126.669740742043,201.0
23126.669803238874,124.0
23126.669865735705,78.0
23126.669928232535,-72.0
23126.669990729366,-67.0
23126.6700532262,-93.0
23126.67011572303,-174.0
23126.67017821986,-30.0
23126.670240716692,41.0
23126.670303213523,-52.0
23126.670365710357,-390.0
23126.670428207188,-426.0
23126.67049070402,-123.0
23126.67055320085,-241.0
23126.67061569768,25.0
23126.670678194514,-233.0
23126.670740691345,-683.0
23126.670803188175,24.0
23126.670865685006,-193.0
23126.67092818184,-157.0
23126.67099067867,140.0
23126.6710531755,-302.0
23126.671115672332,35.0
23126.671178169163,-110.0
23126.671240665997,-240.0
23126.671303162828,52.0
23126.67136565966,-152.0
23126.67142815649,-220.0
23126.67149065332,-327.0
23126.671553150154,-366.0
23126.671615646985,-43.0
23126.671678143815,12.0
23126.671740640646,-108.0
23126.671803137477,147.0
23126.67186563431,59.0
23126.67192813114,-87.0
23126.671990627972,-279.0
23126.672053124803,128.0
23126.672115621637,-97.0
23126.672178118468,93.0
23126.6722406153,-106.0
23126.67230311213,-212.0
23126.67236560896,290.0
23126.672428105794,-163.0
23126.672490602625,282.0
23126.672553099455,157.0
23126.672615596286,9.0
23126.672678093117,-90.0
23126.67274058995,-256.0
23126.67280308678,-14.0
23126.672865583612,99.0
23126.672928080443,257.0
23126.672990577274,175.0
23126.673053074108,-278.0
23126.67311557094,-82.0
23126.67317806777,68.0
23126.6732405646,-362.0
23126.673303061434,36.0
23126.673365558265,122.0
23126.673428055095,84.0
23126.673490551926,-29.0
23126.673553048757,-294.0
23126.67361554559,295.0
23126.67367804242,305.0
23126.673740539252,-406.0
23126.673803036083,23.0
23126.673865532914,406.0
23126.673928029748,-140.0
23126.67399052658,365.0
23126.67405302341,391.0
23126.67411552024,177.0
23126.67417801707,197.0
23126.674240513905,-120.0
23126.674303010735,84.0
23126.674365507566,285.0
23126.674428004397,87.0
23126.67449050123,138.0
23126.67455299806,419.0
23126.674615494892,8.0
23126.674677991723,7.0
23126.674740488554,49.0
23126.674802985388,-54.0
23126.67486548222,161.0
23126.67492797905,98.0
23126.67499047588,232.0
23126.67505297271,319.0
23126.675115469545,504.0
23126.675177966375,141.0
23126.675240463206,-294.0
23126.675302960037,86.0
23126.675365456867,-4.0
23126.6754279537,398.0
23126.675490450532,199.0
23126.675552947363,-324.0
23126.675615444194,371.0
23126.675677941028,154.0
23126.67574043786,-51.0
23126.67580293469,241.0
23126.67586543152,278.0
23126.67592792835,156.0
23126.675990425185,-158.0
23126.676052922016,-174.0
23126.676115418846,122.0
23126.676177915677,436.0
23126.676240412507,-7.0
23126.67630290934,172.0
23126.676365406172,-236.0
23126.676427903003,209.0
23126.676490399834,80.0
23126.676552896664,-15.0
23126.6766153935,771.0
23126.67667789033,-97.0
23126.67674038716,-29.0
23126.67680288399,-95.0
23126.676865380825,39.0
23126.676927877656,214.0
23126.676990374486,-243.0
23126.677052871317,411.0
23126.677115368147,19.0
23126.67717786498,-96.0
23126.677240361812,53.0
23126.677302858643,-87.0
23126.677365355474,97.0
23126.677427852304,42.0
23126.67749034914,208.0
23126.67755284597,-104.0
23126.6776153428,-58.0
23126.67767783963,305.0
23126.67774033646,153.0
23126.677802833296,405.0
23126.677865330126,130.0
23126.677927826957,59.0
23126.677990323788,-17.0
23126.67805282062,-134.0
23126.678115317452,74.0
23126.678177814283,-52.0
23126.678240311114,93.0
23126.678302807944,156.0
23126.67836530478,395.0
23126.67842780161,-83.0
23126.67849029844,55.0
23126.67855279527,360.0
23126.6786152921,-333.0
23126.678677788936,-41.0
23126.678740285766,287.0
23126.678802782597,-80.0
23126.678865279428,-67.0
23126.67892777626,435.0
23126.678990273092,59.0
23126.679052769923,113.0
23126.679115266754,-158.0
23126.679177763584,-121.0
23126.67924026042,394.0
23126.67930275725,126.0
23126.67936525408,-152.0
23126.67942775091,-206.0
23126.67949024774,126.0
23126.679552744576,88.0
23126.679615241406,69.0
23126.679677738237,120.0
23126.679740235068,-273.0
23126.6798027319,106.0
23126.679865228733,-53.0
23126.679927725563,-26.0
23126.679990222394,108.0
23126.680052719224,32.0
23126.680115216055,-113.0
23126.68017771289,-187.0
23126.68024020972,259.0
23126.68030270655,-54.0
23126.68036520338,464.0
23126.680427700216,363.0
23126.680490197046,153.0
23126.680552693877,273.0
23126.680615190708,-56.0
23126.68067768754,211.0
23126.680740184373,150.0
23126.680802681203,-29.0
23126.680865178034,181.0
23126.680927674865,315.0
23126.680990171695,310.0
23126.68105266853,-2.0
23126.68111516536,99.0
23126.68117766219,76.0
23126.68124015902,-64.0
23126.681302655852,164.0
23126.681365152686,272.0
23126.681427649517,57.0
23126.681490146348,148.0
23126.68155264318,140.0
23126.681615140013,77.0
23126.681677636843,383.0
23126.681740133674,104.0
23126.681802630505,383.0
23126.681865127335,-140.0
23126.68192762417,-15.0
23126.681990121,460.0
23126.68205261783,-89.0
23126.68211511466,378.0
23126.682177611492,90.0
23126.682240108326,-184.0
23126.682302605157,45.0
23126.682365101988,188.0
23126.68242759882,12.0
23126.68249009565,126.0
23126.682552592483,107.0
23126.682615089314,-49.0
23126.682677586145,215.0
23126.682740082975,12.0
23126.68280257981,101.0
23126.68286507664,329.0
23126.68292757347,214.0
23126.6829900703,207.0
23126.683052567132,166.0
23126.683115063966,-134.0
23126.683177560797,348.0
23126.683240057628,79.0
23126.68330255446,6.0
23126.68336505129,426.0
23126.683427548123,128.0
23126.683490044954,121.0
23126.683552541785,-47.0
23126.683615038615,328.0
23126.683677535446,142.0
23126.68374003228,53.0
23126.68380252911,132.0
23126.68386502594,-223.0
23126.683927522772,152.0
23126.683990019606,-148.0
23126.684052516437,21.0
23126.684115013268,159.0
23126.6841775101,14.0
23126.68424000693,-8.0
23126.684302503763,-242.0
23126.684365000594,-82.0
23126.684427497425,-283.0
23126.684489994255,26.0
23126.684552491086,-89.0
23126.68461498792,-141.0
23126.68467748475,66.0
23126.68473998158,-147.0
23126.684802478412,47.0
23126.684864975243,-260.0
23126.684927472077,76.0
23126.684989968908,-132.0
23126.68505246574,-2.0
23126.68511496257,-110.0
23126.685177459403,-399.0
23126.685239956234,-98.0
23126.685302453065,-298.0
23126.685364949895,-41.0
23126.685427446726,-316.0
23126.68548994356,-61.0
23126.68555244039,-81.0
23126.68561493722,-325.0
23126.685677434052,65.0
23126.685739930883,-414.0
23126.685802427717,7.0
23126.685864924548,-227.0
23126.68592742138,-223.0
23126.68598991821,-26.0
23126.68605241504,-41.0
23126.686114911874,-67.0
23126.686177408705,-283.0
23126.686239905535,370.0
23126.686302402366,-126.0
23126.6863648992,-322.0
23126.68642739603,-112.0
23126.68648989286,44.0
23126.686552389692,92.0
23126.686614886523,0.0
23126.686677383357,48.0
23126.686739880188,-140.0
23126.68680237702,-122.0
23126.68686487385,-246.0
23126.68692737068,-215.0
23126.686989867514,148.0
23126.687052364345,69.0
23126.687114861175,167.0
23126.687177358006,-58.0
23126.687239854837,71.0
23126.68730235167,19.0
23126.6873648485,-8.0
23126.687427345332,-49.0
23126.687489842163,-191.0
23126.687552338997,156.0
23126.687614835828,-181.0
23126.68767733266,171.0
23126.68773982949,-169.0
23126.68780232632,178.0
23126.687864823154,234.0
23126.687927319985,-152.0
23126.687989816815,0.0
23126.688052313646,-271.0
23126.688114810477,50.0
23126.68817730731,-48.0
23126.68823980414,-101.0
23126.688302300972,322.0
23126.688364797803,-223.0
23126.688427294634,-217.0
23126.688489791468,-53.0
23126.6885522883,123.0
23126.68861478513,-22.0
23126.68867728196,-59.0
23126.688739778794,-242.0
23126.688802275625,23.0
23126.688864772455,77.0
23126.688927269286,-205.0
23126.688989766117,188.0
23126.68905226295,-260.0
23126.68911475978,124.0
23126.689177256612,-30.0
23126.689239753443,-95.0
23126.689302250274,11.0
23126.689364747108,-389.0
23126.68942724394,14.0
23126.68948974077,-14.0
23126.6895522376,93.0
23126.68961473443,157.0
23126.689677231265,-35.0
23126.689739728095,83.0
23126.689802224926,-141.0
23126.689864721757,19.0
23126.68992721859,125.0
23126.68998971542,41.0
23126.690052212252,179.0
23126.690114709083,5.0
23126.690177205914,-191.0
23126.690239702748,47.0
23126.69030219958,225.0
23126.69036469641,-204.0
23126.69042719324,-627.0
23126.69048969007,-151.0
23126.690552186905,-60.0
23126.690614683735,-146.0
23126.690677180566,-18.0
23126.690739677397,-186.0
23126.690802174227,70.0
23126.69086467106,-266.0
23126.690927167892,-151.0
23126.690989664723,88.0
23126.691052161554,-331.0
23126.691114658388,308.0
23126.69117715522,-21.0
23126.69123965205,-103.0
23126.69130214888,99.0
23126.69136464571,-293.0
23126.691427142545,58.0
23126.691489639376,-165.0
23126.691552136206,-67.0
23126.691614633037,23.0
23126.691677129867,-44.0
23126.6917396267,-259.0
23126.691802123532,-199.0
23126.691864620363,-41.0
23126.691927117194,-223.0
23126.691989614024,28.0
23126.69205211086,-98.0
23126.69211460769,106.0
23126.69217710452,10.0
23126.69223960135,-177.0
23126.692302098185,-53.0
23126.692364595016,316.0
23126.692427091846,-165.0
23126.692489588677,-309.0
23126.692552085507,-49.0
23126.69261458234,-12.0
23126.692677079172,148.0
23126.692739576003,-127.0
23126.692802072834,31.0
23126.692864569664,-127.0
23126.6929270665,-370.0
23126.69298956333,-309.0
23126.69305206016,-39.0
23126.69311455699,144.0
23126.69317705382,-203.0
23126.693239550656,-107.0
23126.693302047486,-132.0
23126.693364544317,30.0
23126.693427041148,-99.0
23126.69348953798,-217.0
23126.693552034812,87.0
23126.693614531643,159.0
23126.693677028474,61.0
23126.693739525304,2.0
23126.69380202214,218.0
23126.69386451897,202.0
23126.6939270158,47.0
23126.69398951263,-56.0
23126.69405200946,78.0
23126.694114506296,-54.0
23126.694177003126,66.0
23126.694239499957,171.0
23126.694301996788,-25.0
23126.69436449362,499.0
23126.694426990452,135.0
23126.694489487283,15.0
23126.694551984114,71.0
23126.694614480944,-227.0
23126.69467697778,190.0
23126.69473947461,-138.0
23126.69480197144,26.0
23126.69486446827,256.0
23126.6949269651,201.0
23126.694989461936,402.0
23126.695051958766,87.0
23126.695114455597,301.0
23126.695176952428,75.0
23126.69523944926,-99.0
23126.695301946093,135.0
23126.695364442923,-136.0
23126.695426939754,245.0
23126.695489436584,249.0
23126.695551933415,-129.0
23126.69561443025,121.0
23126.69567692708,222.0
23126.69573942391,256.0
23126.69580192074,-192.0
23126.695864417576,173.0
23126.695926914406,154.0
23126.695989411237,4.0
23126.696051908068,22.0
23126.6961144049,-35.0
23126.696176901733,451.0
23126.696239398563,35.0
23126.696301895394,34.0
23126.696364392224,206.0
23126.696426889055,300.0
23126.69648938589,28.0
23126.69655188272,-33.0
23126.69661437955,186.0
23126.69667687638,265.0
23126.696739373212,-32.0
23126.696801870046,-39.0
23126.696864366877,221.0
23126.696926863708,91.0
23126.69698936054,138.0
23126.697051857373,-53.0
23126.697114354203,111.0
23126.697176851034,240.0
23126.697239347865,-159.0
23126.697301844695,-146.0
23126.69736434153,64.0
23126.69742683836,123.0
23126.69748933519,-152.0
23126.69755183202,-16.0
23126.697614328852,229.0
23126.697676825686,148.0
23126.697739322517,215.0
23126.697801819348,36.0
23126.69786431618,106.0
23126.69792681301,213.0
23126.697989309843,-183.0
23126.698051806674,-219.0
23126.698114303505,236.0
23126.698176800335,254.0
23126.69823929717,201.0
23126.698301794,243.0
23126.69836429083,432.0
23126.69842678766,42.0
23126.698489284492,27.0
23126.698551781326,-84.0
23126.698614278157,-52.0
23126.698676774988,307.0
23126.69873927182,-110.0
23126.69880176865,142.0
23126.698864265483,35.0
23126.698926762314,150.0
23126.698989259145,395.0
23126.699051755975,19.0
23126.699114252806,61.0
23126.69917674964,-125.0
23126.69923924647,16.0
23126.6993017433,-66.0
23126.699364240132,31.0
23126.699426736966,290.0
23126.699489233797,23.0
23126.699551730628,70.0
23126.69961422746,212.0
23126.69967672429,81.0
23126.699739221123,8.0
23126.699801717954,-46.0
23126.699864214785,68.0
23126.699926711615,69.0
23126.699989208446,-362.0
23126.70005170528,-38.0
23126.70011420211,-84.0
23126.70017669894,156.0
23126.700239195772,159.0
23126.700301692603,-67.0
23126.700364189437,403.0
23126.700426686268,220.0
23126.7004891831,272.0
23126.70055167993,356.0
23126.700614176763,223.0
23126.700676673594,155.0
23126.700739170425,41.0
23126.700801667255,6.0
23126.700864164086,230.0
23126.70092666092,378.0
23126.70098915775,19.0
23126.70105165458,105.0
23126.701114151412,260.0
23126.701176648243,-51.0
23126.701239145077,274.0
23126.701301641908,223.0
23126.70136413874,220.0
23126.70142663557,14.0
23126.7014891324,71.0
23126.701551629234,81.0
23126.701614126065,288.0
23126.701676622895,131.0
23126.701739119726,-181.0
23126.70180161656,241.0
23126.70186411339,68.0
23126.70192661022,267.0
23126.701989107052,166.0
23126.702051603883,97.0
23126.702114100717,139.0
23126.702176597548,-187.0
23126.70223909438,48.0
23126.70230159121,44.0
23126.70236408804,52.0
23126.702426584874,92.0
23126.702489081705,-121.0
23126.702551578535,124.0
23126.702614075366,266.0
23126.702676572197,-117.0
23126.70273906903,157.0
23126.70280156586,95.0
23126.702864062692,293.0
23126.702926559523,341.0
23126.702989056357,-33.0
23126.703051553188,307.0
23126.70311405002,179.0
23126.70317654685,153.0
23126.70323904368,-105.0
23126.703301540514,277.0
23126.703364037345,181.0
23126.703426534175,-139.0
23126.703489031006,-46.0
23126.703551527837,180.0
23126.70361402467,220.0
23126.7036765215,-156.0
23126.703739018332,-176.0
23126.703801515163,-160.0
23126.703864011994,-148.0
23126.703926508828,-184.0
23126.70398900566,-346.0
23126.70405150249,-221.0
23126.70411399932,-200.0
23126.704176496154,-223.0
23126.704238992985,-277.0
23126.704301489815,-89.0
23126.704363986646,-13.0
23126.704426483477,-291.0
23126.70448898031,-249.0
23126.70455147714,-22.0
23126.704613973972,187.0
23126.704676470803,-353.0
23126.704738967634,-235.0
23126.704801464468,-337.0
23126.7048639613,-24.0
23126.70492645813,-52.0
23126.70498895496,-400.0
23126.70505145179,-25.0
23126.705113948625,-174.0
23126.705176445455,-168.0
23126.705238942286,-287.0
23126.705301439117,-116.0
23126.70536393595,-175.0
23126.70542643278,-258.0
23126.705488929612,-393.0
23126.705551426443,-88.0
23126.705613923274,121.0
23126.705676420108,-154.0
23126.70573891694,146.0
23126.70580141377,-426.0
23126.7058639106,-271.0
23126.70592640743,-506.0
23126.705988904265,-403.0
23126.706051401095,-110.0
23126.706113897926,-254.0
23126.706176394757,-36.0
23126.706238891587,-312.0
23126.70630138842,-301.0
23126.706363885252,-76.0
23126.706426382083,-189.0
23126.706488878914,-222.0
23126.706551375748,-9.0
23126.70661387258,-490.0
23126.70667636941,-341.0
23126.70673886624,-104.0
23126.70680136307,-144.0
23126.706863859905,75.0
23126.706926356735,-59.0
23126.706988853566,70.0
23126.707051350397,-257.0
23126.707113847227,-264.0
23126.70717634406,18.0
23126.707238840892,31.0
23126.707301337723,-211.0
23126.707363834554,-380.0
23126.707426331384,-143.0
23126.70748882822,-201.0
23126.70755132505,-188.0
23126.70761382188,-171.0
23126.70767631871,109.0
23126.707738815545,-212.0
23126.707801312376,-42.0
23126.707863809206,-295.0
23126.707926306037,-79.0
23126.707988802867,19.0
23126.7080512997,-599.0
23126.708113796532,17.0
23126.708176293363,-59.0
23126.708238790194,-237.0
23126.708301287024,152.0
23126.70836378386,52.0
23126.70842628069,5.0
23126.70848877752,63.0
23126.70855127435,-299.0
23126.70861377118,120.0
23126.708676268016,-57.0
23126.708738764846,-138.0
23126.708801261677,-305.0
23126.708863758508,-133.0
23126.70892625534,254.0
23126.708988752172,-193.0
23126.709051249003,116.0
23126.709113745834,-101.0
23126.709176242664,-111.0
23126.7092387395,-121.0
23126.70930123633,-21.0
23126.70936373316,-332.0
23126.70942622999,-57.0
23126.70948872682,190.0
23126.709551223656,-220.0
23126.709613720486,-85.0
23126.709676217317,-139.0
23126.709738714148,-72.0
23126.70980121098,-153.0
23126.709863707812,-44.0
23126.709926204643,-12.0
23126.709988701474,180.0
23126.710051198304,-246.0
23126.71011369514,-268.0
23126.71017619197,-35.0
23126.7102386888,-144.0
23126.71030118563,40.0
23126.71036368246,-578.0
23126.710426179296,-219.0
23126.710488676126,-195.0
23126.710551172957,-437.0
23126.710613669788,-87.0
23126.71067616662,-352.0
23126.710738663453,-272.0
23126.710801160283,-452.0
23126.710863657114,-184.0
23126.710926153944,-317.0
23126.710988650775,-48.0
23126.71105114761,-149.0
23126.71111364444,-270.0
23126.71117614127,-52.0
23126.7112386381,-353.0
23126.711301134936,-124.0
23126.711363631766,-399.0
23126.711426128597,155.0
23126.711488625428,-481.0
23126.71155112226,-384.0
23126.711613619093,117.0
23126.711676115923,-333.0
23126.711738612754,74.0
23126.711801109584,-207.0
23126.711863606415,-71.0
23126.71192610325,82.0
23126.71198860008,-454.0
23126.71205109691,200.0
23126.71211359374,-103.0
23126.712176090572,-575.0
23126.712238587406,45.0
23126.712301084237,-257.0
23126.712363581068,84.0
23126.7124260779,-120.0
23126.712488574733,-300.0
23126.712551071563,274.0
23126.712613568394,-547.0
23126.712676065225,-75.0
23126.712738562055,-260.0
23126.71280105889,-249.0
23126.71286355572,89.0
23126.71292605255,-511.0
23126.71298854938,21.0
23126.713051046212,-431.0
23126.713113543046,-60.0
23126.713176039877,-48.0
23126.713238536708,-298.0
23126.71330103354,25.0
23126.71336353037,-391.0
23126.713426027203,-57.0
23126.713488524034,-240.0
23126.713551020865,-148.0
23126.713613517695,116.0
23126.71367601453,-458.0
23126.71373851136,101.0
23126.71380100819,-77.0
23126.71386350502,-120.0
23126.713926001852,-107.0
23126.713988498686,-61.0
23126.714050995517,425.0
23126.714113492348,-133.0
23126.71417598918,92.0
23126.71423848601,89.0
23126.714300982843,-205.0
23126.714363479674,257.0
23126.714425976505,-177.0
23126.714488473335,96.0
23126.714550970166,339.0
23126.714613467,-208.0
23126.71467596383,83.0
23126.71473846066,-72.0
23126.714800957492,-20.0
23126.714863454326,82.0
23126.714925951157,-154.0
23126.714988447988,369.0
23126.71505094482,51.0
23126.71511344165,169.0
23126.715175938483,280.0
23126.715238435314,-230.0
23126.715300932145,34.0
23126.715363428975,-325.0
23126.715425925806,157.0
23126.71548842264,80.0
23126.71555091947,-183.0
23126.7156134163,132.0
23126.715675913132,116.0
23126.715738409963,180.0
23126.715800906797,-66.0
23126.715863403628,246.0
23126.71592590046,-163.0
23126.71598839729,-2.0
23126.716050894123,158.0
23126.716113390954,-11.0
23126.716175887785,188.0
23126.716238384615,47.0
23126.716300881446,25.0
23126.71636337828,10.0
23126.71642587511,295.0
23126.71648837194,-131.0
23126.716550868772,257.0
23126.716613365603,73.0
23126.716675862437,87.0
23126.716738359268,95.0
23126.7168008561,-133.0
23126.71686335293,-25.0
23126.71692584976,-76.0
23126.716988346594,95.0
23126.717050843425,-119.0
23126.717113340255,115.0
23126.717175837086,212.0
23126.71723833392,108.0
23126.71730083075,144.0
23126.71736332758,60.0
23126.717425824412,32.0
23126.717488321243,-143.0
23126.717550818077,-47.0
23126.717613314908,150.0
23126.71767581174,-36.0
23126.71773830857,-47.0
23126.7178008054,82.0
23126.717863302234,-28.0
23126.717925799065,42.0
23126.717988295895,229.0
23126.718050792726,-46.0
23126.718113289557,117.0
23126.71817578639,-101.0
23126.71823828322,-66.0
23126.718300780052,170.0
23126.718363276883,-47.0
23126.718425773717,208.0
23126.718488270548,30.0
23126.71855076738,-103.0
23126.71861326421,91.0
23126.71867576104,36.0
23126.718738257874,100.0
23126.718800754705,303.0
23126.718863251535,39.0
23126.718925748366,74.0
23126.718988245197,7.0
23126.71905074203,-43.0
23126.71911323886,41.0
23126.719175735692,-44.0
23126.719238232523,235.0
23126.719300729354,-14.0
23126.719363226188,23.0
23126.71942572302,64.0
23126.71948821985,-15.0
23126.71955071668,114.0
23126.719613213514,255.0
23126.719675710345,-94.0
23126.719738207175,-159.0
23126.719800704006,69.0
23126.719863200837,126.0
23126.71992569767,17.0
23126.7199881945,-267.0
23126.720050691332,-43.0
23126.720113188163,19.0
23126.720175684994,139.0
23126.720238181828,-59.0
23126.72030067866,375.0
23126.72036317549,501.0
23126.72042567232,91.0
23126.72048816915,172.0
23126.720550665985,302.0
23126.720613162815,268.0
23126.720675659646,77.0
23126.720738156477,312.0
23126.72080065331,328.0
23126.72086315014,71.0
23126.720925646972,118.0
23126.720988143803,171.0
23126.721050640634,315.0
23126.721113137468,256.0
23126.7211756343,125.0
23126.72123813113,363.0
23126.72130062796,184.0
23126.72136312479,339.0
23126.721425621625,156.0
23126.721488118455,175.0
23126.721550615286,224.0
23126.721613112117,74.0
23126.721675608947,99.0
23126.72173810578,223.0
23126.721800602612,229.0
23126.721863099443,-19.0
23126.721925596274,153.0
23126.721988093108,100.0
23126.72205058994,128.0
23126.72211308677,28.0
23126.7221755836,5.0
23126.72223808043,25.0
23126.722300577265,-6.0
23126.722363074095,179.0
23126.722425570926,-11.0
23126.722488067757,-99.0
23126.722550564587,56.0
23126.72261306142,33.0
23126.722675558252,155.0
23126.722738055083,178.0
23126.722800551914,158.0
23126.722863048744,229.0
23126.72292554558,-39.0
23126.72298804241,-81.0
23126.72305053924,204.0
23126.72311303607,159.0
23126.723175532905,88.0
23126.723238029736,72.0
23126.723300526566,-44.0
23126.723363023397,90.0
23126.723425520227,-61.0
23126.72348801706,91.0
23126.723550513892,66.0
23126.723613010723,-135.0
23126.723675507554,-56.0
23126.723738004384,-151.0
23126.72380050122,-86.0
23126.72386299805,-114.0
23126.72392549488,-13.0
23126.72398799171,184.0
23126.72405048854,-167.0
23126.724112985376,-160.0
23126.724175482206,-41.0
23126.724237979037,-81.0
23126.724300475867,-74.0
23126.7243629727,-26.0
23126.724425469532,56.0
23126.724487966363,-79.0
23126.724550463194,-146.0
23126.724612960024,-120.0
23126.72467545686,-300.0
23126.72473795369,-67.0
23126.72480045052,60.0
23126.72486294735,-154.0
23126.72492544418,17.0
23126.724987941016,-143.0
23126.725050437846,-115.0
23126.725112934677,-33.0
23126.725175431508,-150.0
23126.725237928338,-117.0
23126.725300425172,16.0
23126.725362922003,-142.0
23126.725425418834,-68.0
23126.725487915664,-96.0
23126.7255504125,52.0
23126.72561290933,19.0
23126.72567540616,-194.0
23126.72573790299,52.0
23126.72580039982,-115.0
23126.725862896656,-129.0
23126.725925393486,-146.0
23126.725987890317,-78.0
23126.726050387148,-13.0
23126.72611288398,-92.0
23126.726175380812,-144.0
23126.726237877643,37.0
23126.726300374474,14.0
23126.726362871304,-161.0
23126.726425368135,-28.0
23126.72648786497,-208.0
23126.7265503618,7.0
23126.72661285863,-101.0
23126.72667535546,-108.0
23126.726737852296,62.0
23126.726800349126,21.0
23126.726862845957,-36.0
23126.726925342788,-125.0
23126.72698783962,26.0
23126.727050336453,-114.0
23126.727112833283,-215.0
23126.727175330114,-26.0
23126.727237826944,15.0
23126.727300323775,-58.0
23126.72736282061,53.0
23126.72742531744,-81.0
23126.72748781427,-96.0
23126.7275503111,-32.0
23126.727612807932,-190.0
23126.727675304766,-95.0
23126.727737801597,-79.0
23126.727800298428,-43.0
23126.72786279526,-90.0
23126.727925292093,-50.0
23126.727987788923,-44.0
23126.728050285754,17.0
23126.728112782585,-17.0
23126.728175279415,-132.0
23126.72823777625,-46.0
23126.72830027308,-10.0
23126.72836276991,45.0
23126.72842526674,4.0
23126.728487763572,-166.0
23126.728550260406,-3.0
23126.728612757237,115.0
23126.728675254068,-26.0
23126.7287377509,-32.0
23126.72880024773,-61.0
23126.728862744563,-74.0
23126.728925241394,4.0
23126.728987738225,-19.0
23126.729050235055,61.0
23126.72911273189,51.0
23126.72917522872,-1.0
23126.72923772555,-15.0
23126.72930022238,-200.0
23126.729362719212,-133.0
23126.729425216046,211.0
23126.729487712877,-72.0
23126.729550209708,-128.0
23126.72961270654,10.0
23126.72967520337,-79.0
23126.729737700203,-9.0
23126.729800197034,-60.0
23126.729862693865,-132.0
23126.729925190695,-88.0
23126.729987687526,-98.0
23126.73005018436,-105.0
23126.73011268119,46.0
23126.73017517802,-38.0
23126.730237674852,152.0
23126.730300171686,-151.0
23126.730362668517,-467.0
23126.730425165348,-211.0
23126.73048766218,-218.0
23126.73055015901,-196.0
23126.730612655843,-361.0
23126.730675152674,-249.0
23126.730737649505,-162.0
23126.730800146335,-252.0
23126.730862643166,-247.0
23126.73092514,-225.0
23126.73098763683,-155.0
23126.73105013366,-57.0
23126.731112630492,-148.0
23126.731175127323,-124.0
23126.731237624157,-143.0
23126.731300120988,-229.0
23126.73136261782,-147.0
23126.73142511465,-76.0
23126.731487611483,-51.0
23126.731550108314,-50.0
23126.731612605145,-79.0
23126.731675101975,-99.0
23126.731737598806,55.0
23126.73180009564,-21.0
23126.73186259247,-124.0
23126.7319250893,-197.0
23126.731987586132,-97.0
23126.732050082963,-65.0
23126.732112579797,27.0
23126.732175076628,82.0
23126.73223757346,-21.0
23126.73230007029,5.0
23126.73236256712,88.0
23126.732425063954,43.0
23126.732487560785,32.0
23126.732550057615,146.0
23126.732612554446,-72.0
23126.73267505128,-216.0
23126.73273754811,-12.0
23126.73280004494,-16.0
23126.732862541772,-63.0
23126.732925038603,-3.0
23126.732987535437,-9.0
23126.733050032268,-89.0
23126.7331125291,-186.0
23126.73317502593,-153.0
23126.73323752276,-83.0
23126.733300019594,30.0
23126.733362516425,5.0
23126.733425013255,1.0
23126.733487510086,-1.0
23126.733550006917,5.0
23126.73361250375,88.0
23126.73367500058,58.0
23126.733737497412,-1.0
23126.733799994243,21.0
23126.733862491077,52.0
23126.733924987908,52.0
23126.73398748474,68.0
23126.73404998157,21.0
23126.7341124784,23.0
23126.734174975234,-1.0
23126.734237472065,-36.0
23126.734299968895,57.0
23126.734362465726,164.0
23126.734424962557,26.0
23126.73448745939,-168.0
23126.73454995622,15.0
23126.734612453052,136.0
23126.734674949883,178.0
23126.734737446714,194.0
23126.734799943548,179.0
23126.73486244038,192.0
23126.73492493721,80.0
23126.73498743404,124.0
23126.735049930874,103.0
23126.735112427705,79.0
23126.735174924535,91.0
23126.735237421366,136.0
23126.735299918197,209.0
23126.73536241503,165.0
23126.73542491186,25.0
23126.735487408692,-70.0
23126.735549905523,162.0
23126.735612402354,181.0
23126.735674899188,150.0
23126.73573739602,95.0
23126.73579989285,58.0
23126.73586238968,235.0
23126.73592488651,144.0
23126.735987383345,-32.0
23126.736049880175,39.0
23126.736112377006,26.0
23126.736174873837,65.0
23126.73623737067,149.0
23126.7362998675,113.0
23126.736362364332,44.0
23126.736424861163,98.0
23126.736487357994,176.0
23126.736549854828,114.0
23126.73661235166,104.0
23126.73667484849,160.0
23126.73673734532,150.0
23126.73679984215,121.0
23126.736862338985,33.0
23126.736924835815,0.0
23126.736987332646,20.0
23126.737049829477,0.0
23126.737112326307,65.0
23126.73717482314,-2.0
23126.737237319972,99.0
23126.737299816803,103.0
23126.737362313634,140.0
23126.737424810468,130.0
23126.7374873073,31.0
23126.73754980413,108.0
23126.73761230096,40.0
23126.73767479779,-26.0
23126.737737294625,42.0
23126.737799791455,154.0
23126.737862288286,108.0
23126.737924785117,70.0
23126.737987281947,84.0
23126.73804977878,33.0
23126.738112275612,-32.0
23126.738174772443,-55.0
23126.738237269274,43.0
23126.738299766104,243.0
23126.73836226294,186.0
23126.73842475977,51.0
23126.7384872566,-11.0
23126.73854975343,17.0
23126.738612250265,12.0
23126.738674747096,-93.0
23126.738737243926,-59.0
23126.738799740757,-20.0
23126.738862237587,-37.0
23126.73892473442,-48.0
23126.738987231252,-56.0
23126.739049728083,-5.0
23126.739112224914,66.0
23126.739174721744,-54.0
23126.73923721858,-55.0
23126.73929971541,-19.0
23126.73936221224,-51.0
23126.73942470907,-129.0
23126.7394872059,-188.0
23126.739549702736,-27.0
23126.739612199566,85.0
23126.739674696397,-63.0
23126.739737193227,-77.0
23126.73979969006,-41.0
23126.739862186892,-23.0
23126.739924683723,54.0
23126.739987180554,-31.0
23126.740049677384,117.0
23126.74011217422,39.0
23126.74017467105,-203.0
23126.74023716788,-105.0
23126.74029966471,165.0
23126.74036216154,385.0
23126.740424658376,341.0
23126.740487155206,244.0
23126.740549652037,250.0
23126.740612148868,198.0
23126.740674645698,195.0
23126.740737142532,222.0
23126.740799639363,181.0
23126.740862136194,95.0
23126.740924633024,210.0
23126.74098712986,222.0
23126.74104962669,-20.0
23126.74111212352,157.0
23126.74117462035,171.0
23126.74123711718,162.0
23126.741299614016,319.0
23126.741362110846,127.0
23126.741424607677,100.0
23126.741487104508,247.0
23126.74154960134,81.0
23126.741612098172,68.0
23126.741674595003,166.0
23126.741737091834,82.0
23126.741799588664,246.0
23126.741862085495,200.0
23126.74192458233,83.0
23126.74198707916,167.0
23126.74204957599,214.0
23126.74211207282,165.0
23126.742174569656,70.0
23126.742237066486,95.0
23126.742299563317,7.0
23126.742362060148,-114.0
23126.74242455698,-22.0
23126.742487053813,103.0
23126.742549550643,241.0
23126.742612047474,257.0
23126.742674544304,67.0
23126.742737041135,24.0
23126.74279953797,252.0
23126.7428620348,305.0
23126.74292453163,173.0
23126.74298702846,58.0
23126.743049525292,65.0
23126.743112022126,99.0
23126.743174518957,58.0
23126.743237015788,73.0
23126.74329951262,149.0
23126.743362009453,106.0
23126.743424506283,-1.0
23126.743487003114,-16.0
23126.743549499944,62.0
23126.743611996775,156.0
23126.74367449361,98.0
23126.74373699044,25.0
23126.74379948727,108.0
23126.7438619841,39.0
23126.743924480932,-183.0
23126.743986977766,-170.0
23126.744049474597,-49.0
23126.744111971428,121.0
23126.74417446826,25.0
23126.74423696509,-52.0
23126.744299461923,41.0
23126.744361958754,-74.0
23126.744424455585,-60.0
23126.744486952415,-83.0
23126.74454944925,0.0
23126.74461194608,2.0
23126.74467444291,-16.0
23126.74473693974,13.0
23126.744799436572,-53.0
23126.744861933406,35.0
23126.744924430237,-55.0
23126.744986927068,-191.0
23126.7450494239,-216.0
23126.74511192073,-154.0
23126.745174417563,-90.0
23126.745236914394,-67.0
23126.745299411225,-64.0
23126.745361908055,-4.0
23126.745424404886,47.0
23126.74548690172,-18.0
23126.74554939855,11.0
23126.74561189538,-83.0
23126.745674392212,-48.0
23126.745736889046,-15.0
23126.745799385877,-124.0
23126.745861882708,6.0
23126.74592437954,-85.0
23126.74598687637,-128.0
23126.746049373203,-122.0
23126.746111870034,-112.0
23126.746174366865,21.0
23126.746236863695,36.0
23126.746299360526,61.0
23126.74636185736,6.0
23126.74642435419,-127.0
23126.74648685102,-220.0
23126.746549347852,-61.0
23126.746611844683,70.0
23126.746674341517,-38.0
23126.746736838348,-94.0
23126.74679933518,-139.0
23126.74686183201,-116.0
23126.746924328843,-21.0
23126.746986825674,7.0
23126.747049322505,18.0
23126.747111819335,32.0
23126.747174316166,-44.0
23126.747236813,-29.0
23126.74729930983,36.0
23126.74736180666,38.0
23126.747424303492,8.0
23126.747486800323,-77.0
23126.747549297157,30.0
23126.747611793988,-17.0
23126.74767429082,-91.0
23126.74773678765,58.0
23126.74779928448,-23.0
23126.747861781314,-10.0
23126.747924278145,68.0
23126.747986774975,44.0
23126.748049271806,30.0
23126.74811176864,61.0
23126.74817426547,21.0
23126.7482367623,-54.0
23126.748299259132,-26.0
23126.748361755963,13.0
23126.748424252797,156.0
23126.748486749628,17.0
23126.74854924646,98.0
23126.74861174329,76.0
23126.74867424012,-114.0
23126.748736736954,58.0
23126.748799233785,66.0
23126.748861730615,95.0
23126.748924227446,113.0
23126.748986724277,-23.0
23126.74904922111,-68.0
23126.74911171794,-34.0
23126.749174214772,-35.0
23126.749236711603,49.0
23126.749299208437,-15.0
23126.749361705268,-45.0
23126.7494242021,-15.0
23126.74948669893,-90.0
23126.74954919576,129.0
23126.749611692594,157.0
23126.749674189425,96.0
23126.749736686255,19.0
23126.749799183086,-187.0
23126.749861679917,-64.0
23126.74992417675,35.0
23126.74998667358,34.0
23126.750049170412,146.0
23126.750111667243,219.0
23126.750174164074,88.0
23126.750236660908,9.0
23126.75029915774,-200.0
23126.75036165457,-315.0
23126.7504241514,-270.0
23126.750486648234,-322.0
23126.750549145065,-319.0
23126.750611641895,-175.0
23126.750674138726,-196.0
23126.750736635557,-203.0
23126.75079913239,-95.0
23126.75086162922,-175.0
23126.750924126052,-119.0
23126.750986622883,-172.0
23126.751049119714,-309.0
23126.751111616548,-222.0
23126.75117411338,-139.0
23126.75123661021,-209.0
23126.75129910704,-166.0
23126.75136160387,-57.0
23126.751424100705,-99.0
23126.751486597535,-129.0
23126.751549094366,-62.0
23126.751611591197,-133.0
23126.75167408803,-165.0
23126.75173658486,-193.0
23126.751799081692,-182.0
23126.751861578523,-50.0
23126.751924075354,-81.0
23126.751986572188,-152.0
23126.75204906902,-93.0
23126.75211156585,93.0
23126.75217406268,108.0
23126.75223655951,-41.0
23126.752299056345,-24.0
23126.752361553175,30.0
23126.752424050006,-59.0
23126.752486546837,-71.0
23126.752549043667,11.0
23126.7526115405,-100.0
23126.752674037332,-67.0
23126.752736534163,42.0
23126.752799030994,-90.0
23126.752861527828,-108.0
23126.75292402466,0.0
23126.75298652149,-100.0
23126.75304901832,-115.0
23126.75311151515,-42.0
23126.753174011985,-65.0
23126.753236508815,-111.0
23126.753299005646,-151.0
23126.753361502477,-7.0
23126.753423999307,-51.0
23126.75348649614,-197.0
23126.753548992972,-17.0
23126.753611489803,96.0
23126.753673986634,46.0
23126.753736483464,-40.0
23126.7537989803,-4.0
23126.75386147713,64.0
23126.75392397396,80.0
23126.75398647079,143.0
23126.754048967625,107.0
23126.754111464455,-5.0
23126.754173961286,23.0
23126.754236458117,75.0
23126.754298954947,60.0
23126.75436145178,88.0
23126.754423948612,79.0
23126.754486445443,22.0
23126.754548942274,93.0
23126.754611439104,62.0
23126.75467393594,-12.0
23126.75473643277,92.0
23126.7547989296,47.0
23126.75486142643,5.0
23126.75492392326,74.0
23126.754986420096,102.0
23126.755048916926,93.0
23126.755111413757,16.0
23126.755173910587,81.0
23126.75523640742,169.0
23126.755298904252,75.0
23126.755361401083,83.0
23126.755423897914,154.0
23126.755486394744,118.0
23126.75554889158,163.0
23126.75561138841,97.0
23126.75567388524,15.0
23126.75573638207,172.0
23126.7557988789,212.0
23126.755861375736,118.0
23126.755923872566,33.0
23126.755986369397,120.0
23126.756048866228,163.0
23126.756111363058,33.0
23126.756173859892,71.0
23126.756236356723,156.0
23126.756298853554,144.0
23126.756361350384,98.0
23126.75642384722,91.0
23126.75648634405,108.0
23126.75654884088,144.0
23126.75661133771,168.0
23126.75667383454,112.0
23126.756736331376,170.0
23126.756798828206,238.0
23126.756861325037,142.0
23126.756923821868,7.0
23126.7569863187,31.0
23126.757048815532,89.0
23126.757111312363,85.0
23126.757173809194,94.0
23126.757236306024,136.0
23126.757298802855,97.0
23126.75736129969,73.0
23126.75742379652,109.0
23126.75748629335,104.0
23126.75754879018,163.0
23126.757611287016,171.0
23126.757673783846,168.0
23126.757736280677,157.0
23126.757798777508,95.0
23126.75786127434,95.0
23126.757923771172,114.0
23126.757986268003,164.0
23126.758048764834,150.0
23126.758111261664,94.0
23126.758173758495,151.0
23126.75823625533,124.0
23126.75829875216,30.0
23126.75836124899,90.0
23126.75842374582,135.0
23126.758486242652,96.0
23126.758548739486,77.0
23126.758611236317,106.0
23126.758673733148,125.0
23126.75873622998,95.0
23126.758798726813,131.0
23126.758861223643,213.0
23126.758923720474,203.0
23126.758986217304,116.0
23126.759048714135,106.0
23126.75911121097,141.0
23126.7591737078,100.0
23126.75923620463,23.0
23126.75929870146,56.0
23126.759361198292,86.0
23126.759423695126,15.0
23126.759486191957,-31.0
23126.759548688788,81.0
23126.75961118562,55.0
23126.75967368245,-77.0
23126.759736179283,-10.0
23126.759798676114,31.0
23126.759861172945,6.0
23126.759923669775,20.0
23126.75998616661,63.0
23126.76004866344,80.0
23126.76011116027,3.0
23126.7601736571,-56.0
23126.760236153932,67.0
23126.760298650766,240.0
23126.760361147597,265.0
23126.760423644428,176.0
23126.76048614126,173.0
23126.76054863809,283.0
23126.760611134923,267.0
23126.760673631754,194.0
23126.760736128585,192.0
23126.760798625415,97.0
23126.760861122246,19.0
23126.76092361908,101.0
23126.76098611591,143.0
23126.76104861274,100.0
23126.761111109572,155.0
23126.761173606406,231.0
23126.761236103237,298.0
23126.761298600068,296.0
23126.7613610969,244.0
23126.76142359373,239.0
23126.761486090563,202.0
23126.761548587394,130.0
23126.761611084225,140.0
23126.761673581055,133.0
23126.761736077886,104.0
23126.76179857472,130.0
23126.76186107155,121.0
23126.76192356838,103.0
23126.761986065212,43.0
23126.762048562043,21.0
23126.762111058877,52.0
23126.762173555708,-28.0
23126.76223605254,-77.0
23126.76229854937,-35.0
23126.762361046203,0.0
23126.762423543034,-15.0
23126.762486039865,-80.0
23126.762548536695,-15.0
23126.762611033526,109.0
23126.76267353036,89.0
23126.76273602719,62.0
23126.76279852402,90.0
23126.762861020852,94.0
23126.762923517683,44.0
23126.762986014517,1.0
23126.763048511348,73.0
23126.76311100818,152.0
23126.76317350501,115.0
23126.76323600184,157.0
23126.763298498674,163.0
23126.763360995505,85.0
23126.763423492335,44.0
23126.763485989166,-7.0
23126.763548486,37.0
23126.76361098283,38.0
23126.76367347966,-48.0
23126.763735976492,-39.0
23126.763798473323,-61.0
23126.763860970157,-155.0
23126.763923466988,-125.0
23126.76398596382,-46.0
23126.76404846065,-84.0
23126.76411095748,-170.0
23126.764173454314,-204.0
23126.764235951145,-160.0
23126.764298447975,-70.0
23126.764360944806,-88.0
23126.764423441637,-137.0
23126.76448593847,-109.0
23126.7645484353,-38.0
23126.764610932132,-22.0
23126.764673428963,-34.0
23126.764735925797,-7.0
23126.764798422628,-33.0
23126.76486091946,-54.0
23126.76492341629,-27.0
23126.76498591312,-2.0
23126.765048409954,10.0
23126.765110906785,-45.0
23126.765173403615,-131.0
23126.765235900446,-79.0
23126.765298397277,-61.0
23126.76536089411,-139.0
23126.76542339094,-173.0
23126.765485887772,-110.0
23126.765548384603,2.0
23126.765610881434,-12.0
23126.765673378268,-79.0
23126.7657358751,-55.0
23126.76579837193,-117.0
23126.76586086876,-190.0
23126.765923365594,-119.0
23126.765985862425,-19.0
23126.766048359255,26.0
23126.766110856086,-7.0
23126.766173352917,-84.0
23126.76623584975,-116.0
23126.76629834658,-119.0
23126.766360843412,-111.0
23126.766423340243,-102.0
23126.766485837074,-89.0
23126.766548333908,-22.0
23126.76661083074,-51.0
23126.76667332757,-110.0
23126.7667358244,-124.0
23126.76679832123,-148.0
23126.766860818065,-34.0
23126.766923314895,49.0
23126.766985811726,49.0
23126.767048308557,3.0
23126.76711080539,-84.0
23126.76717330222,-98.0
23126.767235799052,-110.0
23126.767298295883,-91.0
23126.767360792714,-71.0
23126.767423289548,-60.0
23126.76748578638,-58.0
23126.76754828321,-38.0
23126.76761078004,-51.0
23126.76767327687,-107.0
23126.767735773705,-109.0
23126.767798270535,-73.0
23126.767860767366,-36.0
23126.767923264197,-37.0
23126.767985761027,-44.0
23126.76804825786,-46.0
23126.768110754692,-40.0
23126.768173251523,-33.0
23126.768235748354,-45.0
23126.768298245188,-49.0
23126.76836074202,-37.0
23126.76842323885,15.0
23126.76848573568,-5.0
23126.76854823251,-32.0
23126.768610729345,-35.0
23126.768673226175,-69.0
23126.768735723006,-80.0
23126.768798219837,-45.0
23126.768860716667,-50.0
23126.7689232135,-69.0
23126.768985710332,-70.0
23126.769048207163,-101.0
23126.769110703994,-99.0
23126.769173200824,-76.0
23126.76923569766,-59.0
23126.76929819449,-89.0
23126.76936069132,-75.0
23126.76942318815,-35.0
23126.769485684985,-43.0
23126.769548181815,-47.0
23126.769610678646,-20.0
23126.769673175477,-10.0
23126.769735672307,-14.0
23126.76979816914,-36.0
23126.769860665972,-29.0
23126.769923162803,-39.0
23126.769985659634,-86.0
23126.770048156464,-61.0
23126.7701106533,-28.0
23126.77017315013,-63.0
23126.77023564696,-79.0
23126.77029814379,-282.0
23126.77036064062,-428.0
23126.770423137456,-323.0
23126.770485634286,-333.0
23126.770548131117,-277.0
23126.770610627947,-207.0
23126.77067312478,-260.0
23126.770735621612,-222.0
23126.770798118443,-174.0
23126.770860615274,-182.0
23126.770923112104,-203.0
23126.77098560894,-196.0
23126.77104810577,-162.0
23126.7711106026,-162.0
23126.77117309943,-147.0
23126.77123559626,-156.0
23126.771298093096,-151.0
23126.771360589926,-126.0
23126.771423086757,-142.0
23126.771485583587,-166.0
23126.771548080418,-114.0
23126.771610577252,-90.0
23126.771673074083,-109.0
23126.771735570914,-118.0
23126.771798067744,-143.0
23126.77186056458,-111.0
23126.77192306141,-121.0
23126.77198555824,-148.0
23126.77204805507,-155.0
23126.7721105519,-136.0
23126.772173048736,-80.0
23126.772235545566,-50.0
23126.772298042397,-42.0
23126.772360539228,-51.0
23126.772423036058,-55.0
23126.772485532892,-93.0
23126.772548029723,-110.0
23126.772610526554,-112.0
23126.772673023384,-122.0
23126.772735520215,-85.0
23126.77279801705,-82.0
23126.77286051388,-86.0
23126.77292301071,-67.0
23126.77298550754,-104.0
23126.773048004376,-120.0
23126.773110501206,-111.0
23126.773172998037,-106.0
23126.773235494868,-63.0
23126.7732979917,-58.0
23126.773360488532,-45.0
23126.773422985363,-78.0
23126.773485482194,-91.0
23126.773547979024,21.0
23126.773610475855,56.0
23126.77367297269,59.0
23126.77373546952,88.0
23126.77379796635,50.0
23126.77386046318,24.0
23126.773922960012,21.0
23126.773985456846,39.0
23126.774047953677,24.0
23126.774110450508,62.0
23126.77417294734,95.0
23126.774235444173,54.0
23126.774297941003,55.0
23126.774360437834,54.0
23126.774422934664,33.0
23126.774485431495,-5.0
23126.77454792833,35.0
23126.77461042516,42.0
23126.77467292199,7.0
23126.77473541882,32.0
23126.774797915652,27.0
23126.774860412486,31.0
23126.774922909317,30.0
23126.774985406148,42.0
23126.77504790298,32.0
23126.77511039981,61.0
23126.775172896643,96.0
23126.775235393474,88.0
23126.775297890305,82.0
23126.775360387135,84.0
23126.77542288397,69.0
23126.7754853808,52.0
23126.77554787763,116.0
23126.77561037446,118.0
23126.775672871292,60.0
23126.775735368126,57.0
23126.775797864957,55.0
23126.775860361788,53.0
23126.77592285862,78.0
23126.77598535545,103.0
23126.776047852283,88.0
23126.776110349114,51.0
23126.776172845945,36.0
23126.776235342775,61.0
23126.776297839606,92.0
23126.77636033644,115.0
23126.77642283327,127.0
23126.7764853301,101.0
23126.776547826932,95.0
23126.776610323766,77.0
23126.776672820597,46.0
23126.776735317428,80.0
23126.77679781426,104.0
23126.77686031109,74.0
23126.776922807923,31.0
23126.776985304754,37.0
23126.777047801585,30.0
23126.777110298415,24.0
23126.777172795246,32.0
23126.77723529208,28.0
23126.77729778891,13.0
23126.77736028574,5.0
23126.777422782572,7.0
23126.777485279403,-39.0
23126.777547776237,20.0
23126.777610273068,53.0
23126.7776727699,1.0
23126.77773526673,12.0
23126.777797763563,1.0
23126.777860260394,-11.0
23126.777922757225,-2.0
23126.777985254055,-12.0
23126.778047750886,17.0
23126.77811024772,37.0
23126.77817274455,19.0
23126.77823524138,19.0
23126.778297738212,-2.0
23126.778360235043,6.0
23126.778422731877,6.0
23126.778485228708,-31.0
23126.77854772554,29.0
23126.77861022237,30.0
23126.7786727192,-2.0
23126.778735216034,-7.0
23126.778797712865,-32.0
23126.778860209695,-20.0
23126.778922706526,-31.0
23126.77898520336,-16.0
23126.77904770019,-20.0
23126.77911019702,-34.0
23126.779172693852,-37.0
23126.779235190683,-36.0
23126.779297687517,-31.0
23126.779360184348,-30.0
23126.77942268118,-5.0
23126.77948517801,-33.0
23126.77954767484,-23.0
23126.779610171674,-7.0
23126.779672668505,-50.0
23126.779735165335,-47.0
23126.779797662166,-23.0
23126.779860158997,-52.0
23126.77992265583,-73.0
23126.77998515266,-68.0
23126.780047649492,-73.0
23126.780110146323,-8.0
23126.780172643157,-36.0
23126.780235139988,-50.0
23126.78029763682,224.0
23126.78036013365,292.0
23126.78042263048,223.0
23126.780485127314,217.0
23126.780547624145,192.0
23126.780610120975,183.0
23126.780672617806,166.0
23126.780735114637,191.0
23126.78079761147,199.0
23126.7808601083,185.0
23126.780922605132,153.0
23126.780985101963,130.0
23126.781047598794,131.0
23126.781110095628,148.0
23126.78117259246,159.0
23126.78123508929,145.0
23126.78129758612,123.0
23126.781360082954,157.0
23126.781422579785,154.0
23126.781485076615,95.0
23126.781547573446,133.0
23126.781610070277,147.0
23126.78167256711,112.0
23126.78173506394,116.0
23126.781797560772,104.0
23126.781860057603,103.0
23126.781922554434,91.0
23126.781985051268,101.0
23126.7820475481,90.0
23126.78211004493,24.0
23126.78217254176,-5.0
23126.78223503859,-35.0
23126.782297535425,-69.0
23126.782360032255,-34.0
23126.782422529086,-18.0
23126.782485025917,-26.0
23126.78254752275,84.0
23126.78261001958,136.0
23126.782672516412,102.0
23126.782735013243,118.0
23126.782797510074,99.0
23126.782860006908,62.0
23126.78292250374,57.0
23126.78298500057,87.0
23126.7830474974,74.0
23126.78310999423,40.0
23126.783172491065,67.0
23126.783234987895,111.0
23126.783297484726,106.0
23126.783359981557,84.0
23126.783422478387,55.0
23126.78348497522,-20.0
23126.783547472052,-19.0
23126.783609968883,-27.0
23126.783672465714,-64.0
23126.783734962548,-52.0
23126.78379745938,-38.0
23126.78385995621,-72.0
23126.78392245304,-111.0
23126.78398494987,-119.0
23126.784047446705,-164.0
23126.784109943535,-176.0
23126.784172440366,-152.0
23126.784234937197,-105.0
23126.784297434027,-97.0
23126.78435993086,-119.0
23126.784422427692,-120.0
23126.784484924523,-169.0
23126.784547421354,-150.0
23126.784609918184,-93.0
23126.78467241502,-97.0
23126.78473491185,-73.0
23126.78479740868,-76.0
23126.78485990551,-136.0
23126.784922402345,-160.0
23126.784984899175,-134.0
23126.785047396006,-119.0
23126.785109892837,-155.0
23126.785172389667,-169.0
23126.7852348865,-190.0
23126.785297383332,-221.0
23126.785359880163,-201.0
23126.785422376994,-177.0
23126.785484873824,-198.0
23126.78554737066,-202.0
23126.78560986749,-187.0
23126.78567236432,-184.0
23126.78573486115,-163.0
23126.78579735798,-140.0
23126.785859854815,-159.0
23126.785922351646,-173.0
23126.785984848477,-177.0
23126.786047345307,-181.0
23126.78610984214,-141.0
23126.786172338972,-137.0
23126.786234835803,-154.0
23126.786297332634,-165.0
23126.786359829464,-200.0
23126.7864223263,-176.0
23126.78648482313,-183.0
23126.78654731996,-151.0
23126.78660981679,-142.0
23126.78667231362,-215.0
23126.786734810456,-188.0
23126.786797307286,-165.0
23126.786859804117,-159.0
23126.786922300947,-117.0
23126.786984797778,-112.0
23126.787047294612,-105.0
23126.787109791443,-84.0
23126.787172288274,-85.0
23126.787234785104,-87.0
23126.78729728194,-101.0
23126.78735977877,-67.0
23126.7874222756,-55.0
23126.78748477243,-103.0
23126.78754726926,-59.0
23126.787609766096,-51.0
23126.787672262926,-104.0
23126.787734759757,-103.0
23126.787797256588,-91.0
23126.787859753418,-79.0
23126.787922250252,-70.0
23126.787984747083,-48.0
23126.788047243914,-54.0
23126.788109740744,-57.0
23126.788172237575,-59.0
23126.78823473441,-50.0
23126.78829723124,-47.0
23126.78835972807,-68.0
23126.7884222249,-58.0
23126.788484721736,-62.0
23126.788547218566,-45.0
23126.788609715397,-32.0
23126.788672212228,-37.0
23126.78873470906,-36.0
23126.788797205892,-45.0
23126.788859702723,-20.0
23126.788922199554,-8.0
23126.788984696384,-30.0
23126.789047193215,-32.0
23126.78910969005,2.0
23126.78917218688,-2.0
23126.78923468371,-6.0
23126.78929718054,-4.0
23126.789359677372,-5.0
23126.789422174206,7.0
23126.789484671037,-27.0
23126.789547167868,-15.0
23126.7896096647,24.0
23126.789672161533,-1.0
23126.789734658363,-5.0
23126.789797155194,30.0
23126.789859652024,18.0
23126.789922148855,4.0
23126.78998464569,26.0
23126.79004714252,26.0
23126.79010963935,22.0
23126.79017213618,24.0
23126.790234633012,44.0
23126.790297129846,-197.0
23126.790359626677,-339.0
23126.790422123508,-242.0
23126.79048462034,-269.0
23126.79054711717,-212.0
23126.790609614003,-178.0
23126.790672110834,-190.0
23126.790734607664,-167.0
23126.790797104495,-177.0
23126.79085960133,-151.0
23126.79092209816,-149.0
23126.79098459499,-171.0
23126.79104709182,-154.0
23126.791109588652,-177.0
23126.791172085486,-185.0
23126.791234582317,-146.0
23126.791297079148,-148.0
23126.79135957598,-193.0
23126.79142207281,-167.0
23126.791484569643,-120.0
23126.791547066474,-89.0
23126.791609563305,-98.0
23126.791672060135,-82.0
23126.791734556966,-56.0
23126.7917970538,-69.0
23126.79185955063,-69.0
23126.79192204746,-64.0
23126.791984544292,-45.0
23126.792047041126,-61.0
23126.792109537957,-23.0
23126.792172034788,35.0
23126.79223453162,18.0
23126.79229702845,37.0
23126.792359525283,65.0
23126.792422022114,6.0
23126.792484518945,-46.0
23126.792547015775,-47.0
23126.792609512606,-67.0
23126.79267200944,-101.0
23126.79273450627,-105.0
23126.7927970031,-82.0
23126.792859499932,-67.0
23126.792921996763,-78.0
23126.792984493597,-77.0
23126.793046990428,-77.0
23126.79310948726,-98.0
23126.79317198409,-80.0
23126.793234480923,-89.0
23126.793296977754,-84.0
23126.793359474585,-51.0
23126.793421971415,-57.0
23126.793484468246,-69.0
23126.79354696508,-18.0
23126.79360946191,43.0
23126.79367195874,30.0
23126.793734455572,27.0
23126.793796952403,46.0
23126.793859449237,57.0
23126.793921946068,50.0
23126.7939844429,68.0
23126.79404693973,104.0
23126.79410943656,107.0
23126.794171933394,98.0
23126.794234430225,111.0
23126.794296927055,103.0
23126.794359423886,109.0
23126.79442192072,107.0
23126.79448441755,79.0
23126.79454691438,111.0
23126.794609411212,108.0
23126.794671908043,57.0
23126.794734404877,71.0
23126.794796901708,83.0
23126.79485939854,88.0
23126.79492189537,107.0
23126.7949843922,124.0
23126.795046889034,119.0
23126.795109385865,129.0
23126.795171882695,148.0
23126.795234379526,139.0
23126.795296876357,130.0
23126.79535937319,131.0
23126.79542187002,109.0
23126.795484366852,76.0
23126.795546863683,102.0
23126.795609360517,132.0
23126.795671857348,126.0
23126.79573435418,137.0
23126.79579685101,142.0
23126.79585934784,115.0
23126.795921844674,118.0
23126.795984341505,77.0
23126.796046838335,40.0
23126.796109335166,80.0
23126.796171831997,80.0
23126.79623432883,68.0
23126.79629682566,89.0
23126.796359322492,77.0
23126.796421819323,60.0
23126.796484316154,26.0
23126.796546812988,31.0
23126.79660930982,59.0
23126.79667180665,53.0
23126.79673430348,92.0
23126.796796800314,68.0
23126.796859297145,23.0
23126.796921793975,37.0
23126.796984290806,50.0
23126.797046787637,43.0
23126.79710928447,36.0
23126.7971717813,47.0
23126.797234278132,43.0
23126.797296774963,34.0
23126.797359271794,48.0
23126.797421768628,41.0
23126.79748426546,17.0
23126.79754676229,54.0
23126.79760925912,69.0
23126.79767175595,51.0
23126.797734252785,49.0
23126.797796749615,36.0
23126.797859246446,29.0
23126.797921743277,40.0
23126.79798424011,62.0
23126.79804673694,32.0
23126.798109233772,26.0
23126.798171730603,43.0
23126.798234227434,46.0
23126.798296724268,53.0
23126.7983592211,38.0
23126.79842171793,10.0
23126.79848421476,-24.0
23126.79854671159,38.0
23126.798609208425,53.0
23126.798671705255,31.0
23126.798734202086,61.0
23126.798796698917,43.0
23126.798859195747,38.0
23126.79892169258,45.0
23126.798984189412,25.0
23126.799046686243,13.0
23126.799109183074,15.0
23126.799171679908,21.0
23126.79923417674,29.0
23126.79929667357,19.0
23126.7993591704,22.0
23126.79942166723,17.0
23126.799484164065,-19.0
23126.799546660895,24.0
23126.799609157726,51.0
23126.799671654557,1.0
23126.799734151387,-10.0
23126.79979664822,-3.0
23126.799859145052,16.0
23126.799921641883,20.0
23126.799984138714,19.0
23126.800046635544,3.0
23126.80010913238,15.0
23126.80017162921,10.0
23126.80023412604,15.0
23126.80029662287,241.0
23126.800359119705,337.0
23126.800421616535,255.0
23126.800484113366,215.0
23126.800546610197,224.0
23126.800609107027,221.0
23126.80067160386,185.0
23126.800734100692,196.0
23126.800796597523,184.0
23126.800859094354,162.0
23126.800921591184,183.0
23126.80098408802,199.0
23126.80104658485,183.0
23126.80110908168,206.0
23126.80117157851,225.0
23126.80123407534,202.0
23126.801296572175,174.0
23126.801359069006,162.0
23126.801421565837,145.0
23126.801484062667,134.0
23126.8015465595,166.0
23126.801609056332,153.0
23126.801671553163,122.0
23126.801734049994,143.0
23126.801796546824,133.0
23126.80185904366,115.0
23126.80192154049,116.0
23126.80198403732,108.0
23126.80204653415,109.0
23126.80210903098,99.0
23126.802171527816,53.0
23126.802234024646,0.0
23126.802296521477,-15.0
23126.802359018307,3.0
23126.802421515138,2.0
23126.802484011972,3.0
23126.802546508803,83.0
23126.802609005634,145.0
23126.802671502464,116.0
23126.8027339993,111.0
23126.80279649613,123.0
23126.80285899296,127.0
23126.80292148979,92.0
23126.80298398662,84.0
23126.803046483456,143.0
23126.803108980286,127.0
23126.803171477117,104.0
23126.803233973947,110.0
23126.803296470778,116.0
23126.803358967612,91.0
23126.803421464443,60.0
23126.803483961274,5.0
23126.803546458104,14.0
23126.803608954935,28.0
23126.80367145177,-9.0
23126.8037339486,-49.0
23126.80379644543,-71.0
23126.80385894226,-72.0
23126.803921439096,-74.0
23126.803983935926,-102.0
23126.804046432757,-102.0
23126.804108929588,-86.0
23126.804171426418,-87.0
23126.804233923252,-70.0
23126.804296420083,-78.0
23126.804358916914,-91.0
23126.804421413744,-113.0
23126.804483910575,-130.0
23126.80454640741,-101.0
23126.80460890424,-89.0
23126.80467140107,-83.0
23126.8047338979,-54.0
23126.804796394732,-59.0
23126.804858891566,-62.0
23126.804921388397,-61.0
23126.804983885228,-103.0
23126.80504638206,-132.0
23126.805108878892,-138.0
23126.805171375723,-142.0
23126.805233872554,-122.0
23126.805296369384,-104.0
23126.805358866215,-109.0
23126.80542136305,-117.0
23126.80548385988,-153.0
23126.80554635671,-157.0
23126.80560885354,-137.0
23126.805671350372,-131.0
23126.805733847206,-120.0
23126.805796344037,-98.0
23126.805858840868,-102.0
23126.8059213377,-108.0
23126.80598383453,-113.0
23126.806046331363,-139.0
23126.806108828194,-112.0
23126.806171325024,-115.0
23126.806233821855,-92.0
23126.80629631869,-70.0
23126.80635881552,-137.0
23126.80642131235,-165.0
23126.80648380918,-157.0
23126.806546306012,-113.0
23126.806608802846,-91.0
23126.806671299677,-79.0
23126.806733796508,-49.0
23126.80679629334,-44.0
23126.80685879017,-66.0
23126.806921287003,-112.0
23126.806983783834,-93.0
23126.807046280665,-73.0
23126.807108777495,-92.0
23126.807171274326,-85.0
23126.80723377116,-84.0
23126.80729626799,-105.0
23126.80735876482,-101.0
23126.807421261652,-80.0
23126.807483758486,-91.0
23126.807546255317,-74.0
23126.807608752148,-71.0
23126.80767124898,-100.0
23126.80773374581,-80.0
23126.807796242643,-69.0
23126.807858739474,-64.0
23126.807921236305,-63.0
23126.807983733135,-63.0
23126.808046229966,-56.0
23126.8081087268,-61.0
23126.80817122363,-74.0
23126.80823372046,-68.0
23126.808296217292,-59.0
23126.808358714123,-64.0
23126.808421210957,-70.0
23126.808483707788,-98.0
23126.80854620462,-46.0
23126.80860870145,-24.0
23126.808671198283,-69.0
23126.808733695114,-61.0
23126.808796191945,-77.0
23126.808858688775,-103.0
23126.808921185606,-96.0
23126.80898368244,-52.0
23126.80904617927,-61.0
23126.8091086761,-87.0
23126.809171172932,-77.0
23126.809233669763,-80.0
23126.809296166597,-86.0
23126.809358663428,-79.0
23126.80942116026,-47.0
23126.80948365709,-73.0
23126.80954615392,-52.0
23126.809608650754,-25.0
23126.809671147585,-52.0
23126.809733644415,-36.0
23126.809796141246,-35.0
23126.80985863808,-26.0
23126.80992113491,-28.0
23126.80998363174,-37.0
23126.810046128572,-5.0
23126.810108625403,-34.0
23126.810171122237,-27.0
23126.810233619068,8.0
23126.8102961159,-235.0
23126.81035861273,-360.0
23126.81042110956,-322.0
23126.810483606394,-351.0
23126.810546103225,-259.0
23126.810608600055,-228.0
23126.810671096886,-254.0
23126.810733593717,-183.0
23126.81079609055,-163.0
23126.81085858738,-183.0
23126.810921084212,-187.0
23126.810983581043,-177.0
23126.811046077877,-180.0
23126.811108574708,-212.0
23126.81117107154,-195.0
23126.81123356837,-170.0
23126.8112960652,-146.0
23126.811358562034,-145.0
23126.811421058865,-131.0
23126.811483555695,-121.0
23126.811546052526,-105.0
23126.811608549357,-101.0
23126.81167104619,-138.0
23126.81173354302,-121.0
23126.811796039852,-103.0
23126.811858536683,-117.0
23126.811921033513,-107.0
23126.811983530348,-92.0
23126.81204602718,-67.0
23126.81210852401,-19.0
23126.81217102084,19.0
23126.812233517674,51.0
23126.812296014505,52.0
23126.812358511335,22.0
23126.812421008166,18.0
23126.812483504997,-40.0
23126.81254600183,-75.0
23126.81260849866,-81.0
23126.812670995492,-126.0
23126.812733492323,-127.0
23126.812795989154,-96.0
23126.812858485988,-71.0
23126.81292098282,-83.0
23126.81298347965,-77.0
23126.81304597648,-54.0
23126.81310847331,-57.0
23126.813170970145,-70.0
23126.813233466975,-56.0
23126.813295963806,-29.0
23126.813358460637,-28.0
23126.81342095747,-8.0
23126.8134834543,10.0
23126.813545951132,51.0
23126.813608447963,93.0
23126.813670944794,97.0
23126.813733441628,109.0
23126.81379593846,106.0
23126.81385843529,122.0
23126.81392093212,139.0
23126.81398342895,156.0
23126.814045925785,162.0
23126.814108422615,159.0
23126.814170919446,136.0
23126.814233416277,155.0
23126.814295913107,177.0
23126.81435840994,142.0
23126.814420906772,152.0
23126.814483403603,130.0
23126.814545900434,137.0
23126.814608397268,181.0
23126.8146708941,143.0
23126.81473339093,128.0
23126.81479588776,136.0
23126.81485838459,157.0
23126.814920881425,169.0
23126.814983378255,185.0
23126.815045875086,204.0
23126.815108371917,197.0
23126.815170868747,188.0
23126.81523336558,180.0
23126.815295862412,160.0
23126.815358359243,157.0
23126.815420856074,154.0
23126.815483352904,118.0
23126.81554584974,167.0
23126.81560834657,200.0
23126.8156708434,164.0
23126.81573334023,184.0
23126.815795837065,167.0
23126.815858333895,170.0
23126.815920830726,195.0
23126.815983327557,188.0
23126.816045824387,176.0
23126.81610832122,169.0
23126.816170818052,158.0
23126.816233314883,162.0
23126.816295811714,163.0
23126.816358308544,151.0
23126.81642080538,130.0
23126.81648330221,92.0
23126.81654579904,138.0
23126.81660829587,151.0
23126.8166707927,139.0
23126.816733289535,154.0
23126.816795786366,109.0
23126.816858283197,102.0
23126.816920780027,93.0
23126.81698327686,76.0
23126.817045773692,95.0
23126.817108270523,99.0
23126.817170767354,85.0
23126.817233264184,111.0
23126.81729576102,108.0
23126.81735825785,89.0
23126.81742075468,103.0
23126.81748325151,55.0
23126.81754574834,93.0
23126.817608245176,118.0
23126.817670742006,53.0
23126.817733238837,67.0
23126.817795735667,71.0
23126.817858232498,82.0
23126.817920729332,73.0
23126.817983226163,43.0
23126.818045722994,81.0
23126.818108219824,85.0
23126.81817071666,72.0
23126.81823321349,68.0
23126.81829571032,32.0
23126.81835820715,27.0
23126.81842070398,39.0
23126.818483200816,14.0
23126.818545697646,85.0
23126.818608194477,90.0
23126.818670691307,33.0
23126.818733188138,41.0
23126.818795684972,52.0
23126.818858181803,63.0
23126.818920678634,80.0
23126.818983175464,95.0
23126.819045672295,53.0
23126.81910816913,42.0
23126.81917066596,46.0
23126.81923316279,37.0
23126.81929565962,57.0
23126.819358156456,74.0
23126.819420653286,70.0
23126.819483150117,52.0
23126.819545646948,88.0
23126.819608143778,103.0
23126.819670640612,55.0
23126.819733137443,60.0
23126.819795634274,55.0
23126.819858131104,33.0
23126.819920627935,37.0
23126.81998312477,51.0
23126.8200456216,49.0
23126.82010811843,26.0
23126.82017061526,6.0
23126.820233112092,50.0
23126.820295608926,250.0
23126.820358105757,313.0
23126.820420602588,274.0
23126.82048309942,268.0
23126.820545596252,283.0
23126.820608093083,290.0
23126.820670589914,253.0
23126.820733086744,244.0
23126.820795583575,221.0
23126.82085808041,209.0
23126.82092057724,206.0
23126.82098307407,171.0
23126.8210455709,176.0
23126.821108067732,202.0
23126.821170564566,221.0
23126.821233061397,222.0
23126.821295558228,183.0
23126.82135805506,219.0
23126.82142055189,207.0
23126.821483048723,180.0
23126.821545545554,225.0
23126.821608042384,208.0
23126.821670539215,166.0
23126.82173303605,159.0
23126.82179553288,163.0
23126.82185802971,148.0
23126.82192052654,109.0
23126.821983023372,128.0
23126.822045520206,146.0
23126.822108017037,107.0
23126.822170513868,70.0
23126.8222330107,45.0
23126.82229550753,30.0
23126.822358004363,30.0
23126.822420501194,39.0
23126.822482998024,56.0
23126.822545494855,118.0
23126.822607991686,181.0
23126.82267048852,177.0
23126.82273298535,162.0
23126.82279548218,146.0
23126.822857979012,155.0
23126.822920475846,151.0
23126.822982972677,126.0
23126.823045469508,147.0
23126.82310796634,134.0
23126.82317046317,122.0
23126.823232960003,100.0
23126.823295456834,79.0
23126.823357953665,66.0
23126.823420450495,39.0
23126.823482947326,37.0
23126.82354544416,57.0
23126.82360794099,13.0
23126.82367043782,-19.0
23126.823732934652,0.0
23126.823795431483,-52.0
23126.823857928317,-73.0
23126.823920425148,-41.0
23126.82398292198,-66.0
23126.82404541881,-91.0
23126.824107915643,-73.0
23126.824170412474,-83.0
23126.824232909305,-80.0
23126.824295406135,-60.0
23126.824357902966,-67.0
23126.8244203998,-71.0
23126.82448289663,-94.0
23126.82454539346,-45.0
23126.824607890292,-18.0
23126.824670387123,-51.0
23126.824732883957,-34.0
23126.824795380788,-40.0
23126.82485787762,-69.0
23126.82492037445,-75.0
23126.82498287128,-96.0
23126.825045368114,-146.0
23126.825107864945,-175.0
23126.825170361775,-163.0
23126.825232858606,-157.0
23126.82529535544,-172.0
23126.82535785227,-140.0
23126.8254203491,-116.0
23126.825482845932,-139.0
23126.825545342763,-129.0
23126.825607839597,-86.0
23126.825670336428,-92.0
23126.82573283326,-115.0
23126.82579533009,-115.0
23126.82585782692,-111.0
23126.825920323754,-110.0
23126.825982820585,-112.0
23126.826045317415,-99.0
23126.826107814246,-94.0
23126.826170311077,-84.0
23126.82623280791,-65.0
23126.82629530474,-83.0
23126.826357801572,-107.0
23126.826420298403,-115.0
23126.826482795237,-166.0
23126.826545292068,-132.0
23126.8266077889,-115.0
23126.82667028573,-161.0
23126.82673278256,-126.0
23126.826795279394,-90.0
23126.826857776225,-96.0
23126.826920273055,-80.0
23126.826982769886,-45.0
23126.827045266717,-82.0
23126.82710776355,-90.0
23126.82717026038,-85.0
23126.827232757212,-92.0
23126.827295254043,-85.0
23126.827357750873,-104.0
23126.827420247708,-111.0
23126.82748274454,-131.0
23126.82754524137,-97.0
23126.8276077382,-57.0
23126.827670235034,-75.0
23126.827732731865,-64.0
23126.827795228695,-72.0
23126.827857725526,-72.0
23126.827920222357,-51.0
23126.82798271919,-42.0
23126.82804521602,-31.0
23126.828107712852,-50.0
23126.828170209683,-56.0
23126.828232706514,-43.0
23126.828295203348,-43.0
23126.82835770018,-21.0
23126.82842019701,-13.0
23126.82848269384,-51.0
23126.82854519067,-28.0
23126.828607687505,-6.0
23126.828670184335,-34.0
23126.828732681166,-34.0
23126.828795177997,-12.0
23126.82885767483,12.0
23126.82892017166,-17.0
23126.828982668492,2.0
23126.829045165323,-17.0
23126.829107662154,-48.0
23126.829170158988,-27.0
23126.82923265582,-47.0
23126.82929515265,-37.0
23126.82935764948,-41.0
23126.82942014631,-43.0
23126.829482643145,-67.0
23126.829545139975,-63.0
23126.829607636806,-30.0
23126.829670133637,-40.0
23126.829732630467,-38.0
23126.8297951273,-45.0
23126.829857624132,-47.0
23126.829920120963,-32.0
23126.829982617794,-45.0
23126.830045114628,-21.0
23126.83010761146,-18.0
23126.83017010829,-25.0
23126.83023260512,-15.0
23126.83029510195,-308.0
23126.830357598785,-442.0
23126.830420095615,-313.0
23126.830482592446,-313.0
23126.830545089277,-272.0
23126.830607586107,-261.0
23126.83067008294,-287.0
23126.830732579772,-257.0
23126.830795076603,-213.0
23126.830857573434,-208.0
23126.830920070264,-231.0
23126.8309825671,-204.0
23126.83104506393,-232.0
23126.83110756076,-272.0
23126.83117005759,-229.0
23126.831232554425,-222.0
23126.831295051255,-193.0
23126.831357548086,-181.0
23126.831420044917,-197.0
23126.831482541747,-218.0
23126.83154503858,-198.0
23126.831607535412,-134.0
23126.831670032243,-137.0
23126.831732529074,-108.0
23126.831795025904,-80.0
23126.83185752274,-90.0
23126.83192001957,-109.0
23126.8319825164,-107.0
23126.83204501323,-93.0
23126.83210751006,-65.0
23126.832170006895,-25.0
23126.832232503726,-7.0
23126.832295000557,28.0
23126.832357497387,31.0
23126.83241999422,-16.0
23126.832482491052,-83.0
23126.832544987883,-110.0
23126.832607484714,-107.0
23126.832669981544,-117.0
23126.83273247838,-108.0
23126.83279497521,-75.0
23126.83285747204,-58.0
23126.83291996887,-64.0
23126.8329824657,-59.0
23126.833044962535,-77.0
23126.833107459366,-103.0
23126.833169956197,-103.0
23126.833232453027,-135.0
23126.833294949858,-138.0
23126.833357446692,-100.0
23126.833419943523,-71.0
23126.833482440354,-39.0
23126.833544937184,35.0
23126.83360743402,74.0
23126.83366993085,55.0
23126.83373242768,91.0
23126.83379492451,97.0
23126.83385742134,95.0
23126.833919918176,120.0
23126.833982415006,102.0
23126.834044911837,76.0
23126.834107408667,121.0
23126.834169905498,145.0
23126.834232402332,100.0
23126.834294899163,53.0
23126.834357395994,85.0
23126.834419892824,67.0
23126.834482389655,20.0
23126.83454488649,92.0
23126.83460738332,107.0
23126.83466988015,75.0
23126.83473237698,97.0
23126.834794873816,106.0
23126.834857370646,114.0
23126.834919867477,126.0
23126.834982364308,130.0
23126.835044861138,138.0
23126.835107357972,107.0
23126.835169854803,119.0
23126.835232351634,161.0
23126.835294848464,117.0
23126.835357345295,119.0
23126.83541984213,128.0
23126.83548233896,70.0
23126.83554483579,125.0
23126.83560733262,141.0
23126.835669829452,98.0
23126.835732326286,112.0
23126.835794823117,98.0
23126.835857319948,84.0
23126.83591981678,63.0
23126.835982313612,90.0
23126.836044810443,93.0
23126.836107307274,62.0
23126.836169804104,79.0
23126.836232300935,76.0
23126.83629479777,70.0
23126.8363572946,107.0
23126.83641979143,113.0
23126.83648228826,56.0
23126.836544785092,105.0
23126.836607281926,111.0
23126.836669778757,41.0
23126.836732275588,59.0
23126.83679477242,40.0
23126.83685726925,20.0
23126.836919766083,53.0
23126.836982262914,51.0
23126.837044759744,33.0
23126.837107256575,26.0
23126.83716975341,20.0
23126.83723225024,13.0
23126.83729474707,18.0
23126.8373572439,18.0
23126.837419740732,10.0
23126.837482237566,-11.0
23126.837544734397,19.0
23126.837607231228,44.0
23126.83766972806,18.0
23126.83773222489,29.0
23126.837794721723,18.0
23126.837857218554,20.0
23126.837919715384,42.0
23126.837982212215,57.0
23126.838044709046,57.0
23126.83810720588,74.0
23126.83816970271,56.0
23126.83823219954,27.0
23126.838294696372,32.0
23126.838357193206,30.0
23126.838419690037,24.0
23126.838482186868,-27.0
23126.8385446837,15.0
23126.83860718053,47.0
23126.838669677363,4.0
23126.838732174194,-1.0
23126.838794671025,9.0
23126.838857167855,17.0
23126.838919664686,2.0
23126.83898216152,-16.0
23126.83904465835,-24.0
23126.83910715518,1.0
23126.839169652012,-2.0
23126.839232148843,-9.0
23126.839294645677,-14.0
23126.839357142508,-39.0
23126.83941963934,-25.0
23126.83948213617,-49.0
23126.839544633003,-5.0
23126.839607129834,18.0
23126.839669626665,-16.0
23126.839732123495,6.0
23126.839794620326,4.0
23126.83985711716,-4.0
23126.83991961399,-17.0
23126.83998211082,-20.0
23126.840044607652,-12.0
23126.840107104483,11.0
23126.840169601317,-36.0
23126.840232098148,-10.0
23126.84029459498,260.0
23126.84035709181,299.0
23126.84041958864,230.0
23126.840482085474,212.0
23126.840544582305,199.0
23126.840607079135,226.0
23126.840669575966,208.0
23126.8407320728,180.0
23126.84079456963,137.0
23126.84085706646,122.0
23126.840919563292,131.0
23126.840982060123,151.0
23126.841044556957,183.0
23126.841107053788,176.0
23126.84116955062,160.0
23126.84123204745,150.0
23126.84129454428,105.0
23126.841357041114,125.0
23126.841419537945,137.0
23126.841482034775,92.0
23126.841544531606,147.0
23126.841607028437,146.0
23126.84166952527,112.0
23126.8417320221,108.0
23126.841794518932,69.0
23126.841857015763,62.0
23126.841919512597,47.0
23126.841982009428,40.0
23126.84204450626,59.0
23126.84210700309,47.0
23126.84216949992,30.0
23126.842231996754,6.0
23126.842294493585,-16.0
23126.842356990415,-8.0
23126.842419487246,-15.0
23126.842481984077,-25.0
23126.84254448091,73.0
23126.84260697774,92.0
23126.842669474572,56.0
23126.842731971403,67.0
23126.842794468233,63.0
23126.842856965068,68.0
23126.8429194619,42.0
23126.84298195873,60.0
23126.84304445556,82.0
23126.843106952394,61.0
23126.843169449225,77.0
23126.843231946055,73.0
23126.843294442886,54.0
23126.843356939717,35.0
23126.84341943655,6.0
23126.84348193338,-32.0
23126.843544430212,-34.0
23126.843606927043,-52.0
23126.843669423874,-114.0
23126.843731920708,-96.0
23126.84379441754,-108.0
23126.84385691437,-150.0
23126.8439194112,-166.0
23126.84398190803,-181.0
23126.844044404865,-173.0
23126.844106901695,-151.0
23126.844169398526,-160.0
23126.844231895357,-150.0
23126.84429439219,-126.0
23126.84435688902,-145.0
23126.844419385852,-129.0
23126.844481882683,-150.0
23126.844544379514,-141.0
23126.844606876348,-108.0
23126.84466937318,-118.0
23126.84473187001,-112.0
23126.84479436684,-113.0
23126.84485686367,-126.0
23126.844919360505,-147.0
23126.844981857335,-147.0
23126.845044354166,-145.0
23126.845106850997,-179.0
23126.845169347827,-172.0
23126.84523184466,-150.0
23126.845294341492,-149.0
23126.845356838323,-146.0
23126.845419335154,-141.0
23126.845481831988,-179.0
23126.84554432882,-174.0
23126.84560682565,-142.0
23126.84566932248,-147.0
23126.84573181931,-127.0
23126.845794316145,-127.0
23126.845856812975,-96.0
23126.845919309806,-82.0
23126.845981806637,-108.0
23126.846044303467,-89.0
23126.8461068003,-75.0
23126.846169297132,-88.0
23126.846231793963,-104.0
23126.846294290794,-103.0
23126.846356787624,-114.0
23126.84641928446,-127.0
23126.84648178129,-125.0
23126.84654427812,-85.0
23126.84660677495,-108.0
23126.846669271785,-132.0
23126.846731768615,-116.0
23126.846794265446,-111.0
23126.846856762277,-124.0
23126.846919259107,-136.0
23126.84698175594,-106.0
23126.847044252772,-102.0
23126.847106749603,-89.0
23126.847169246434,-93.0
23126.847231743264,-103.0
23126.8472942401,-92.0
23126.84735673693,-87.0
23126.84741923376,-82.0
23126.84748173059,-98.0
23126.84754422742,-81.0
23126.847606724255,-57.0
23126.847669221086,-71.0
23126.847731717917,-101.0
23126.847794214747,-102.0
23126.84785671158,-87.0
23126.847919208412,-96.0
23126.847981705243,-82.0
23126.848044202074,-63.0
23126.848106698904,-67.0
23126.84816919574,-88.0
23126.84823169257,-88.0
23126.8482941894,-92.0
23126.84835668623,-97.0
23126.84841918306,-73.0
23126.848481679895,-111.0
23126.848544176726,-93.0
23126.848606673557,-76.0
23126.848669170387,-104.0
23126.848731667218,-74.0
23126.848794164052,-82.0
23126.848856660883,-73.0
23126.848919157714,-68.0
23126.848981654544,-86.0
23126.84904415138,-80.0
23126.84910664821,-81.0
23126.84916914504,-74.0
23126.84923164187,-77.0
23126.8492941387,-70.0
23126.849356635536,-80.0
23126.849419132366,-90.0
23126.849481629197,-100.0
23126.849544126027,-69.0
23126.849606622858,-59.0
23126.849669119692,-72.0
23126.849731616523,-57.0
23126.849794113354,-46.0
23126.849856610184,-41.0
23126.849919107015,-41.0
23126.84998160385,-39.0
23126.85004410068,-24.0
23126.85010659751,-33.0
23126.85016909434,-26.0
23126.850231591176,-43.0
23126.850294088006,-282.0
23126.850356584837,-382.0
23126.850419081667,-338.0
23126.850481578498,-337.0
23126.850544075332,-252.0
23126.850606572163,-238.0
23126.850669068994,-289.0
23126.850731565824,-274.0
23126.850794062655,-256.0
23126.85085655949,-250.0
23126.85091905632,-233.0
23126.85098155315,-212.0
23126.85104404998,-246.0
23126.851106546812,-289.0
23126.851169043646,-234.0
23126.851231540477,-217.0
23126.851294037308,-215.0
23126.851356534138,-205.0
23126.851419030972,-212.0
23126.851481527803,-248.0
23126.851544024634,-198.0
23126.851606521464,-122.0
23126.851669018295,-166.0
23126.85173151513,-152.0
23126.85179401196,-132.0
23126.85185650879,-117.0
23126.85191900562,-79.0
23126.851981502452,-98.0
23126.852043999286,-115.0
23126.852106496117,-116.0
23126.852168992948,-82.0
23126.85223148978,-26.0
23126.85229398661,8.0
23126.852356483443,6.0
23126.852418980274,-31.0
23126.852481477104,-111.0
23126.852543973935,-134.0
23126.85260647077,-95.0
23126.8526689676,-123.0
23126.85273146443,-135.0
23126.85279396126,-107.0
23126.852856458092,-116.0
23126.852918954926,-133.0
23126.852981451757,-119.0
23126.853043948588,-116.0
23126.85310644542,-96.0
23126.85316894225,-67.0
23126.853231439083,-49.0
23126.853293935914,-80.0
23126.853356432744,-88.0
23126.853418929575,-47.0
23126.853481426406,-44.0
23126.85354392324,11.0
23126.85360642007,72.0
23126.8536689169,77.0
23126.853731413732,69.0
23126.853793910566,58.0
23126.853856407397,68.0
23126.853918904228,52.0
23126.85398140106,54.0
23126.85404389789,95.0
23126.854106394723,133.0
23126.854168891554,150.0
23126.854231388385,155.0
23126.854293885215,128.0
23126.854356382046,103.0
23126.85441887888,76.0
23126.85448137571,31.0
23126.85454387254,78.0
23126.854606369372,105.0
23126.854668866203,76.0
23126.854731363037,86.0
23126.854793859868,112.0
23126.8548563567,132.0
23126.85491885353,142.0
23126.854981350363,151.0
23126.855043847194,175.0
23126.855106344025,182.0
23126.855168840855,161.0
23126.855231337686,155.0
23126.85529383452,146.0
23126.85535633135,135.0
23126.85541882818,155.0
23126.855481325012,130.0
23126.855543821843,170.0
23126.855606318677,202.0
23126.855668815508,156.0
23126.85573131234,155.0
23126.85579380917,149.0
23126.855856306,166.0
23126.855918802834,182.0
23126.855981299665,150.0
23126.856043796495,134.0
23126.856106293326,173.0
23126.85616879016,187.0
23126.85623128699,178.0
23126.85629378382,171.0
23126.856356280652,166.0
23126.856418777483,189.0
23126.856481274317,140.0
23126.856543771148,158.0
23126.85660626798,188.0
23126.85666876481,126.0
23126.85673126164,134.0
23126.856793758474,135.0
23126.856856255305,129.0
23126.856918752135,143.0
23126.856981248966,137.0
23126.857043745797,142.0
23126.85710624263,155.0
23126.85716873946,116.0
23126.857231236292,118.0
23126.857293733123,131.0
23126.857356229957,136.0
23126.857418726788,118.0
23126.85748122362,64.0
23126.85754372045,124.0
23126.85760621728,141.0
23126.857668714114,98.0
23126.857731210945,107.0
23126.857793707775,95.0
23126.857856204606,131.0
23126.857918701437,151.0
23126.85798119827,117.0
23126.8580436951,114.0
23126.858106191932,121.0
23126.858168688763,120.0
23126.858231185593,117.0
23126.858293682428,111.0
23126.85835617926,112.0
23126.85841867609,116.0
23126.85848117292,75.0
23126.858543669754,89.0
23126.858606166585,110.0
23126.858668663415,58.0
23126.858731160246,58.0
23126.858793657077,84.0
23126.85885615391,80.0
23126.85891865074,80.0
23126.858981147572,99.0
23126.859043644403,77.0
23126.859106141233,66.0
23126.859168638068,85.0
23126.8592311349,90.0
23126.85929363173,65.0
23126.85935612856,62.0
23126.85941862539,89.0
23126.859481122225,36.0
23126.859543619055,67.0
23126.859606115886,107.0
23126.859668612717,43.0
23126.85973110955,48.0
23126.85979360638,41.0
23126.859856103212,28.0
23126.859918600043,41.0
23126.859981096874,43.0
23126.860043593708,27.0
23126.86010609054,49.0
23126.86016858737,28.0
23126.8602310842,68.0
23126.86029358103,288.0
23126.860356077865,353.0
23126.860418574695,308.0
23126.860481071526,267.0
23126.860543568357,287.0
23126.860606065187,303.0
23126.86066856202,243.0
23126.860731058852,204.0
23126.860793555683,206.0
23126.860856052514,221.0
23126.860918549348,227.0
23126.86098104618,227.0
23126.86104354301,228.0
23126.86110603984,220.0
23126.86116853667,201.0
23126.861231033505,185.0
23126.861293530335,183.0
23126.861356027166,199.0
23126.861418523997,188.0
23126.861481020827,169.0
23126.86154351766,191.0
23126.861606014492,153.0
23126.861668511323,115.0
23126.861731008154,124.0
23126.861793504984,126.0
23126.86185600182,141.0
23126.86191849865,117.0
23126.86198099548,107.0
23126.86204349231,127.0
23126.862105989145,111.0
23126.862168485975,90.0
23126.862230982806,85.0
23126.862293479637,59.0
23126.862355976467,38.0
23126.8624184733,54.0
23126.862480970132,57.0
23126.862543466963,133.0
23126.862605963794,207.0
23126.862668460624,199.0
23126.86273095746,194.0
23126.86279345429,181.0
23126.86285595112,152.0
23126.86291844795,107.0
23126.86298094478,121.0
23126.863043441615,149.0
23126.863105938446,145.0
23126.863168435277,158.0
23126.863230932107,173.0
23126.86329342894,170.0
23126.863355925772,137.0
23126.863418422603,86.0
23126.863480919434,34.0
23126.863543416264,55.0
23126.8636059131,43.0
23126.86366840993,-2.0
23126.86373090676,0.0
23126.86379340359,-11.0
23126.86385590042,-11.0
23126.863918397255,-20.0
23126.863980894086,-39.0
23126.864043390917,-51.0
23126.864105887747,-60.0
23126.864168384578,-81.0
23126.864230881412,-82.0
23126.864293378243,-65.0
23126.864355875074,-69.0
23126.864418371904,-53.0
23126.86448086874,-52.0
23126.86454336557,0.0
23126.8646058624,0.0
23126.86466835923,-10.0
23126.86473085606,29.0
23126.864793352896,10.0
23126.864855849726,15.0
23126.864918346557,16.0
23126.864980843387,-10.0
23126.865043340218,-44.0
23126.865105837052,-29.0
23126.865168333883,-32.0
23126.865230830714,-64.0
23126.865293327544,-54.0
23126.865355824375,-37.0
23126.86541832121,-38.0
23126.86548081804,-70.0
23126.86554331487,-42.0
23126.8656058117,-24.0
23126.865668308536,-49.0
23126.865730805366,-11.0
23126.865793302197,-7.0
23126.865855799027,-40.0
23126.865918295858,-26.0
23126.865980792692,-22.0
23126.866043289523,-12.0
23126.866105786354,-10.0
23126.866168283184,-19.0
23126.866230780015,-13.0
23126.86629327685,-24.0
23126.86635577368,-39.0
23126.86641827051,-83.0
23126.86648076734,-77.0
23126.866543264172,-17.0
23126.866605761006,-59.0
23126.866668257837,-71.0
23126.866730754668,-54.0
23126.866793251498,-39.0
23126.866855748332,-3.0
23126.866918245163,-8.0
23126.866980741994,8.0
23126.867043238824,16.0
23126.867105735655,27.0
23126.86716823249,39.0
23126.86723072932,10.0
23126.86729322615,15.0
23126.86735572298,18.0
23126.867418219812,26.0
23126.867480716646,5.0
23126.867543213477,9.0
23126.867605710308,46.0
23126.86766820714,28.0
23126.86773070397,23.0
23126.867793200803,-9.0
23126.867855697634,-20.0
23126.867918194464,5.0
23126.867980691295,3.0
23126.86804318813,-9.0
23126.86810568496,-12.0
23126.86816818179,-10.0
23126.86823067862,-10.0
23126.868293175452,-19.0
23126.868355672286,-23.0
23126.868418169117,-15.0
23126.868480665948,-62.0
23126.86854316278,-38.0
23126.86860565961,-22.0
23126.868668156443,-49.0
23126.868730653274,-48.0
23126.868793150104,-41.0
23126.868855646935,-42.0
23126.868918143766,-35.0
23126.8689806406,-34.0
23126.86904313743,-59.0
23126.86910563426,-62.0
23126.869168131092,-59.0
23126.869230627926,-36.0
23126.869293124757,-11.0
23126.869355621588,2.0
23126.86941811842,-2.0
23126.86948061525,-41.0
23126.869543112083,5.0
23126.869605608914,47.0
23126.869668105744,7.0
23126.869730602575,18.0
23126.869793099406,31.0
23126.86985559624,11.0
23126.86991809307,10.0
23126.8699805899,35.0
23126.870043086732,35.0
23126.870105583563,-2.0
23126.870168080397,17.0
23126.870230577228,-18.0
23126.87029307406,-328.0
23126.87035557089,-411.0
23126.870418067723,-310.0
23126.870480564554,-353.0
23126.870543061385,-249.0
23126.870605558215,-186.0
23126.870668055046,-227.0
23126.87073055188,-214.0
23126.87079304871,-247.0
23126.87085554554,-263.0
23126.870918042372,-235.0
23126.870980539203,-190.0
23126.871043036037,-180.0
23126.871105532868,-188.0
23126.8711680297,-211.0
23126.87123052653,-228.0
23126.87129302336,-181.0
23126.871355520194,-168.0
23126.871418017025,-169.0
23126.871480513855,-193.0
23126.871543010686,-170.0
23126.87160550752,-139.0
23126.87166800435,-175.0
23126.87173050118,-122.0
23126.871792998012,-105.0
23126.871855494843,-141.0
23126.871917991677,-134.0
23126.871980488508,-123.0
23126.87204298534,-106.0
23126.87210548217,-62.0
23126.872167979,-55.0
23126.872230475834,-42.0
23126.872292972665,-21.0
23126.872355469495,-16.0
23126.872417966326,16.0
23126.872480463157,-53.0
23126.87254295999,-125.0
23126.87260545682,-132.0
23126.872667953652,-140.0
23126.872730450483,-105.0
23126.872792947317,-105.0
23126.872855444148,-136.0
23126.87291794098,-130.0
23126.87298043781,-106.0
23126.87304293464,-51.0
23126.873105431474,-49.0
23126.873167928305,-108.0
23126.873230425135,-96.0
23126.873292921966,-56.0
23126.873355418797,-26.0
23126.87341791563,1.0
23126.87348041246,-15.0
23126.873542909292,13.0
23126.873605406123,19.0
23126.873667902953,3.0
23126.873730399788,75.0
23126.87379289662,101.0
23126.87385539345,90.0
23126.87391789028,104.0
23126.873980387114,95.0
23126.874042883945,74.0
23126.874105380775,101.0
23126.874167877606,112.0
23126.874230374437,114.0
23126.87429287127,109.0
23126.8743553681,95.0
23126.874417864932,59.0
23126.874480361763,13.0
23126.874542858593,57.0
23126.874605355428,76.0
23126.87466785226,58.0
23126.87473034909,76.0
23126.87479284592,39.0
23126.87485534275,35.0
23126.874917839585,79.0
23126.874980336415,82.0
23126.875042833246,104.0
23126.875105330077,127.0
23126.87516782691,119.0
23126.87523032374,101.0
23126.875292820572,79.0
23126.875355317403,43.0
23126.875417814234,35.0
23126.875480311068,42.0
23126.8755428079,107.0
23126.87560530473,136.0
23126.87566780156,95.0
23126.87573029839,136.0
23126.875792795225,134.0
23126.875855292055,104.0
23126.875917788886,102.0
23126.875980285717,84.0
23126.876042782547,67.0
23126.87610527938,77.0
23126.876167776212,83.0
23126.876230273043,79.0
23126.876292769874,96.0
23126.876355266708,127.0
23126.87641776354,142.0
23126.87648026037,86.0
23126.8765427572,111.0
23126.87660525403,115.0
23126.876667750865,52.0
23126.876730247695,47.0
23126.876792744526,21.0
23126.876855241357,10.0
23126.876917738187,9.0
23126.87698023502,-1.0
23126.877042731852,-8.0
23126.877105228683,-15.0
23126.877167725514,-9.0
23126.877230222344,10.0
23126.87729271918,-14.0
23126.87735521601,-21.0
23126.87741771284,-9.0
23126.87748020967,-20.0
23126.877542706505,25.0
23126.877605203335,58.0
23126.877667700166,31.0
23126.877730196997,36.0
23126.877792693827,24.0
23126.87785519066,-1.0
23126.877917687492,5.0
23126.877980184323,-3.0
23126.878042681154,5.0
23126.878105177984,16.0
23126.87816767482,-11.0
23126.87823017165,-11.0
23126.87829266848,-7.0
23126.87835516531,-22.0
23126.87841766214,19.0
23126.878480158975,-47.0
23126.878542655806,-40.0
23126.878605152637,4.0
23126.878667649467,-60.0
23126.8787301463,-37.0
23126.878792643132,-20.0
23126.878855139963,-34.0
23126.878917636794,-31.0
23126.878980133624,-29.0
23126.87904263046,-39.0
23126.87910512729,-38.0
23126.87916762412,-27.0
23126.87923012095,-20.0
23126.87929261778,-37.0
23126.879355114615,-25.0
23126.879417611446,0.0
23126.879480108277,-30.0
23126.879542605107,-7.0
23126.879605101938,8.0
23126.879667598772,-23.0
23126.879730095603,-27.0
23126.879792592434,-30.0
23126.879855089264,-24.0
23126.8799175861,-32.0
23126.87998008293,-27.0
23126.88004257976,-27.0
23126.88010507659,-19.0
23126.88016757342,-37.0
23126.880230070255,15.0
23126.880292567086,243.0
23126.880355063917,295.0
23126.880417560747,216.0
23126.880480057578,174.0
23126.880542554412,199.0
23126.880605051243,168.0
23126.880667548074,112.0
23126.880730044904,170.0
23126.880792541735,163.0
23126.88085503857,154.0
23126.8809175354,154.0
23126.88098003223,126.0
23126.88104252906,130.0
23126.881105025896,115.0
23126.881167522726,113.0
23126.881230019557,77.0
23126.881292516387,54.0
23126.881355013218,65.0
23126.881417510052,49.0
23126.881480006883,42.0
23126.881542503714,74.0
23126.881605000544,92.0
23126.881667497375,76.0
23126.88172999421,76.0
23126.88179249104,39.0
23126.88185498787,21.0
23126.8819174847,44.0
23126.881979981532,32.0
23126.882042478366,23.0
23126.882104975197,10.0
23126.882167472028,-17.0
23126.882229968858,-44.0
23126.882292465692,-89.0
23126.882354962523,-88.0
23126.882417459354,-45.0
23126.882479956184,-21.0
23126.882542453015,46.0
23126.88260494985,96.0
23126.88266744668,90.0
23126.88272994351,59.0
23126.88279244034,25.0
23126.882854937172,36.0
23126.882917434006,45.0
23126.882979930837,45.0
23126.883042427668,59.0
23126.8831049245,67.0
23126.88316742133,48.0
23126.883229918163,13.0
23126.883292414994,0.0
23126.883354911824,5.0
23126.883417408655,9.0
23126.88347990549,-36.0
23126.88354240232,-35.0
23126.88360489915,-48.0
23126.88366739598,-100.0
23126.883729892812,-88.0
23126.883792389646,-84.0
23126.883854886477,-110.0
23126.883917383308,-123.0
23126.88397988014,-129.0
23126.88404237697,-170.0
23126.884104873803,-180.0
23126.884167370634,-149.0
23126.884229867464,-143.0
23126.884292364295,-116.0
23126.884354861126,-112.0
23126.88441735796,-147.0
23126.88447985479,-168.0
23126.88454235162,-124.0
23126.884604848452,-113.0
23126.884667345286,-116.0
23126.884729842117,-98.0
23126.884792338948,-84.0
23126.88485483578,-101.0
23126.88491733261,-139.0
23126.884979829443,-123.0
23126.885042326274,-159.0
23126.885104823104,-177.0
23126.885167319935,-151.0
23126.885229816766,-150.0
23126.8852923136,-145.0
23126.88535481043,-126.0
23126.88541730726,-129.0
23126.885479804092,-159.0
23126.885542300923,-100.0
23126.885604797757,-74.0
23126.885667294588,-126.0
23126.88572979142,-101.0
23126.88579228825,-101.0
23126.885854785083,-147.0
23126.885917281914,-160.0
23126.885979778745,-134.0
23126.886042275575,-121.0
23126.886104772406,-130.0
23126.88616726924,-108.0
23126.88622976607,-83.0
23126.8862922629,-104.0
23126.886354759732,-88.0
23126.886417256563,-51.0
23126.886479753397,-87.0
23126.886542250228,-43.0
23126.88660474706,-27.0
23126.88666724389,-73.0
23126.88672974072,-50.0
23126.886792237554,-34.0
23126.886854734385,-33.0
23126.886917231215,-64.0
23126.886979728046,-59.0
23126.88704222488,-36.0
23126.88710472171,-30.0
23126.88716721854,-28.0
23126.887229715372,-23.0
23126.887292212203,-43.0
23126.887354709037,-38.0
23126.887417205868,-21.0
23126.8874797027,-55.0
23126.88754219953,-29.0
23126.88760469636,-16.0
23126.887667193194,-32.0
23126.887729690025,-33.0
23126.887792186855,-43.0
23126.887854683686,-38.0
23126.887917180517,-33.0
23126.88797967735,-48.0
23126.88804217418,-48.0
23126.888104671012,-25.0
23126.888167167843,-38.0
23126.888229664677,-39.0
23126.888292161508,-41.0
23126.88835465834,-52.0
23126.88841715517,-45.0
23126.888479652,-54.0
23126.888542148834,-26.0
23126.888604645665,-8.0
23126.888667142495,-19.0
23126.888729639326,-20.0
23126.888792136157,-36.0
23126.88885463299,-15.0
23126.88891712982,-20.0
23126.888979626652,-47.0
23126.889042123483,-26.0
23126.889104620313,-6.0
23126.889167117148,-21.0
23126.88922961398,-24.0
23126.88929211081,-22.0
23126.88935460764,-24.0
23126.889417104474,-30.0
23126.889479601305,-52.0
23126.889542098135,-31.0
23126.889604594966,-30.0
23126.889667091797,-43.0
23126.88972958863,-17.0
23126.88979208546,-27.0
23126.889854582292,-26.0
23126.889917079123,-19.0
23126.889979575953,-37.0
23126.890042072788,-21.0
23126.89010456962,-37.0
23126.89016706645,-27.0
23126.89022956328,-35.0
23126.89029206011,-311.0
23126.890354556945,-378.0
23126.890417053775,-262.0
23126.890479550606,-275.0
23126.890542047437,-218.0
23126.89060454427,-194.0
23126.8906670411,-234.0
23126.890729537932,-206.0
23126.890792034763,-199.0
23126.890854531594,-191.0
23126.890917028428,-192.0
23126.89097952526,-153.0
23126.89104202209,-135.0
23126.89110451892,-176.0
23126.89116701575,-156.0
23126.891229512585,-151.0
23126.891292009415,-166.0
23126.891354506246,-170.0
23126.891417003077,-170.0
23126.891479499907,-181.0
23126.89154199674,-133.0
23126.891604493572,-74.0
23126.891666990403,-92.0
23126.891729487234,-85.0
23126.891791984068,-104.0
23126.8918544809,-128.0
23126.89191697773,-95.0
23126.89197947456,-64.0
23126.89204197139,-47.0
23126.892104468225,9.0
23126.892166965055,38.0
23126.892229461886,21.0
23126.892291958717,37.0
23126.892354455547,44.0
23126.89241695238,36.0
23126.892479449212,-17.0
23126.892541946043,-40.0
23126.892604442874,-62.0
23126.892666939704,-95.0
23126.89272943654,-83.0
23126.89279193337,-66.0
23126.8928544302,-25.0
23126.89291692703,-16.0
23126.892979423865,-37.0
23126.893041920695,-81.0
23126.893104417526,-77.0
23126.893166914357,-21.0
23126.893229411187,-13.0
23126.89329190802,-21.0
23126.893354404852,-18.0
23126.893416901683,-23.0
23126.893479398514,-2.0
23126.893541895344,117.0
23126.89360439218,155.0
23126.89366688901,86.0
23126.89372938584,86.0
23126.89379188267,110.0
23126.8938543795,144.0
23126.893916876335,154.0
23126.893979373166,156.0
23126.894041869997,112.0
23126.894104366827,117.0
23126.89416686366,168.0
23126.894229360492,145.0
23126.894291857323,109.0
23126.894354354154,124.0
23126.894416850984,105.0
23126.89447934782,71.0
23126.89454184465,136.0
23126.89460434148,165.0
23126.89466683831,118.0
23126.89472933514,94.0
23126.894791831975,125.0
23126.894854328806,137.0
23126.894916825637,154.0
23126.894979322467,187.0
23126.895041819298,157.0
23126.895104316132,151.0
23126.895166812963,185.0
23126.895229309794,202.0
23126.895291806624,188.0
23126.89535430346,183.0
23126.89541680029,165.0
23126.89547929712,128.0
23126.89554179395,181.0
23126.89560429078,221.0
23126.895666787615,209.0
23126.895729284446,207.0
23126.895791781277,154.0
23126.895854278107,124.0
23126.895916774938,127.0
23126.895979271772,154.0
23126.896041768603,182.0
23126.896104265434,165.0
23126.896166762264,177.0
23126.896229259095,191.0
23126.89629175593,168.0
23126.89635425276,141.0
23126.89641674959,170.0
23126.89647924642,166.0
23126.896541743256,192.0
23126.896604240086,189.0
23126.896666736917,147.0
23126.896729233747,170.0
23126.896791730578,145.0
23126.896854227412,131.0
23126.896916724243,125.0
23126.896979221074,128.0
23126.897041717904,126.0
23126.897104214735,122.0
23126.89716671157,149.0
23126.8972292084,162.0
23126.89729170523,163.0
23126.89735420206,156.0
23126.897416698892,149.0
23126.897479195726,129.0
23126.897541692557,149.0
23126.897604189387,180.0
23126.897666686218,164.0
23126.897729183052,160.0
23126.897791679883,168.0
23126.897854176714,164.0
23126.897916673544,146.0
23126.897979170375,165.0
23126.89804166721,168.0
23126.89810416404,137.0
23126.89816666087,134.0
23126.8982291577,133.0
23126.898291654532,135.0
23126.898354151366,148.0
23126.898416648197,136.0
23126.898479145028,109.0
23126.898541641858,148.0
23126.89860413869,126.0
23126.898666635523,53.0
23126.898729132354,61.0
23126.898791629184,98.0
23126.898854126015,111.0
23126.89891662285,116.0
23126.89897911968,102.0
23126.89904161651,88.0
23126.89910411334,118.0
23126.899166610172,97.0
23126.899229107006,106.0
23126.899291603837,124.0
23126.899354100668,95.0
23126.8994165975,77.0
23126.89947909433,50.0
23126.899541591163,104.0
23126.899604087994,132.0
23126.899666584824,87.0
23126.899729081655,97.0
23126.899791578486,82.0
23126.89985407532,68.0
23126.89991657215,79.0
23126.89997906898,70.0
23126.900041565812,56.0
23126.900104062646,84.0
23126.900166559477,34.0
23126.900229056308,84.0
23126.90029155314,335.0
23126.90035404997,343.0
23126.900416546803,283.0
23126.900479043634,264.0
23126.900541540464,259.0
23126.900604037295,275.0
23126.900666534126,247.0
23126.90072903096,231.0
23126.90079152779,222.0
23126.90085402462,221.0
23126.900916521452,213.0
23126.900979018283,183.0
23126.901041515117,210.0
23126.901104011948,247.0
23126.90116650878,245.0
23126.90122900561,237.0
23126.901291502443,224.0
23126.901353999274,218.0
23126.901416496105,209.0
23126.901478992935,177.0
23126.901541489766,189.0
23126.9016039866,210.0
23126.90166648343,182.0
23126.90172898026,185.0
23126.901791477092,169.0
23126.901853973923,174.0
23126.901916470757,161.0
23126.901978967588,138.0
23126.90204146442,148.0
23126.90210396125,130.0
23126.90216645808,93.0
23126.902228954914,66.0
23126.902291451745,49.0
23126.902353948575,53.0
23126.902416445406,79.0
23126.90247894224,91.0
23126.90254143907,174.0
23126.9026039359,205.0
23126.902666432732,184.0
23126.902728929563,193.0
23126.902791426397,155.0
23126.902853923228,122.0
23126.90291642006,130.0
23126.90297891689,159.0
23126.90304141372,160.0
23126.903103910554,147.0
23126.903166407385,154.0
23126.903228904215,143.0
23126.903291401046,105.0
23126.903353897877,103.0
23126.90341639471,92.0
23126.90347889154,28.0
23126.903541388372,55.0
23126.903603885203,42.0
23126.903666382037,-29.0
23126.903728878868,5.0
23126.9037913757,-6.0
23126.90385387253,-62.0
23126.90391636936,-71.0
23126.903978866194,-88.0
23126.904041363025,-106.0
23126.904103859855,-51.0
23126.904166356686,-45.0
23126.904228853517,-76.0
23126.90429135035,-67.0
23126.90435384718,-104.0
23126.904416344012,-98.0
23126.904478840843,-95.0
23126.904541337673,-64.0
23126.904603834508,-35.0
23126.90466633134,-69.0
23126.90472882817,-116.0
23126.904791325,-116.0
23126.904853821834,-103.0
23126.904916318665,-96.0
23126.904978815495,-85.0
23126.905041312326,-125.0
23126.905103809157,-159.0
23126.90516630599,-135.0
23126.90522880282,-108.0
23126.905291299652,-121.0
23126.905353796483,-126.0
23126.905416293313,-102.0
23126.905478790148,-125.0
23126.90554128698,-122.0
23126.90560378381,-98.0
23126.90566628064,-103.0
23126.90572877747,-112.0
23126.905791274305,-108.0
23126.905853771135,-73.0
23126.905916267966,-94.0
23126.905978764797,-109.0
23126.90604126163,-119.0
23126.90610375846,-131.0
23126.906166255292,-135.0
23126.906228752123,-131.0
23126.906291248953,-134.0
23126.906353745788,-128.0
23126.90641624262,-103.0
23126.90647873945,-147.0
23126.90654123628,-117.0
23126.90660373311,-112.0
23126.906666229945,-151.0
23126.906728726775,-123.0
23126.906791223606,-115.0
23126.906853720437,-120.0
23126.906916217267,-91.0
23126.9069787141,-74.0
23126.907041210932,-91.0
23126.907103707763,-97.0
23126.907166204594,-97.0
23126.907228701428,-97.0
23126.90729119826,-104.0
23126.90735369509,-133.0
23126.90741619192,-129.0
23126.90747868875,-124.0
23126.907541185585,-92.0
23126.907603682415,-64.0
23126.907666179246,-86.0
23126.907728676077,-73.0
23126.907791172907,-71.0
23126.90785366974,-87.0
23126.907916166572,-90.0
23126.907978663403,-109.0
23126.908041160234,-115.0
23126.908103657064,-94.0
23126.9081661539,-105.0
23126.90822865073,-106.0
23126.90829114756,-99.0
23126.90835364439,-93.0
23126.908416141225,-103.0
23126.908478638055,-122.0
23126.908541134886,-95.0
23126.908603631717,-76.0
23126.908666128547,-80.0
23126.90872862538,-73.0
23126.908791122212,-92.0
23126.908853619043,-101.0
23126.908916115874,-120.0
23126.908978612704,-110.0
23126.90904110954,-83.0
23126.90910360637,-104.0
23126.9091661032,-88.0
23126.90922860003,-76.0
23126.90929109686,-74.0
23126.909353593695,-60.0
23126.909416090526,-74.0
23126.909478587357,-98.0
23126.909541084187,-73.0
23126.90960358102,-69.0
23126.909666077852,-86.0
23126.909728574683,-59.0
23126.909791071514,-57.0
23126.909853568344,-58.0
23126.90991606518,-46.0
23126.90997856201,-55.0
23126.91004105884,-52.0
23126.91010355567,-61.0
23126.9101660525,-47.0
23126.910228549335,-70.0
23126.910291046166,-293.0
23126.910353542997,-381.0
23126.910416039827,-342.0
23126.910478536658,-358.0
23126.910541033492,-308.0
23126.910603530323,-325.0
23126.910666027154,-324.0
23126.910728523984,-247.0
23126.91079102082,-318.0
23126.91085351765,-308.0
23126.91091601448,-275.0
23126.91097851131,-291.0
23126.91104100814,-271.0
23126.911103504975,-263.0
23126.911166001806,-243.0
23126.911228498637,-259.0
23126.911290995467,-248.0
23126.911353492298,-234.0
23126.911415989132,-226.0
23126.911478485963,-256.0
23126.911540982794,-249.0
23126.911603479624,-195.0
23126.911665976455,-213.0
23126.91172847329,-224.0
23126.91179097012,-195.0
23126.91185346695,-195.0
23126.91191596378,-176.0
23126.911978460616,-129.0
23126.912040957446,-151.0
23126.912103454277,-135.0
23126.912165951107,-76.0
23126.912228447938,-80.0
23126.912290944772,-93.0
23126.912353441603,-101.0
23126.912415938434,-110.0
23126.912478435264,-162.0
23126.912540932095,-163.0
23126.91260342893,-116.0
23126.91266592576,-170.0
23126.91272842259,-202.0
23126.91279091942,-173.0
23126.912853416252,-180.0
23126.912915913086,-185.0
23126.912978409917,-161.0
23126.913040906747,-138.0
23126.913103403578,-127.0
23126.913165900412,-132.0
23126.913228397243,-127.0
23126.913290894074,-133.0
23126.913353390904,-144.0
23126.913415887735,-124.0
23126.91347838457,-78.0
23126.9135408814,-23.0
23126.91360337823,32.0
23126.91366587506,26.0
23126.913728371892,21.0
23126.913790868726,20.0
23126.913853365557,47.0
23126.913915862388,87.0
23126.913978359218,88.0
23126.91404085605,109.0
23126.914103352883,92.0
23126.914165849714,46.0
23126.914228346544,59.0
23126.914290843375,67.0
23126.91435334021,81.0
23126.91441583704,87.0
23126.91447833387,60.0
23126.9145408307,48.0
23126.914603327532,50.0
23126.914665824366,32.0
23126.914728321197,56.0
23126.914790818028,60.0
23126.91485331486,42.0
23126.91491581169,46.0
23126.914978308523,50.0
23126.915040805354,87.0
23126.915103302184,115.0
23126.915165799015,84.0
23126.915228295846,61.0
23126.91529079268,76.0
23126.91535328951,91.0
23126.91541578634,99.0
23126.915478283172,57.0
23126.915540780006,47.0
23126.915603276837,78.0
23126.915665773668,69.0
23126.9157282705,87.0
23126.91579076733,82.0
23126.915853264163,38.0
23126.915915760994,37.0
23126.915978257824,56.0
23126.916040754655,82.0
23126.916103251486,81.0
23126.91616574832,32.0
23126.91622824515,13.0
23126.91629074198,35.0
23126.916353238812,54.0
23126.916415735643,75.0
23126.916478232477,30.0
23126.916540729308,2.0
23126.91660322614,14.0
23126.91666572297,7.0
23126.916728219803,35.0
23126.916790716634,51.0
23126.916853213464,38.0
23126.916915710295,19.0
23126.916978207126,15.0
23126.91704070396,16.0
23126.91710320079,-2.0
23126.91716569762,-26.0
23126.917228194452,-27.0
23126.917290691283,-8.0
23126.917353188117,-5.0
23126.917415684948,11.0
23126.91747818178,-9.0
23126.91754067861,20.0
23126.91760317544,67.0
23126.917665672274,16.0
23126.917728169105,0.0
23126.917790665935,27.0
23126.917853162766,17.0
23126.9179156596,13.0
23126.91797815643,-2.0
23126.91804065326,-23.0
23126.918103150092,20.0
23126.918165646923,23.0
23126.918228143757,-8.0
23126.918290640588,-23.0
23126.91835313742,-5.0
23126.91841563425,4.0
23126.91847813108,-35.0
23126.918540627914,11.0
23126.918603124745,42.0
23126.918665621575,24.0
23126.918728118406,34.0
23126.918790615237,27.0
23126.91885311207,21.0
23126.9189156089,15.0
23126.918978105732,1.0
23126.919040602563,-2.0
23126.919103099397,-3.0
23126.919165596228,-9.0
23126.91922809306,6.0
23126.91929058989,9.0
23126.91935308672,33.0
23126.919415583554,42.0
23126.919478080385,-7.0
23126.919540577215,15.0
23126.919603074046,35.0
23126.919665570877,0.0
23126.91972806771,15.0
23126.91979056454,-1.0
23126.919853061372,-19.0
23126.919915558203,9.0
23126.919978055033,22.0
23126.920040551868,0.0
23126.9201030487,-2.0
23126.92016554553,-25.0
23126.92022804236,65.0
23126.920290539194,316.0
23126.920353036025,324.0
23126.920415532855,260.0
23126.920478029686,229.0
23126.920540526517,232.0
23126.92060302335,246.0
23126.92066552018,218.0
23126.920728017012,214.0
23126.920790513843,190.0
23126.920853010673,203.0
23126.920915507508,220.0
23126.92097800434,167.0
23126.92104050117,191.0
23126.921102998,186.0
23126.92116549483,138.0
23126.921227991665,153.0
23126.921290488495,154.0
23126.921352985326,153.0
23126.921415482157,144.0
23126.92147797899,108.0
23126.92154047582,125.0
23126.921602972652,146.0
23126.921665469483,113.0
23126.921727966313,108.0
23126.921790463148,97.0
23126.92185295998,94.0
23126.92191545681,81.0
23126.92197795364,77.0
23126.92204045047,85.0
23126.922102947305,27.0
23126.922165444135,15.0
23126.922227940966,31.0
23126.922290437797,-14.0
23126.922352934627,-3.0
23126.92241543146,21.0
23126.922477928292,12.0
23126.922540425123,80.0
23126.922602921954,136.0
23126.922665418788,135.0
23126.92272791562,147.0
23126.92279041245,128.0
23126.92285290928,136.0
23126.92291540611,158.0
23126.922977902945,144.0
23126.923040399775,137.0
23126.923102896606,140.0
23126.923165393437,130.0
23126.923227890267,135.0
23126.9232903871,118.0
23126.923352883932,77.0
23126.923415380763,66.0
23126.923477877594,1.0
23126.923540374424,-27.0
23126.92360287126,-26.0
23126.92366536809,-48.0
23126.92372786492,-61.0
23126.92379036175,-70.0
23126.923852858585,-44.0
23126.923915355415,-38.0
23126.923977852246,-38.0
23126.924040349077,-37.0
23126.924102845907,-32.0
23126.92416534274,-52.0
23126.924227839572,-87.0
23126.924290336403,-88.0
23126.924352833234,-94.0
23126.924415330064,-85.0
23126.9244778269,-96.0
23126.92454032373,-59.0
23126.92460282056,-11.0
23126.92466531739,-47.0
23126.92472781422,-41.0
23126.924790311055,-36.0
23126.924852807886,-71.0
23126.924915304717,-98.0
23126.924977801547,-101.0
23126.92504029838,-80.0
23126.925102795212,-64.0
23126.925165292043,-69.0
23126.925227788874,-70.0
23126.925290285704,-81.0
23126.92535278254,-103.0
23126.92541527937,-102.0
23126.9254777762,-125.0
23126.92554027303,-92.0
23126.92560276986,-42.0
23126.925665266695,-77.0
23126.925727763526,-59.0
23126.925790260357,-47.0
23126.925852757187,-60.0
23126.925915254018,-59.0
23126.925977750852,-75.0
23126.926040247683,-61.0
23126.926102744514,-33.0
23126.926165241344,-53.0
23126.92622773818,-71.0
23126.92629023501,-61.0
23126.92635273184,-70.0
23126.92641522867,-66.0
23126.9264777255,-65.0
23126.926540222335,-52.0
23126.926602719166,-45.0
23126.926665215997,-68.0
23126.926727712827,-58.0
23126.926790209658,-44.0
23126.926852706492,-50.0
23126.926915203323,-62.0
23126.926977700154,-52.0
23126.927040196984,-43.0
23126.927102693815,-41.0
23126.92716519065,-30.0
23126.92722768748,-32.0
23126.92729018431,-47.0
23126.92735268114,-27.0
23126.927415177975,-11.0
23126.927477674806,-55.0
23126.927540171637,-60.0
23126.927602668467,-47.0
23126.927665165298,-61.0
23126.927727662132,-66.0
23126.927790158963,-51.0
23126.927852655794,-34.0
23126.927915152624,-55.0
23126.927977649455,-45.0
23126.92804014629,-32.0
23126.92810264312,-53.0
23126.92816513995,-42.0
23126.92822763678,-39.0
23126.928290133612,-55.0
23126.928352630446,-61.0
23126.928415127277,-56.0
23126.928477624107,-76.0
23126.928540120938,-79.0
23126.928602617772,-61.0
23126.928665114603,-73.0
23126.928727611434,-71.0
23126.928790108264,-51.0
23126.928852605095,-31.0
23126.92891510193,-43.0
23126.92897759876,-62.0
23126.92904009559,-72.0
23126.92910259242,-71.0
23126.929165089252,-57.0
23126.929227586086,-41.0
23126.929290082917,-38.0
23126.929352579748,-41.0
23126.929415076578,-14.0
23126.92947757341,-31.0
23126.929540070243,-25.0
23126.929602567074,-13.0
23126.929665063904,-61.0
23126.929727560735,-37.0
23126.92979005757,-7.0
23126.9298525544,-20.0
23126.92991505123,-17.0
23126.92997754806,-23.0
23126.930040044892,-40.0
23126.930102541726,-51.0
23126.930165038557,2.0
23126.930227535388,-64.0
23126.93029003222,-315.0
23126.93035252905,-346.0
23126.930415025883,-307.0
23126.930477522714,-326.0
23126.930540019544,-266.0
23126.930602516375,-237.0
23126.930665013206,-239.0
23126.93072751004,-224.0
23126.93079000687,-225.0
23126.9308525037,-223.0
23126.930915000532,-233.0
23126.930977497366,-217.0
23126.931039994197,-241.0
23126.931102491028,-231.0
23126.93116498786,-194.0
23126.93122748469,-188.0
23126.931289981523,-201.0
23126.931352478354,-195.0
23126.931414975184,-156.0
23126.931477472015,-192.0
23126.931539968846,-150.0
23126.93160246568,-115.0
23126.93166496251,-162.0
23126.93172745934,-136.0
23126.931789956172,-103.0
23126.931852453003,-104.0
23126.931914949837,-131.0
23126.931977446668,-139.0
23126.9320399435,-137.0
23126.93210244033,-128.0
23126.932164937163,-88.0
23126.932227433994,-62.0
23126.932289930824,-77.0
23126.932352427655,-81.0
23126.932414924486,-72.0
23126.93247742132,-115.0
23126.93253991815,-99.0
23126.93260241498,-98.0
23126.932664911812,-133.0
23126.932727408643,-109.0
23126.932789905477,-106.0
23126.932852402308,-97.0
23126.93291489914,-78.0
23126.93297739597,-91.0
23126.9330398928,-103.0
23126.933102389634,-97.0
23126.933164886465,-137.0
23126.933227383295,-140.0
23126.933289880126,-94.0
23126.93335237696,-53.0
23126.93341487379,-28.0
23126.93347737062,-43.0
23126.933539867452,0.0
23126.933602364283,33.0
23126.933664861117,5.0
23126.933727357948,52.0
23126.93378985478,50.0
23126.93385235161,38.0
23126.93391484844,72.0
23126.933977345274,60.0
23126.934039842105,71.0
23126.934102338935,119.0
23126.934164835766,120.0
23126.934227332596,100.0
23126.93428982943,109.0
23126.93435232626,113.0
23126.934414823092,48.0
23126.934477319923,23.0
23126.934539816757,92.0
23126.934602313588,106.0
23126.93466481042,87.0
23126.93472730725,120.0
23126.93478980408,94.0
23126.934852300914,46.0
23126.934914797745,90.0
23126.934977294575,113.0
23126.935039791406,120.0
23126.935102288237,137.0
23126.93516478507,121.0
23126.9352272819,96.0
23126.935289778732,68.0
23126.935352275563,60.0
23126.935414772393,83.0
23126.935477269228,88.0
23126.93553976606,126.0
23126.93560226289,131.0
23126.93566475972,69.0
23126.935727256554,54.0
23126.935789753385,88.0
23126.935852250215,92.0
23126.935914747046,87.0
23126.935977243877,109.0
23126.93603974071,53.0
23126.93610223754,34.0
23126.936164734372,96.0
23126.936227231203,104.0
23126.936289728033,104.0
23126.936352224868,77.0
23126.9364147217,24.0
23126.93647721853,-20.0
23126.93653971536,24.0
23126.93660221219,91.0
23126.936664709025,36.0
23126.936727205855,2.0
23126.936789702686,1.0
23126.936852199517,-18.0
23126.93691469635,1.0
23126.93697719318,17.0
23126.937039690012,9.0
23126.937102186843,13.0
23126.937164683673,6.0
23126.937227180508,1.0
23126.93728967734,-19.0
23126.93735217417,-30.0
23126.937414671,-14.0
23126.93747716783,-62.0
23126.937539664665,-27.0
23126.937602161495,16.0
23126.937664658326,-25.0
23126.937727155157,-33.0
23126.937789651987,-49.0
23126.93785214882,-15.0
23126.937914645652,-8.0
23126.937977142483,-30.0
23126.938039639314,-4.0
23126.938102136148,-9.0
23126.93816463298,-36.0
23126.93822712981,-32.0
23126.93828962664,-42.0
23126.93835212347,-23.0
23126.938414620305,7.0
23126.938477117135,-55.0
23126.938539613966,-64.0
23126.938602110797,-32.0
23126.938664607627,-52.0
23126.93872710446,-39.0
23126.938789601292,-18.0
23126.938852098123,-16.0
23126.938914594954,-9.0
23126.938977091784,-14.0
23126.93903958862,-15.0
23126.93910208545,-11.0
23126.93916458228,17.0
23126.93922707911,11.0
23126.939289575945,-18.0
23126.939352072775,-17.0
23126.939414569606,-11.0
23126.939477066437,-17.0
23126.939539563267,-11.0
23126.9396020601,17.0
23126.939664556932,11.0
23126.939727053763,9.0
23126.939789550594,-2.0
23126.939852047424,-7.0
23126.93991454426,-7.0
23126.93997704109,-21.0
23126.94003953792,-25.0
23126.94010203475,13.0
23126.94016453158,-13.0
23126.940227028415,78.0
23126.940289525246,307.0
23126.940352022077,287.0
23126.940414518907,238.0
23126.94047701574,166.0
23126.940539512572,154.0
23126.940602009403,223.0
23126.940664506234,214.0
23126.940727003064,223.0
23126.9407894999,232.0
23126.94085199673,208.0
23126.94091449356,205.0
23126.94097699039,192.0
23126.94103948722,184.0
23126.941101984055,178.0
23126.941164480886,158.0
23126.941226977717,141.0
23126.941289474547,121.0
23126.941351971378,144.0
23126.941414468212,158.0
23126.941476965043,108.0
23126.941539461874,125.0
23126.941601958704,159.0
23126.94166445554,132.0
23126.94172695237,127.0
23126.9417894492,125.0
23126.94185194603,130.0
23126.94191444286,109.0
23126.941976939695,94.0
23126.942039436526,90.0
23126.942101933357,72.0
23126.942164430187,19.0
23126.942226927018,-9.0
23126.942289423852,-7.0
23126.942351920683,-7.0
23126.942414417514,32.0
23126.942476914344,29.0
23126.942539411175,65.0
23126.94260190801,131.0
23126.94266440484,114.0
23126.94272690167,114.0
23126.9427893985,98.0
23126.942851895335,89.0
23126.942914392166,82.0
23126.942976888997,85.0
23126.943039385827,96.0
23126.943101882658,101.0
23126.943164379492,109.0
23126.943226876323,89.0
23126.943289373154,71.0
23126.943351869984,66.0
23126.943414366815,29.0
23126.94347686365,-10.0
23126.94353936048,31.0
23126.94360185731,15.0
23126.94366435414,-55.0
23126.943726850972,-54.0
23126.943789347806,-62.0
23126.943851844637,-81.0
23126.943914341467,-94.0
23126.943976838298,-108.0
23126.944039335132,-124.0
23126.944101831963,-99.0
23126.944164328794,-97.0
23126.944226825624,-120.0
23126.944289322455,-116.0
23126.94435181929,-75.0
23126.94441431612,-52.0
23126.94447681295,-93.0
23126.94453930978,-52.0
23126.944601806612,-17.0
23126.944664303446,-64.0
23126.944726800277,-47.0
23126.944789297107,-77.0
23126.944851793938,-101.0
23126.94491429077,-76.0
23126.944976787603,-99.0
23126.945039284434,-146.0
23126.945101781264,-148.0
23126.945164278095,-128.0
23126.94522677493,-132.0
23126.94528927176,-131.0
23126.94535176859,-123.0
23126.94541426542,-118.0
23126.945476762252,-156.0
23126.945539259086,-140.0
23126.945601755917,-107.0
23126.945664252748,-114.0
23126.945726749578,-93.0
23126.94578924641,-87.0
23126.945851743243,-105.0
23126.945914240074,-143.0
23126.945976736904,-139.0
23126.946039233735,-121.0
23126.946101730566,-141.0
23126.9461642274,-97.0
23126.94622672423,-80.0
23126.94628922106,-99.0
23126.946351717892,-78.0
23126.946414214726,-91.0
23126.946476711557,-131.0
23126.946539208388,-104.0
23126.94660170522,-49.0
23126.94666420205,-48.0
23126.946726698883,-54.0
23126.946789195714,-67.0
23126.946851692544,-62.0
23126.946914189375,-45.0
23126.946976686206,-48.0
23126.94703918304,-51.0
23126.94710167987,-64.0
23126.9471641767,-65.0
23126.947226673532,-55.0
23126.947289170363,-52.0
23126.947351667197,-51.0
23126.947414164028,-72.0
23126.94747666086,-86.0
23126.94753915769,-56.0
23126.947601654523,-55.0
23126.947664151354,-66.0
23126.947726648184,-63.0
23126.947789145015,-70.0
23126.947851641846,-51.0
23126.94791413868,-49.0
23126.94797663551,-55.0
23126.94803913234,-68.0
23126.948101629172,-74.0
23126.948164126003,-75.0
23126.948226622837,-74.0
23126.948289119668,-48.0
23126.9483516165,-47.0
23126.94841411333,-54.0
23126.94847661016,-63.0
23126.948539106994,-62.0
23126.948601603824,-35.0
23126.948664100655,-27.0
23126.948726597486,-50.0
23126.94878909432,-50.0
23126.94885159115,-49.0
23126.94891408798,-45.0
23126.948976584812,-37.0
23126.949039081643,-41.0
23126.949101578477,-30.0
23126.949164075308,-27.0
23126.94922657214,-42.0
23126.94928906897,-44.0
23126.9493515658,-40.0
23126.949414062634,-44.0
23126.949476559465,-54.0
23126.949539056295,-32.0
23126.949601553126,1.0
23126.949664049956,-6.0
23126.94972654679,-5.0
23126.94978904362,-7.0
23126.949851540452,0.0
23126.949914037283,-2.0
23126.949976534117,-19.0
23126.950039030948,-13.0
23126.95010152778,-7.0
23126.95016402461,26.0
23126.95022652144,-50.0
23126.950289018274,-316.0
23126.950351515105,-343.0
23126.950414011935,-271.0
23126.950476508766,-290.0
23126.950539005597,-240.0
23126.95060150243,-233.0
23126.95066399926,-244.0
23126.950726496092,-244.0
23126.950788992923,-271.0
23126.950851489753,-257.0
23126.950913986588,-234.0
23126.95097648342,-208.0
23126.95103898025,-217.0
23126.95110147708,-215.0
23126.951163973914,-197.0
23126.951226470745,-175.0
23126.951288967575,-146.0
23126.951351464406,-163.0
23126.951413961237,-138.0
23126.95147645807,-115.0
23126.9515389549,-99.0
23126.951601451732,-69.0
23126.951663948563,-78.0
23126.951726445393,-69.0
23126.951788942228,-74.0
23126.95185143906,-77.0
23126.95191393589,-56.0
23126.95197643272,-65.0
23126.95203892955,-54.0
23126.952101426385,0.0
23126.952163923215,19.0
23126.952226420046,38.0
23126.952288916877,80.0
23126.95235141371,66.0
23126.95241391054,10.0
23126.952476407372,-57.0
23126.952538904203,-63.0
23126.952601401033,-64.0
23126.952663897864,-103.0
23126.9527263947,-93.0
23126.95278889153,-79.0
23126.95285138836,-79.0
23126.95291388519,-86.0
23126.952976382025,-92.0
23126.953038878855,-106.0
23126.953101375686,-96.0
23126.953163872517,-66.0
23126.953226369347,-83.0
23126.95328886618,-79.0
23126.953351363012,-43.0
23126.953413859843,-31.0
23126.953476356673,-55.0
23126.953538853508,-8.0
23126.95360135034,52.0
23126.95366384717,38.0
23126.953726344,47.0
23126.95378884083,96.0
23126.95385133766,122.0
23126.953913834495,122.0
23126.953976331326,136.0
23126.954038828157,137.0
23126.954101324987,142.0
23126.95416382182,170.0
23126.954226318652,153.0
23126.954288815483,121.0
23126.954351312314,125.0
23126.954413809144,131.0
23126.95447630598,59.0
23126.95453880281,74.0
23126.95460129964,129.0
23126.95466379647,79.0
23126.954726293305,69.0
23126.954788790135,102.0
23126.954851286966,133.0
23126.954913783797,135.0
23126.954976280627,159.0
23126.955038777458,184.0
23126.955101274292,163.0
23126.955163771123,146.0
23126.955226267954,139.0
23126.955288764784,127.0
23126.95535126162,135.0
23126.95541375845,148.0
23126.95547625528,124.0
23126.95553875211,174.0
23126.95560124894,211.0
23126.955663745775,148.0
23126.955726242606,114.0
23126.955788739437,107.0
23126.955851236267,91.0
23126.9559137331,74.0
23126.955976229932,106.0
23126.956038726763,147.0
23126.956101223594,137.0
23126.956163720424,116.0
23126.956226217255,127.0
23126.95628871409,110.0
23126.95635121092,102.0
23126.95641370775,116.0
23126.95647620458,96.0
23126.956538701415,128.0
23126.956601198246,137.0
23126.956663695077,93.0
23126.956726191907,83.0
23126.956788688738,68.0
23126.956851185572,78.0
23126.956913682403,97.0
23126.956976179234,107.0
23126.957038676064,91.0
23126.9571011729,82.0
23126.95716366973,94.0
23126.95722616656,86.0
23126.95728866339,81.0
23126.95735116022,95.0
23126.95741365705,112.0
23126.957476153886,58.0
23126.957538650717,89.0
23126.957601147547,135.0
23126.957663644378,74.0
23126.957726141212,74.0
23126.957788638043,81.0
23126.957851134874,74.0
23126.957913631704,93.0
23126.957976128535,91.0
23126.95803862537,71.0
23126.9581011222,87.0
23126.95816361903,85.0
23126.95822611586,59.0
23126.958288612695,51.0
23126.958351109526,63.0
23126.958413606357,82.0
23126.958476103187,17.0
23126.958538600018,33.0
23126.95860109685,49.0
23126.958663593683,11.0
23126.958726090514,44.0
23126.958788587344,60.0
23126.958851084175,51.0
23126.95891358101,33.0
23126.95897607784,44.0
23126.95903857467,41.0
23126.9591010715,48.0
23126.959163568332,45.0
23126.959226065166,37.0
23126.959288561997,20.0
23126.959351058827,12.0
23126.959413555658,39.0
23126.959476052492,4.0
23126.959538549323,19.0
23126.959601046154,51.0
23126.959663542984,26.0
23126.959726039815,34.0
23126.959788536646,25.0
23126.95985103348,30.0
23126.95991353031,24.0
23126.95997602714,24.0
23126.960038523972,21.0
23126.960101020806,48.0
23126.960163517637,9.0
23126.960226014467,69.0
23126.960288511298,293.0
23126.96035100813,288.0
23126.960413504963,267.0
23126.960476001794,281.0
23126.960538498624,300.0
23126.960600995455,278.0
23126.96066349229,188.0
23126.96072598912,170.0
23126.96078848595,185.0
23126.96085098278,218.0
23126.960913479612,250.0
23126.960975976443,229.0
23126.961038473277,223.0
23126.961100970108,228.0
23126.961163466938,215.0
23126.96122596377,201.0
23126.961288460603,183.0
23126.961350957434,187.0
23126.961413454264,204.0
23126.961475951095,169.0
23126.961538447926,177.0
23126.96160094476,173.0
23126.96166344159,118.0
23126.96172593842,108.0
23126.961788435252,99.0
23126.961850932086,132.0
23126.961913428917,154.0
23126.961975925748,144.0
23126.96203842258,108.0
23126.96210091941,111.0
23126.96216341624,100.0
23126.962225913074,32.0
23126.962288409904,9.0
23126.962350906735,23.0
23126.962413403566,29.0
23126.9624759004,36.0
23126.96253839723,110.0
23126.96260089406,146.0
23126.962663390892,138.0
23126.962725887723,166.0
23126.962788384557,152.0
23126.962850881388,147.0
23126.96291337822,155.0
23126.96297587505,149.0
23126.963038371883,140.0
23126.963100868714,111.0
23126.963163365544,114.0
23126.963225862375,116.0
23126.963288359206,55.0
23126.963350856036,34.0
23126.96341335287,22.0
23126.9634758497,-34.0
23126.963538346532,-22.0
23126.963600843363,-12.0
23126.963663340197,-73.0
23126.963725837028,-98.0
23126.96378833386,-95.0
23126.96385083069,-96.0
23126.96391332752,-88.0
23126.963975824354,-85.0
23126.964038321184,-102.0
23126.964100818015,-92.0
23126.964163314846,-86.0
23126.96422581168,-72.0
23126.96428830851,-40.0
23126.96435080534,-30.0
23126.964413302172,-47.0
23126.964475799003,-64.0
23126.964538295833,-47.0
23126.964600792668,-19.0
23126.9646632895,-5.0
23126.96472578633,-11.0
23126.96478828316,-53.0
23126.964850779994,-76.0
23126.964913276825,-37.0
23126.964975773655,-59.0
23126.965038270486,-73.0
23126.965100767316,-57.0
23126.96516326415,-67.0
23126.96522576098,-77.0
23126.965288257812,-78.0
23126.965350754643,-84.0
23126.965413251477,-73.0
23126.965475748308,-119.0
23126.96553824514,-103.0
23126.96560074197,-38.0
23126.9656632388,-67.0
23126.96572573563,-89.0
23126.965788232465,-115.0
23126.965850729295,-113.0
23126.965913226126,-109.0
23126.965975722957,-110.0
23126.96603821979,-102.0
23126.96610071662,-108.0
23126.966163213452,-104.0
23126.966225710283,-129.0
23126.966288207113,-125.0
23126.966350703948,-82.0
23126.96641320078,-88.0
23126.96647569761,-101.0
23126.96653819444,-40.0
23126.966600691274,-15.0
23126.966663188105,-59.0
23126.966725684935,-68.0
23126.966788181766,-60.0
23126.966850678597,-46.0
23126.966913175427,-38.0
23126.96697567226,-39.0
23126.967038169092,-50.0
23126.967100665923,-46.0
23126.967163162753,-51.0
23126.967225659588,-58.0
23126.96728815642,-39.0
23126.96735065325,-55.0
23126.96741315008,-74.0
23126.96747564691,-81.0
23126.967538143745,-50.0
23126.967600640575,-27.0
23126.967663137406,-34.0
23126.967725634237,-38.0
23126.96778813107,-43.0
23126.9678506279,-40.0
23126.967913124732,-47.0
23126.967975621563,-51.0
23126.968038118393,-48.0
23126.968100615224,-35.0
23126.96816311206,-29.0
23126.96822560889,-33.0
23126.96828810572,-56.0
23126.96835060255,-61.0
23126.968413099385,-57.0
23126.968475596215,-86.0
23126.968538093046,-53.0
23126.968600589877,-28.0
23126.968663086707,-50.0
23126.96872558354,-39.0
23126.968788080372,-42.0
23126.968850577203,-39.0
23126.968913074033,-22.0
23126.968975570868,-37.0
23126.9690380677,-24.0
23126.96910056453,-33.0
23126.96916306136,-52.0
23126.96922555819,-11.0
23126.96928805502,-16.0
23126.969350551855,-30.0
23126.969413048686,-5.0
23126.969475545517,-13.0
23126.969538042347,-16.0
23126.96960053918,0.0
23126.969663036012,-16.0
23126.969725532843,-8.0
23126.969788029674,3.0
23126.969850526504,-3.0
23126.96991302334,6.0
23126.96997552017,16.0
23126.970038017,16.0
23126.97010051383,-27.0
23126.970163010665,23.0
23126.970225507495,-68.0
23126.970288004326,-325.0
23126.970350501157,-327.0
23126.970412997987,-296.0
23126.970475494818,-285.0
23126.970537991652,-220.0
23126.970600488483,-209.0
23126.970662985314,-207.0
23126.970725482144,-187.0
23126.97078797898,-189.0
23126.97085047581,-203.0
23126.97091297264,-212.0
23126.97097546947,-183.0
23126.9710379663,-200.0
23126.971100463135,-196.0
23126.971162959966,-158.0
23126.971225456797,-141.0
23126.971287953627,-130.0
23126.97135045046,-123.0
23126.971412947292,-125.0
23126.971475444123,-182.0
23126.971537940954,-157.0
23126.971600437784,-113.0
23126.971662934615,-140.0
23126.97172543145,-106.0
23126.97178792828,-112.0
23126.97185042511,-120.0
23126.97191292194,-86.0
23126.971975418775,-79.0
23126.972037915606,-67.0
23126.972100412437,-43.0
23126.972162909267,-4.0
23126.972225406098,20.0
23126.972287902932,-2.0
23126.972350399763,-24.0
23126.972412896594,-17.0
23126.972475393424,-94.0
23126.97253789026,-115.0
23126.97260038709,-100.0
23126.97266288392,-155.0
23126.97272538075,-159.0
23126.97278787758,-141.0
23126.97285037441,-116.0
23126.972912871246,-129.0
23126.972975368077,-132.0
23126.973037864907,-123.0
23126.973100361738,-140.0
23126.973162858572,-148.0
23126.973225355403,-103.0
23126.973287852234,-65.0
23126.973350349064,-69.0
23126.973412845895,-22.0
23126.97347534273,6.0
23126.97353783956,21.0
23126.97360033639,57.0
23126.97366283322,62.0
23126.973725330055,60.0
23126.973787826886,84.0
23126.973850323717,80.0
23126.973912820547,51.0
23126.973975317378,62.0
23126.97403781421,50.0
23126.974100311043,37.0
23126.974162807874,41.0
23126.974225304704,48.0
23126.974287801535,54.0
23126.97435029837,41.0
23126.9744127952,52.0
23126.97447529203,-5.0
23126.97453778886,14.0
23126.974600285692,67.0
23126.974662782526,35.0
23126.974725279357,13.0
23126.974787776187,26.0
23126.974850273018,46.0
23126.974912769852,46.0
23126.974975266683,73.0
23126.975037763514,91.0
23126.975100260344,94.0
23126.975162757175,74.0
23126.975225254006,90.0
23126.97528775084,99.0
23126.97535024767,65.0
23126.9754127445,79.0
23126.975475241332,84.0
23126.975537738166,94.0
23126.975600234997,82.0
23126.975662731827,67.0
23126.975725228658,92.0
23126.97578772549,79.0
23126.975850222323,29.0
23126.975912719154,66.0
23126.975975215984,76.0
23126.976037712815,50.0
23126.97610020965,118.0
23126.97616270648,104.0
23126.97622520331,98.0
23126.97628770014,115.0
23126.976350196972,106.0
23126.976412693803,114.0
23126.976475190637,60.0
23126.976537687467,56.0
23126.976600184298,78.0
23126.97666268113,50.0
23126.976725177963,53.0
23126.976787674794,51.0
23126.976850171624,59.0
23126.976912668455,58.0
23126.976975165286,85.0
23126.97703766212,81.0
23126.97710015895,64.0
23126.97716265578,85.0
23126.977225152612,70.0
23126.977287649446,57.0
23126.977350146277,73.0
23126.977412643108,85.0
23126.977475139938,61.0
23126.97753763677,92.0
23126.9776001336,114.0
23126.977662630434,61.0
23126.977725127264,65.0
23126.977787624095,89.0
23126.977850120926,82.0
23126.97791261776,79.0
23126.97797511459,87.0
23126.97803761142,77.0
23126.978100108252,74.0
23126.978162605083,75.0
23126.978225101917,61.0
23126.978287598748,55.0
23126.97835009558,69.0
23126.97841259241,79.0
23126.978475089243,42.0
23126.978537586074,85.0
23126.978600082904,113.0
23126.978662579735,54.0
23126.978725076566,37.0
23126.978787573396,41.0
23126.97885007023,37.0
23126.97891256706,45.0
23126.978975063892,55.0
23126.979037560723,40.0
23126.979100057557,44.0
23126.979162554388,46.0
23126.97922505122,39.0
23126.97928754805,36.0
23126.97935004488,40.0
23126.979412541714,56.0
23126.979475038544,25.0
23126.979537535375,38.0
23126.979600032206,83.0
23126.97966252904,30.0
23126.97972502587,15.0
23126.9797875227,64.0
23126.979850019532,40.0
23126.979912516363,7.0
23126.979975013193,49.0
23126.980037510028,35.0
23126.98010000686,31.0
23126.98016250369,-7.0
23126.98022500052,95.0
23126.980287497354,334.0
23126.980349994185,335.0
23126.980412491015,314.0
23126.980474987846,272.0
23126.980537484676,246.0
23126.98059998151,249.0
23126.98066247834,195.0
23126.980724975172,253.0
23126.980787472003,289.0
23126.980849968837,259.0
23126.980912465668,218.0
23126.9809749625,180.0
23126.98103745933,227.0
23126.98109995616,234.0
23126.98116245299,239.0
23126.981224949825,210.0
23126.981287446655,166.0
23126.981349943486,191.0
23126.981412440316,202.0
23126.98147493715,189.0
23126.98153743398,190.0
23126.981599930812,182.0
23126.981662427643,137.0
23126.981724924473,113.0
23126.981787421308,132.0
23126.98184991814,142.0
23126.98191241497,163.0
23126.9819749118,193.0
23126.982037408634,158.0
23126.982099905465,83.0
23126.982162402295,41.0
23126.982224899126,48.0
23126.982287395957,45.0
23126.982349892787,56.0
23126.98241238962,100.0
23126.982474886452,103.0
23126.982537383283,148.0
23126.982599880113,181.0
23126.982662376948,130.0
23126.98272487378,114.0
23126.98278737061,130.0
23126.98284986744,149.0
23126.98291236427,139.0
23126.982974861105,124.0
23126.983037357935,113.0
23126.983099854766,106.0
23126.983162351597,114.0
23126.98322484843,111.0
23126.98328734526,93.0
23126.983349842092,95.0
23126.983412338923,99.0
23126.983474835753,41.0
23126.983537332584,36.0
23126.98359982942,28.0
23126.98366232625,-42.0
23126.98372482308,-60.0
23126.98378731991,-89.0
23126.983849816745,-115.0
23126.983912313575,-101.0
23126.983974810406,-90.0
23126.984037307237,-92.0
23126.984099804067,-73.0
23126.9841623009,-59.0
23126.984224797732,-58.0
23126.984287294563,-49.0
23126.984349791393,-67.0
23126.984412288228,-88.0
23126.98447478506,-102.0
23126.98453728189,-92.0
23126.98459977872,-85.0
23126.98466227555,-123.0
23126.98472477238,-128.0
23126.984787269215,-101.0
23126.984849766046,-105.0
23126.984912262877,-121.0
23126.984974759707,-123.0
23126.98503725654,-122.0
23126.985099753372,-116.0
23126.985162250203,-113.0
23126.985224747033,-100.0
23126.985287243864,-80.0
23126.9853497407,-109.0
23126.98541223753,-133.0
23126.98547473436,-139.0
23126.98553723119,-113.0
23126.985599728025,-114.0
23126.985662224855,-142.0
23126.985724721686,-118.0
23126.985787218517,-131.0
23126.985849715347,-125.0
23126.985912212178,-90.0
23126.985974709012,-103.0
23126.986037205843,-114.0
23126.986099702674,-77.0
23126.986162199504,-90.0
23126.98622469634,-103.0
23126.98628719317,-95.0
23126.98634969,-87.0
23126.98641218683,-88.0
23126.98647468366,-142.0
23126.986537180495,-108.0
23126.986599677326,-56.0
23126.986662174157,-64.0
23126.986724670987,-70.0
23126.98678716782,-91.0
23126.986849664652,-90.0
23126.986912161483,-99.0
23126.986974658314,-79.0
23126.987037155144,-49.0
23126.987099651975,-59.0
23126.98716214881,-48.0
23126.98722464564,-44.0
23126.98728714247,-50.0
23126.9873496393,-55.0
23126.987412136135,-60.0
23126.987474632966,-58.0
23126.987537129797,-53.0
23126.987599626627,-46.0
23126.987662123458,-63.0
23126.987724620292,-50.0
23126.987787117123,-46.0
23126.987849613954,-38.0
23126.987912110784,-52.0
23126.98797460762,-63.0
23126.98803710445,-57.0
23126.98809960128,-45.0
23126.98816209811,-30.0
23126.98822459494,-46.0
23126.98828709177,-45.0
23126.988349588606,-53.0
23126.988412085437,-72.0
23126.988474582267,-84.0
23126.988537079098,-50.0
23126.988599575932,-23.0
23126.988662072763,-40.0
23126.988724569594,-30.0
23126.988787066424,-27.0
23126.988849563255,-28.0
23126.98891206009,-45.0
23126.98897455692,-55.0
23126.98903705375,-30.0
23126.98909955058,-6.0
23126.989162047415,-24.0
23126.989224544246,-12.0
23126.989287041077,-26.0
23126.989349537907,-46.0
23126.989412034738,-4.0
23126.98947453157,-13.0
23126.989537028403,-12.0
23126.989599525234,5.0
23126.989662022064,-34.0
23126.989724518895,-55.0
23126.98978701573,-21.0
23126.98984951256,-13.0
23126.98991200939,-31.0
23126.98997450622,-9.0
23126.990037003052,8.0
23126.990099499886,-34.0
23126.990161996717,20.0
23126.990224493547,-65.0
23126.990286990378,-347.0
23126.990349487212,-346.0
23126.990411984043,-299.0
23126.990474480874,-315.0
23126.990536977704,-236.0
23126.990599474535,-217.0
23126.990661971366,-230.0
23126.9907244682,-223.0
23126.99078696503,-266.0
23126.99084946186,-237.0
23126.990911958692,-179.0
23126.990974455526,-162.0
23126.991036952357,-178.0
23126.991099449187,-219.0
23126.991161946018,-241.0
23126.99122444285,-192.0
23126.991286939683,-167.0
23126.991349436514,-175.0
23126.991411933344,-167.0
23126.991474430175,-191.0
23126.99153692701,-150.0
23126.99159942384,-122.0
23126.99166192067,-119.0
23126.9917244175,-51.0
23126.991786914332,-75.0
23126.991849411163,-81.0
23126.991911907997,-56.0
23126.991974404827,-102.0
23126.992036901658,-93.0
23126.99209939849,-32.0
23126.992161895323,-16.0
23126.992224392154,-17.0
23126.992286888984,20.0
23126.992349385815,16.0
23126.992411882646,-20.0
23126.99247437948,-89.0
23126.99253687631,-121.0
23126.99259937314,-141.0
23126.992661869972,-189.0
23126.992724366806,-164.0
23126.992786863637,-133.0
23126.992849360468,-119.0
23126.992911857298,-111.0
23126.99297435413,-91.0
23126.99303685096,-69.0
23126.993099347794,-102.0
23126.993161844624,-130.0
23126.993224341455,-112.0
23126.993286838286,-99.0
23126.99334933512,-90.0
23126.99341183195,-72.0
23126.99347432878,-67.0
23126.993536825612,-18.0
23126.993599322443,36.0
23126.993661819277,44.0
23126.993724316108,52.0
23126.99378681294,62.0
23126.99384930977,92.0
23126.993911806603,124.0
23126.993974303434,142.0
23126.994036800264,136.0
23126.994099297095,102.0
23126.994161793926,75.0
23126.994224290756,60.0
23126.99428678759,73.0
23126.99434928442,63.0
23126.994411781252,17.0
23126.994474278083,2.0
23126.994536774917,43.0
23126.994599271748,60.0
23126.99466176858,42.0
23126.99472426541,51.0
23126.99478676224,67.0
23126.994849259074,46.0
23126.994911755904,40.0
23126.994974252735,81.0
23126.995036749566,70.0
23126.9950992464,63.0
23126.99516174323,59.0
23126.99522424006,44.0
23126.995286736892,55.0
23126.995349233723,49.0
23126.995411730553,42.0
23126.995474227388,33.0
23126.99553672422,71.0
23126.99559922105,82.0
23126.99566171788,68.0
23126.995724214714,56.0
23126.995786711544,20.0
23126.995849208375,42.0
23126.995911705206,67.0
23126.995974202036,69.0
23126.99603669887,56.0
23126.9960991957,59.0
23126.996161692532,57.0
23126.996224189363,40.0
23126.996286686197,43.0
23126.996349183028,77.0
23126.99641167986,88.0
23126.99647417669,48.0
23126.99653667352,89.0
23126.99659917035,126.0
23126.996661667185,75.0
23126.996724164015,52.0
23126.996786660846,41.0
23126.996849157676,39.0
23126.99691165451,40.0
23126.99697415134,59.0
23126.997036648172,49.0
23126.997099145003,30.0
23126.997161641833,45.0
23126.997224138668,22.0
23126.9972866355,21.0
23126.99734913233,32.0
23126.99741162916,22.0
23126.997474125994,-6.0
23126.997536622825,-19.0
23126.997599119655,24.0
23126.997661616486,21.0
23126.997724113317,2.0
23126.997786610147,21.0
23126.99784910698,37.0
23126.997911603812,31.0
23126.997974100643,24.0
23126.998036597473,26.0
23126.998099094308,26.0
23126.99816159114,11.0
23126.99822408797,8.0
23126.9982865848,-1.0
23126.99834908163,-3.0
23126.998411578465,5.0
23126.998474075295,-59.0
23126.998536572126,-53.0
23126.998599068957,2.0
23126.99866156579,-27.0
23126.99872406262,-22.0
23126.998786559452,-33.0
23126.998849056283,-37.0
23126.998911553113,-31.0
23126.998974049944,-12.0
23126.99903654678,-8.0
23126.99909904361,-19.0
23126.99916154044,-14.0
23126.99922403727,-28.0
23126.999286534105,-23.0
23126.999349030935,-17.0
23126.999411527766,-14.0
23126.999474024597,-32.0
23126.999536521427,-21.0
23126.99959901826,-12.0
23126.999661515092,-33.0
23126.999724011923,-37.0
23126.999786508753,-36.0
23126.999849005588,-39.0
23126.99991150242,-36.0
23126.99997399925,-23.0
23127.00003649608,-42.0
23127.00009899291,-19.0
23127.00016148974,-53.0
23127.000223986575,73.0
23127.000286483406,271.0
23127.000348980237,221.0
23127.000411477067,211.0
23127.0004739739,189.0
23127.000536470732,205.0
23127.000598967563,237.0
23127.000661464393,153.0
23127.000723961224,120.0
23127.00078645806,160.0
23127.00084895489,174.0
23127.00091145172,167.0
23127.00097394855,163.0
23127.001036445385,143.0
23127.001098942215,126.0
23127.001161439046,171.0
23127.001223935877,182.0
23127.001286432707,155.0
23127.001348929538,149.0
23127.001411426372,143.0
23127.001473923203,132.0
23127.001536420034,169.0
23127.001598916864,185.0
23127.0016614137,101.0
23127.00172391053,78.0
23127.00178640736,121.0
23127.00184890419,163.0
23127.00191140102,137.0
23127.001973897855,92.0
23127.002036394686,61.0
23127.002098891517,58.0
23127.002161388347,78.0
23127.002223885178,24.0
23127.002286382012,8.0
23127.002348878843,5.0
23127.002411375674,26.0
23127.002473872504,90.0
23127.002536369335,169.0
23127.00259886617,219.0
23127.002661363,165.0
23127.00272385983,153.0
23127.00278635666,155.0
23127.002848853495,127.0
23127.002911350326,151.0
23127.002973847157,176.0
23127.003036343987,139.0
23127.003098840818,128.0
23127.003161337652,139.0
23127.003223834483,124.0
23127.003286331314,144.0
23127.003348828144,140.0
23127.003411324975,99.0
23127.00347382181,27.0
23127.00353631864,0.0
23127.00359881547,30.0
23127.0036613123,3.0
23127.00372380913,3.0
23127.003786305966,16.0
23127.003848802797,2.0
23127.003911299627,-24.0
23127.003973796458,-64.0
23127.004036293292,-103.0
23127.004098790123,-100.0
23127.004161286954,-87.0
23127.004223783784,-94.0
23127.004286280615,-96.0
23127.00434877745,-49.0
23127.00441127428,-24.0
23127.00447377111,-99.0
23127.00453626794,-77.0
23127.00459876477,-67.0
23127.004661261606,-94.0
23127.004723758437,-58.0
23127.004786255267,-88.0
23127.004848752098,-107.0
23127.00491124893,-86.0
23127.004973745763,-86.0
23127.005036242594,-122.0
23127.005098739424,-134.0
23127.005161236255,-136.0
23127.00522373309,-147.0
23127.00528622992,-128.0
23127.00534872675,-125.0
23127.00541122358,-125.0
23127.005473720412,-130.0
23127.005536217246,-105.0
23127.005598714077,-54.0
23127.005661210907,-69.0
23127.005723707738,-84.0
23127.00578620457,-88.0
23127.005848701403,-113.0
23127.005911198234,-118.0
23127.005973695064,-113.0
23127.006036191895,-124.0
23127.006098688726,-121.0
23127.00616118556,-126.0
23127.00622368239,-138.0
23127.00628617922,-128.0
23127.006348676052,-111.0
23127.006411172886,-115.0
23127.006473669717,-131.0
23127.006536166547,-74.0
23127.006598663378,-64.0
23127.00666116021,-79.0
23127.006723657043,-71.0
23127.006786153874,-78.0
23127.006848650704,-81.0
23127.006911147535,-72.0
23127.006973644366,-64.0
23127.0070361412,-58.0
23127.00709863803,-34.0
23127.00716113486,-36.0
23127.007223631692,-42.0
23127.007286128523,-27.0
23127.007348625357,-28.0
23127.007411122187,-15.0
23127.007473619018,-20.0
23127.00753611585,-25.0
23127.007598612683,17.0
23127.007661109514,-4.0
23127.007723606344,-7.0
23127.007786103175,10.0
23127.007848600006,-2.0
23127.00791109684,-20.0
23127.00797359367,-7.0
23127.0080360905,13.0
23127.008098587332,-7.0
23127.008161084163,-17.0
23127.008223580997,-5.0
23127.008286077828,-15.0
23127.008348574658,-14.0
23127.00841107149,12.0
23127.00847356832,-32.0
23127.008536065154,-37.0
23127.008598561984,15.0
23127.008661058815,-21.0
23127.008723555646,-33.0
23127.00878605248,-3.0
23127.00884854931,-22.0
23127.00891104614,-34.0
23127.008973542972,-27.0
23127.009036039803,-5.0
23127.009098536637,-4.0
23127.009161033468,-16.0
23127.0092235303,-1.0
23127.00928602713,-11.0
23127.00934852396,-25.0
23127.009411020794,-7.0
23127.009473517624,-17.0
23127.009536014455,-16.0
23127.009598511286,19.0
23127.009661008116,3.0
23127.00972350495,-24.0
23127.00978600178,6.0
23127.009848498612,39.0
23127.009910995443,5.0
23127.009973492277,0.0
23127.010035989108,12.0
23127.01009848594,-20.0
23127.01016098277,40.0
23127.0102234796,-43.0
23127.010285976434,-311.0
23127.010348473264,-315.0
23127.010410970095,-242.0
23127.010473466926,-254.0
23127.010535963756,-200.0
23127.01059846059,-171.0
23127.01066095742,-160.0
23127.010723454252,-137.0
23127.010785951083,-175.0
23127.010848447913,-174.0
23127.010910944748,-194.0
23127.01097344158,-175.0
23127.01103593841,-148.0
23127.01109843524,-142.0
23127.011160932074,-117.0
23127.011223428904,-111.0
23127.011285925735,-128.0
23127.011348422566,-139.0
23127.011410919396,-118.0
23127.01147341623,-148.0
23127.01153591306,-108.0
23127.011598409892,-70.0
23127.011660906723,-109.0
23127.011723403553,-85.0
23127.011785900388,-78.0
23127.01184839722,-101.0
23127.01191089405,-114.0
23127.01197339088,-107.0
23127.01203588771,-64.0
23127.012098384545,-1.0
23127.012160881375,5.0
23127.012223378206,6.0
23127.012285875036,32.0
23127.01234837187,5.0
23127.0124108687,4.0
23127.012473365532,-18.0
23127.012535862363,-67.0
23127.012598359193,-85.0
23127.012660856028,-138.0
23127.01272335286,-142.0
23127.01278584969,-97.0
23127.01284834652,-68.0
23127.01291084335,-48.0
23127.012973340185,-61.0
23127.013035837015,-99.0
23127.013098333846,-120.0
23127.013160830676,-118.0
23127.013223327507,-92.0
23127.01328582434,-50.0
23127.013348321172,6.0
23127.013410818003,9.0
23127.013473314833,-32.0
23127.013535811668,1.0
23127.0135983085,40.0
23127.01366080533,23.0
23127.01372330216,61.0
23127.01378579899,88.0
23127.013848295825,102.0
23127.013910792655,120.0
23127.013973289486,78.0
23127.014035786317,56.0
23127.014098283147,62.0
23127.01416077998,48.0
23127.014223276812,45.0
23127.014285773643,46.0
23127.014348270473,61.0
23127.014410767304,104.0
23127.01447326414,62.0
23127.01453576097,76.0
23127.0145982578,123.0
23127.01466075463,69.0
23127.014723251465,58.0
23127.014785748295,82.0
23127.014848245126,76.0
23127.014910741957,60.0
23127.014973238787,93.0
23127.01503573562,89.0
23127.015098232452,99.0
23127.015160729283,114.0
23127.015223226113,91.0
23127.015285722944,86.0
23127.01534821978,93.0
23127.01541071661,130.0
23127.01547321344,98.0
23127.01553571027,104.0
23127.0155982071,131.0
23127.015660703935,96.0
23127.015723200766,94.0
23127.015785697597,105.0
23127.015848194427,100.0
23127.01591069126,83.0
23127.015973188092,77.0
23127.016035684923,62.0
23127.016098181753,49.0
23127.016160678584,85.0
23127.01622317542,92.0
23127.01628567225,69.0
23127.01634816908,74.0
23127.01641066591,99.0
23127.01647316274,59.0
23127.016535659575,29.0
23127.016598156406,52.0
23127.016660653237,39.0
23127.016723150067,11.0
23127.016785646898,20.0
23127.016848143732,36.0
23127.016910640563,44.0
23127.016973137394,48.0
23127.017035634224,45.0
23127.01709813106,51.0
23127.01716062789,35.0
23127.01722312472,49.0
23127.01728562155,49.0
23127.01734811838,14.0
23127.017410615215,46.0
23127.017473112046,28.0
23127.017535608877,21.0
23127.017598105707,83.0
23127.017660602538,47.0
23127.017723099372,41.0
23127.017785596203,46.0
23127.017848093034,23.0
23127.017910589864,32.0
23127.017973086695,38.0
23127.01803558353,31.0
23127.01809808036,34.0
23127.01816057719,31.0
23127.01822307402,35.0
23127.018285570855,22.0
23127.018348067686,15.0
23127.018410564517,50.0
23127.018473061347,-2.0
23127.018535558178,14.0
23127.018598055012,90.0
23127.018660551843,31.0
23127.018723048674,-23.0
23127.018785545504,-8.0
23127.018848042335,18.0
23127.01891053917,16.0
23127.018973036,26.0
23127.01903553283,14.0
23127.01909802966,6.0
23127.01916052649,5.0
23127.019223023326,1.0
23127.019285520157,-5.0
23127.019348016987,-28.0
23127.019410513818,-22.0
23127.019473010652,-43.0
23127.019535507483,-6.0
23127.019598004314,41.0
23127.019660501144,-4.0
23127.019722997975,-15.0
23127.01978549481,-21.0
23127.01984799164,-25.0
23127.01991048847,-14.0
23127.0199729853,3.0
23127.02003548213,-14.0
23127.020097978966,7.0
23127.020160475797,-25.0
23127.020222972627,90.0
23127.020285469458,332.0
23127.02034796629,329.0
23127.020410463123,304.0
23127.020472959954,276.0
23127.020535456784,235.0
23127.020597953615,231.0
23127.02066045045,196.0
23127.02072294728,184.0
23127.02078544411,208.0
23127.02084794094,228.0
23127.02091043777,223.0
23127.020972934606,174.0
23127.021035431437,167.0
23127.021097928267,187.0
23127.021160425098,200.0
23127.02122292193,215.0
23127.021285418763,230.0
23127.021347915594,228.0
23127.021410412424,229.0
23127.021472909255,175.0
23127.021535406086,151.0
23127.02159790292,196.0
23127.02166039975,198.0
23127.02172289658,180.0
23127.021785393412,140.0
23127.021847890246,131.0
23127.021910387077,121.0
23127.021972883907,132.0
23127.022035380738,143.0
23127.02209787757,120.0
23127.022160374403,98.0
23127.022222871234,38.0
23127.022285368064,-6.0
23127.022347864895,62.0
23127.022410361726,131.0
23127.02247285856,112.0
23127.02253535539,143.0
23127.02259785222,172.0
23127.022660349052,130.0
23127.022722845883,173.0
23127.022785342717,182.0
23127.022847839547,135.0
23127.022910336378,134.0
23127.02297283321,136.0
23127.023035330043,146.0
23127.023097826874,159.0
23127.023160323704,158.0
23127.023222820535,128.0
23127.023285317366,66.0
23127.0233478142,61.0
23127.02341031103,111.0
23127.02347280786,68.0
23127.023535304692,30.0
23127.023597801523,33.0
23127.023660298357,-1.0
23127.023722795187,36.0
23127.023785292018,50.0
23127.02384778885,4.0
23127.02391028568,-51.0
23127.023972782514,-81.0
23127.024035279344,-45.0
23127.024097776175,-29.0
23127.024160273006,-53.0
23127.02422276984,-63.0
23127.02428526667,-83.0
23127.0243477635,-89.0
23127.024410260332,-36.0
23127.024472757163,-59.0
23127.024535253997,-51.0
23127.024597750828,-34.0
23127.024660247658,-110.0
23127.02472274449,-114.0
23127.02478524132,-105.0
23127.024847738154,-105.0
23127.024910234984,-93.0
23127.024972731815,-94.0
23127.025035228646,-111.0
23127.025097725476,-126.0
23127.02516022231,-152.0
23127.02522271914,-163.0
23127.025285215972,-121.0
23127.025347712803,-121.0
23127.025410209637,-139.0
23127.025472706468,-163.0
23127.0255352033,-185.0
23127.02559770013,-125.0
23127.02566019696,-139.0
23127.025722693794,-146.0
23127.025785190624,-73.0
23127.025847687455,-72.0
23127.025910184286,-94.0
23127.025972681116,-109.0
23127.02603517795,-84.0
23127.02609767478,-62.0
23127.026160171612,-95.0
23127.026222668443,-118.0
23127.026285165273,-103.0
23127.026347662108,-97.0
23127.02641015894,-100.0
23127.02647265577,-108.0
23127.0265351526,-58.0
23127.026597649434,-17.0
23127.026660146264,-50.0
23127.026722643095,-66.0
23127.026785139926,-79.0
23127.026847636756,-66.0
23127.02691013359,-61.0
23127.02697263042,-94.0
23127.027035127252,-93.0
23127.027097624083,-65.0
23127.027160120913,-79.0
23127.027222617748,-98.0
23127.02728511458,-91.0
23127.02734761141,-74.0
23127.02741010824,-64.0
23127.02747260507,-95.0
23127.027535101905,-78.0
23127.027597598735,-59.0
23127.027660095566,-58.0
23127.027722592396,-50.0
23127.02778508923,-64.0
23127.02784758606,-58.0
23127.027910082892,-65.0
23127.027972579723,-72.0
23127.028035076553,-60.0
23127.028097573388,-42.0
23127.02816007022,-69.0
23127.02822256705,-56.0
23127.02828506388,-61.0
23127.02834756071,-79.0
23127.028410057545,-31.0
23127.028472554375,-47.0
23127.028535051206,-36.0
23127.028597548036,-45.0
23127.028660044867,-67.0
23127.0287225417,-31.0
23127.028785038532,-23.0
23127.028847535363,-31.0
23127.028910032193,-36.0
23127.028972529028,-24.0
23127.02903502586,-19.0
23127.02909752269,-30.0
23127.02916001952,-27.0
23127.02922251635,-38.0
23127.029285013185,-41.0
23127.029347510015,-29.0
23127.029410006846,-50.0
23127.029472503677,-72.0
23127.029535000507,-36.0
23127.02959749734,7.0
23127.029659994172,-9.0
23127.029722491003,-31.0
23127.029784987833,-39.0
23127.029847484664,-24.0
23127.0299099815,-16.0
23127.02997247833,-11.0
23127.03003497516,-16.0
23127.03009747199,-25.0
23127.030159968825,37.0
23127.030222465655,-87.0
23127.030284962486,-316.0
23127.030347459317,-312.0
23127.030409956147,-274.0
23127.03047245298,-284.0
23127.030534949812,-241.0
23127.030597446643,-212.0
23127.030659943473,-241.0
23127.030722440304,-235.0
23127.03078493714,-244.0
23127.03084743397,-261.0
23127.0309099308,-243.0
23127.03097242763,-212.0
23127.03103492446,-250.0
23127.031097421295,-253.0
23127.031159918126,-215.0
23127.031222414957,-213.0
23127.031284911787,-194.0
23127.03134740862,-176.0
23127.031409905452,-174.0
23127.031472402283,-193.0
23127.031534899113,-146.0
23127.031597395944,-95.0
23127.03165989278,-123.0
23127.03172238961,-141.0
23127.03178488644,-168.0
23127.03184738327,-182.0
23127.0319098801,-162.0
23127.031972376935,-140.0
23127.032034873766,-102.0
23127.032097370597,-52.0
23127.032159867427,-24.0
23127.032222364258,3.0
23127.032284861092,5.0
23127.032347357923,-17.0
23127.032409854753,-57.0
23127.032472351584,-133.0
23127.03253484842,-128.0
23127.03259734525,-112.0
23127.03265984208,-162.0
23127.03272233891,-143.0
23127.03278483574,-133.0
23127.032847332575,-126.0
23127.032909829406,-120.0
23127.032972326237,-138.0
23127.033034823067,-123.0
23127.033097319898,-94.0
23127.033159816732,-90.0
23127.033222313563,-79.0
23127.033284810394,-86.0
23127.033347307224,-98.0
23127.033409804055,-67.0
23127.03347230089,-55.0
23127.03353479772,-7.0
23127.03359729455,70.0
23127.03365979138,62.0
23127.033722288215,32.0
23127.033784785046,54.0
23127.033847281877,66.0
23127.033909778707,57.0
23127.033972275538,94.0
23127.034034772372,103.0
23127.034097269203,92.0
23127.034159766034,104.0
23127.034222262864,80.0
23127.034284759695,67.0
23127.03434725653,82.0
23127.03440975336,96.0
23127.03447225019,68.0
23127.03453474702,79.0
23127.03459724385,95.0
23127.034659740686,77.0
23127.034722237517,84.0
23127.034784734347,85.0
23127.034847231178,122.0
23127.034909728012,122.0
23127.034972224843,81.0
23127.035034721674,109.0
23127.035097218504,92.0
23127.035159715335,76.0
23127.03522221217,94.0
23127.035284709,106.0
23127.03534720583,116.0
23127.03540970266,108.0
23127.03547219949,73.0
23127.035534696326,95.0
23127.035597193157,107.0
23127.035659689987,72.0
23127.035722186818,63.0
23127.03578468365,58.0
23127.035847180483,78.0
23127.035909677314,112.0
23127.035972174144,115.0
23127.036034670975,94.0
23127.03609716781,118.0
23127.03615966464,116.0
23127.03622216147,92.0
23127.0362846583,92.0
23127.03634715513,81.0
23127.036409651966,88.0
23127.036472148797,35.0
23127.036534645627,54.0
23127.036597142458,89.0
23127.03665963929,48.0
23127.036722136123,83.0
23127.036784632954,76.0
23127.036847129784,59.0
23127.036909626615,64.0
23127.036972123446,52.0
23127.03703462028,53.0
23127.03709711711,46.0
23127.03715961394,39.0
23127.037222110772,40.0
23127.037284607606,23.0
23127.037347104437,7.0
23127.037409601267,6.0
23127.037472098098,-11.0
23127.03753459493,33.0
23127.037597091763,75.0
23127.037659588594,53.0
23127.037722085424,46.0
23127.037784582255,30.0
23127.037847079086,37.0
23127.03790957592,47.0
23127.03797207275,31.0
23127.03803456958,14.0
23127.038097066412,27.0
23127.038159563243,14.0
23127.038222060077,8.0
23127.038284556907,10.0
23127.038347053738,11.0
23127.03840955057,36.0
23127.038472047403,-13.0
23127.038534544234,-12.0
23127.038597041064,31.0
23127.038659537895,-18.0
23127.038722034726,-11.0
23127.03878453156,-6.0
23127.03884702839,-27.0
23127.03890952522,-18.0
23127.038972022052,-31.0
23127.039034518883,-53.0
23127.039097015717,-29.0
23127.039159512547,-6.0
23127.039222009378,-19.0
23127.03928450621,-17.0
23127.03934700304,4.0
23127.039409499874,16.0
23127.039471996704,-27.0
23127.039534493535,3.0
23127.039596990366,32.0
23127.0396594872,-24.0
23127.03972198403,-17.0
23127.03978448086,-10.0
23127.039846977692,-21.0
23127.039909474523,-14.0
23127.039971971357,-30.0
23127.040034468188,-12.0
23127.040096965018,10.0
23127.04015946185,-41.0
23127.04022195868,113.0
23127.040284455514,300.0
23127.040346952344,259.0
23127.040409449175,249.0
23127.040471946006,244.0
23127.040534442836,239.0
23127.04059693967,262.0
23127.0406594365,238.0
23127.040721933332,209.0
23127.040784430163,211.0
23127.040846926997,215.0
23127.040909423828,180.0
23127.04097192066,163.0
23127.04103441749,165.0
23127.04109691432,176.0
23127.041159411154,209.0
23127.041221907984,194.0
23127.041284404815,207.0
23127.041346901646,206.0
23127.041409398476,177.0
23127.04147189531,118.0
23127.04153439214,114.0
23127.041596888972,166.0
23127.041659385803,147.0
23127.041721882633,138.0
23127.041784379468,158.0
23127.0418468763,167.0
23127.04190937313,166.0
23127.04197186996,173.0
23127.042034366794,127.0
23127.042096863624,71.0
23127.042159360455,41.0
23127.042221857286,7.0
23127.042284354116,32.0
23127.04234685095,101.0
23127.04240934778,127.0
23127.042471844612,100.0
23127.042534341443,129.0
23127.042596838273,195.0
23127.042659335108,170.0
23127.04272183194,163.0
23127.04278432877,176.0
23127.0428468256,154.0
23127.04290932243,140.0
23127.042971819264,142.0
23127.043034316095,123.0
23127.043096812926,131.0
23127.043159309756,176.0
23127.04322180659,157.0
23127.04328430342,123.0
23127.043346800252,99.0
23127.043409297083,56.0
23127.043471793913,23.0
23127.043534290748,42.0
23127.04359678758,71.0
23127.04365928441,19.0
23127.04372178124,-63.0
23127.04378427807,-90.0
23127.043846774905,-62.0
23127.043909271735,-68.0
23127.043971768566,-62.0
23127.044034265396,-92.0
23127.044096762227,-136.0
23127.04415925906,-126.0
23127.044221755892,-84.0
23127.044284252723,-39.0
23127.044346749553,-59.0
23127.044409246388,-103.0
23127.04447174322,-110.0
23127.04453424005,-40.0
23127.04459673688,11.0
23127.04465923371,-18.0
23127.044721730545,-62.0
23127.044784227375,-74.0
23127.044846724206,-59.0
23127.044909221037,-72.0
23127.044971717867,-96.0
23127.0450342147,-128.0
23127.045096711532,-132.0
23127.045159208363,-115.0
23127.045221705193,-112.0
23127.045284202024,-114.0
23127.04534669886,-112.0
23127.04540919569,-135.0
23127.04547169252,-168.0
23127.04553418935,-133.0
23127.045596686185,-108.0
23127.045659183015,-129.0
23127.045721679846,-124.0
23127.045784176677,-149.0
23127.045846673507,-157.0
23127.04590917034,-125.0
23127.045971667172,-95.0
23127.046034164003,-107.0
23127.046096660833,-110.0
23127.046159157664,-108.0
23127.0462216545,-101.0
23127.04628415133,-99.0
23127.04634664816,-112.0
23127.04640914499,-97.0
23127.04647164182,-108.0
23127.046534138655,-85.0
23127.046596635486,-68.0
23127.046659132317,-82.0
23127.046721629147,-82.0
23127.04678412598,-94.0
23127.046846622812,-90.0
23127.046909119643,-79.0
23127.046971616473,-71.0
23127.047034113304,-43.0
23127.04709661014,-9.0
23127.04715910697,-59.0
23127.0472216038,-77.0
23127.04728410063,-63.0
23127.04734659746,-64.0
23127.047409094295,-44.0
23127.047471591126,-55.0
23127.047534087957,-57.0
23127.047596584787,-29.0
23127.047659081618,-32.0
23127.047721578452,-38.0
23127.047784075283,-33.0
23127.047846572113,-32.0
23127.047909068944,-35.0
23127.04797156578,-53.0
23127.04803406261,-62.0
23127.04809655944,-39.0
23127.04815905627,-47.0
23127.0482215531,-59.0
23127.048284049935,-37.0
23127.048346546766,-42.0
23127.048409043597,-50.0
23127.048471540427,-68.0
23127.048534037258,-55.0
23127.048596534092,-20.0
23127.048659030923,-34.0
23127.048721527754,-48.0
23127.048784024584,-42.0
23127.048846521415,-29.0
23127.04890901825,-19.0
23127.04897151508,-28.0
23127.04903401191,-42.0
23127.04909650874,-35.0
23127.049159005575,-30.0
23127.049221502406,-21.0
23127.049283999237,-7.0
23127.049346496067,-3.0
23127.049408992898,1.0
23127.049471489732,-28.0
23127.049533986563,-6.0
23127.049596483394,26.0
23127.049658980224,-24.0
23127.049721477055,-24.0
23127.04978397389,-20.0
23127.04984647072,-12.0
23127.04990896755,9.0
23127.04997146438,2.0
23127.05003396121,10.0
23127.050096458046,7.0
23127.050158954877,46.0
23127.050221451707,-96.0
23127.050283948538,-367.0
23127.050346445372,-331.0
23127.050408942203,-263.0
23127.050471439034,-291.0
23127.050533935864,-236.0
23127.050596432695,-188.0
23127.05065892953,-255.0
23127.05072142636,-257.0
23127.05078392319,-237.0
23127.05084642002,-265.0
23127.05090891685,-221.0
23127.050971413686,-195.0
23127.051033910517,-235.0
23127.051096407347,-204.0
23127.051158904178,-183.0
23127.05122140101,-190.0
23127.051283897843,-177.0
23127.051346394674,-147.0
23127.051408891504,-148.0
23127.051471388335,-197.0
23127.05153388517,-130.0
23127.051596382,-101.0
23127.05165887883,-137.0
23127.05172137566,-103.0
23127.05178387249,-110.0
23127.051846369326,-101.0
23127.051908866157,-73.0
23127.051971362987,-60.0
23127.052033859818,-43.0
23127.05209635665,-8.0
23127.052158853483,39.0
23127.052221350314,53.0
23127.052283847144,50.0
23127.052346343975,10.0
23127.052408840806,-21.0
23127.05247133764,-78.0
23127.05253383447,-94.0
23127.0525963313,-94.0
23127.052658828132,-136.0
23127.052721324966,-98.0
23127.052783821797,-100.0
23127.052846318627,-109.0
23127.052908815458,-73.0
23127.05297131229,-78.0
23127.053033809123,-72.0
23127.053096305954,-63.0
23127.053158802784,-81.0
23127.053221299615,-74.0
23127.053283796446,-59.0
23127.05334629328,-65.0
23127.05340879011,-49.0
23127.05347128694,-50.0
23127.053533783772,-8.0
23127.053596280603,41.0
23127.053658777437,58.0
23127.053721274267,117.0
23127.053783771098,116.0
23127.05384626793,98.0
23127.053908764763,132.0
23127.053971261594,120.0
23127.054033758424,109.0
23127.054096255255,133.0
23127.054158752086,134.0
23127.05422124892,130.0
23127.05428374575,169.0
23127.05434624258,185.0
23127.054408739412,141.0
23127.054471236243,85.0
23127.054533733077,100.0
23127.054596229907,104.0
23127.054658726738,113.0
23127.05472122357,148.0
23127.0547837204,132.0
23127.054846217234,126.0
23127.054908714064,115.0
23127.054971210895,119.0
23127.055033707726,140.0
23127.05509620456,166.0
23127.05515870139,179.0
23127.05522119822,182.0
23127.055283695052,156.0
23127.055346191883,126.0
23127.055408688717,143.0
23127.055471185548,168.0
23127.055533682378,194.0
23127.05559617921,200.0
23127.05565867604,153.0
23127.055721172874,115.0
23127.055783669704,131.0
23127.055846166535,137.0
23127.055908663366,153.0
23127.055971160196,169.0
23127.05603365703,130.0
23127.05609615386,120.0
23127.056158650692,115.0
23127.056221147523,93.0
23127.056283644357,90.0
23127.056346141188,135.0
23127.05640863802,136.0
23127.05647113485,70.0
23127.05653363168,87.0
23127.056596128514,110.0
23127.056658625344,69.0
23127.056721122175,65.0
23127.056783619006,69.0
23127.056846115836,77.0
23127.05690861267,85.0
23127.0569711095,76.0
23127.057033606332,49.0
23127.057096103163,33.0
23127.057158599993,27.0
23127.057221096828,46.0
23127.05728359366,58.0
23127.05734609049,44.0
23127.05740858732,70.0
23127.057471084154,31.0
23127.057533580984,38.0
23127.057596077815,86.0
23127.057658574646,42.0
23127.057721071476,38.0
23127.05778356831,40.0
23127.05784606514,43.0
23127.057908561972,48.0
23127.057971058803,17.0
23127.058033555633,14.0
23127.058096052468,31.0
23127.0581585493,42.0
23127.05822104613,41.0
23127.05828354296,32.0
23127.05834603979,37.0
23127.058408536624,42.0
23127.058471033455,-7.0
23127.058533530286,-1.0
23127.058596027116,29.0
23127.05865852395,-1.0
23127.05872102078,13.0
23127.058783517612,7.0
23127.058846014443,8.0
23127.058908511273,15.0
23127.058971008108,13.0
23127.05903350494,-10.0
23127.05909600177,-23.0
23127.0591584986,19.0
23127.05922099543,34.0
23127.059283492265,30.0
23127.059345989095,16.0
23127.059408485926,24.0
23127.059470982756,-6.0
23127.059533479587,7.0
23127.05959597642,45.0
23127.059658473252,26.0
23127.059720970083,31.0
23127.059783466913,10.0
23127.059845963748,29.0
23127.05990846058,39.0
23127.05997095741,-2.0
23127.06003345424,20.0
23127.06009595107,45.0
23127.060158447905,-14.0
23127.060220944735,173.0
23127.060283441566,362.0
23127.060345938396,271.0
23127.060408435227,292.0
23127.06047093206,254.0
23127.060533428892,231.0
23127.060595925723,286.0
23127.060658422553,228.0
23127.060720919384,209.0
23127.06078341622,212.0
23127.06084591305,225.0
23127.06090840988,213.0
23127.06097090671,199.0
23127.061033403545,230.0
23127.061095900375,198.0
23127.061158397206,195.0
23127.061220894037,181.0
23127.061283390867,124.0
23127.0613458877,143.0
23127.061408384532,133.0
23127.061470881363,59.0
23127.061533378193,56.0
23127.061595875024,96.0
23127.06165837186,74.0
23127.06172086869,76.0
23127.06178336552,89.0
23127.06184586235,84.0
23127.06190835918,124.0
23127.061970856015,127.0
23127.062033352846,86.0
23127.062095849677,81.0
23127.062158346507,42.0
23127.06222084334,-12.0
23127.062283340172,-12.0
23127.062345837003,-8.0
23127.062408333833,1.0
23127.062470830664,22.0
23127.0625333275,79.0
23127.06259582433,152.0
23127.06265832116,134.0
23127.06272081799,107.0
23127.06278331482,102.0
23127.062845811655,97.0
23127.062908308486,111.0
23127.062970805317,113.0
23127.063033302147,100.0
23127.063095798978,89.0
23127.063158295812,66.0
23127.063220792643,64.0
23127.063283289473,79.0
23127.063345786304,68.0
23127.06340828314,42.0
23127.06347077997,-16.0
23127.0635332768,-30.0
23127.06359577363,-18.0
23127.06365827046,-69.0
23127.063720767295,-85.0
23127.063783264126,-34.0
23127.063845760957,-32.0
23127.063908257787,-65.0
23127.063970754618,-64.0
23127.064033251452,-103.0
23127.064095748283,-115.0
23127.064158245114,-93.0
23127.064220741944,-78.0
23127.064283238775,-69.0
23127.06434573561,-58.0
23127.06440823244,-55.0
23127.06447072927,-123.0
23127.0645332261,-75.0
23127.064595722935,-31.0
23127.064658219766,-77.0
23127.064720716597,-46.0
23127.064783213427,-62.0
23127.064845710258,-113.0
23127.064908207092,-152.0
23127.064970703923,-128.0
23127.065033200754,-80.0
23127.065095697584,-94.0
23127.065158194415,-126.0
23127.06522069125,-161.0
23127.06528318808,-143.0
23127.06534568491,-107.0
23127.06540818174,-95.0
23127.06547067857,-124.0
23127.065533175406,-152.0
23127.065595672237,-116.0
23127.065658169067,-131.0
23127.065720665898,-85.0
23127.065783162732,-64.0
23127.065845659563,-111.0
23127.065908156394,-114.0
23127.065970653224,-116.0
23127.066033150055,-91.0
23127.06609564689,-36.0
23127.06615814372,-57.0
23127.06622064055,-114.0
23127.06628313738,-108.0
23127.06634563421,-102.0
23127.066408131046,-96.0
23127.066470627877,-100.0
23127.066533124707,-101.0
23127.066595621538,-79.0
23127.06665811837,-116.0
23127.066720615203,-107.0
23127.066783112034,-77.0
23127.066845608864,-51.0
23127.066908105695,-37.0
23127.06697060253,-51.0
23127.06703309936,-48.0
23127.06709559619,-32.0
23127.06715809302,-28.0
23127.06722058985,-35.0
23127.067283086686,-43.0
23127.067345583517,-45.0
23127.067408080347,-25.0
23127.067470577178,-58.0
23127.06753307401,-46.0
23127.067595570843,-23.0
23127.067658067674,-40.0
23127.067720564504,-30.0
23127.067783061335,-45.0
23127.067845558166,-36.0
23127.067908055,-20.0
23127.06797055183,-30.0
23127.06803304866,-29.0
23127.06809554549,-36.0
23127.068158042326,-32.0
23127.068220539157,-49.0
23127.068283035987,-60.0
23127.068345532818,-38.0
23127.06840802965,-50.0
23127.068470526483,-68.0
23127.068533023314,-40.0
23127.068595520144,-24.0
23127.068658016975,-30.0
23127.068720513806,1.0
23127.06878301064,-6.0
23127.06884550747,-15.0
23127.0689080043,-4.0
23127.068970501132,-15.0
23127.069032997962,-24.0
23127.069095494797,-19.0
23127.069157991627,-13.0
23127.069220488458,-35.0
23127.06928298529,-25.0
23127.069345482123,-16.0
23127.069407978954,-28.0
23127.069470475784,-43.0
23127.069532972615,-21.0
23127.069595469446,29.0
23127.06965796628,5.0
23127.06972046311,7.0
23127.06978295994,8.0
23127.069845456772,-25.0
23127.069907953603,-27.0
23127.069970450437,-18.0
23127.070032947267,-22.0
23127.070095444098,-34.0
23127.07015794093,49.0
23127.07022043776,-97.0
23127.070282934594,-363.0
23127.070345431424,-337.0
23127.070407928255,-312.0
23127.070470425086,-333.0
23127.07053292192,-272.0
23127.07059541875,-241.0
23127.07065791558,-241.0
23127.070720412412,-228.0
23127.070782909243,-213.0
23127.070845406077,-213.0
23127.070907902907,-223.0
23127.070970399738,-177.0
23127.07103289657,-186.0
23127.0710953934,-206.0
23127.071157890234,-206.0
23127.071220387064,-201.0
23127.071282883895,-204.0
23127.071345380726,-184.0
23127.071407877556,-167.0
23127.07147037439,-188.0
23127.07153287122,-146.0
23127.071595368052,-123.0
23127.071657864883,-163.0
23127.071720361717,-160.0
23127.071782858548,-131.0
23127.071845355378,-134.0
23127.07190785221,-120.0
23127.07197034904,-116.0
23127.072032845874,-116.0
23127.072095342704,-44.0
23127.072157839535,-12.0
23127.072220336366,-7.0
23127.072282833196,-5.0
23127.07234533003,-14.0
23127.07240782686,-36.0
23127.072470323692,-117.0
23127.072532820523,-113.0
23127.072595317353,-102.0
23127.072657814188,-135.0
23127.07272031102,-114.0
23127.07278280785,-97.0
23127.07284530468,-107.0
23127.072907801514,-80.0
23127.072970298344,-88.0
23127.073032795175,-107.0
23127.073095292006,-97.0
23127.073157788836,-105.0
23127.07322028567,-90.0
23127.0732827825,-74.0
23127.073345279332,-54.0
23127.073407776163,-43.0
23127.073470272993,-55.0
23127.073532769828,11.0
23127.07359526666,68.0
23127.07365776349,51.0
23127.07372026032,64.0
23127.07378275715,104.0
23127.073845253984,95.0
23127.073907750815,96.0
23127.073970247646,136.0
23127.074032744476,118.0
23127.07409524131,65.0
23127.07415773814,82.0
23127.074220234972,91.0
23127.074282731803,64.0
23127.074345228633,51.0
23127.074407725468,57.0
23127.0744702223,35.0
23127.07453271913,64.0
23127.07459521596,110.0
23127.07465771279,63.0
23127.074720209625,82.0
23127.074782706455,127.0
23127.074845203286,120.0
23127.074907700116,115.0
23127.074970196947,130.0
23127.07503269378,91.0
23127.075095190612,70.0
23127.075157687443,90.0
23127.075220184273,86.0
23127.075282681108,87.0
23127.07534517794,122.0
23127.07540767477,141.0
23127.0754701716,91.0
23127.07553266843,100.0
23127.075595165265,93.0
23127.075657662095,48.0
23127.075720158926,38.0
23127.075782655756,56.0
23127.075845152587,63.0
23127.07590764942,55.0
23127.075970146252,58.0
23127.076032643083,34.0
23127.076095139913,21.0
23127.076157636744,21.0
23127.07622013358,43.0
23127.07628263041,67.0
23127.07634512724,75.0
23127.07640762407,80.0
23127.076470120905,56.0
23127.076532617735,57.0
23127.076595114566,65.0
23127.076657611397,64.0
23127.076720108227,97.0
23127.07678260506,81.0
23127.076845101892,46.0
23127.076907598723,40.0
23127.076970095553,62.0
23127.077032592384,73.0
23127.07709508922,80.0
23127.07715758605,72.0
23127.07722008288,40.0
23127.07728257971,36.0
23127.07734507654,40.0
23127.077407573375,40.0
23127.077470070206,8.0
23127.077532567037,51.0
23127.077595063867,82.0
23127.0776575607,22.0
23127.077720057532,45.0
23127.077782554363,45.0
23127.077845051193,57.0
23127.077907548024,83.0
23127.07797004486,54.0
23127.07803254169,42.0
23127.07809503852,51.0
23127.07815753535,47.0
23127.07822003218,30.0
23127.078282529015,33.0
23127.078345025846,50.0
23127.078407522677,38.0
23127.078470019507,-17.0
23127.078532516338,12.0
23127.078595013172,49.0
23127.078657510003,22.0
23127.078720006833,22.0
23127.078782503664,3.0
23127.0788450005,14.0
23127.07890749733,22.0
23127.07896999416,25.0
23127.07903249099,40.0
23127.07909498782,57.0
23127.079157484655,60.0
23127.079219981486,38.0
23127.079282478317,49.0
23127.079344975147,48.0
23127.079407471978,43.0
23127.079469968812,-3.0
23127.079532465643,13.0
23127.079594962473,70.0
23127.079657459304,10.0
23127.079719956135,23.0
23127.07978245297,52.0
23127.0798449498,20.0
23127.07990744663,29.0
23127.07996994346,48.0
23127.080032440295,47.0
23127.080094937126,70.0
23127.080157433957,22.0
23127.080219930787,198.0
23127.080282427618,412.0
23127.080344924452,330.0
23127.080407421283,316.0
23127.080469918114,284.0
23127.080532414944,265.0
23127.080594911775,312.0
23127.08065740861,285.0
23127.08071990544,252.0
23127.08078240227,236.0
23127.0808448991,261.0
23127.08090739593,233.0
23127.080969892766,227.0
23127.081032389597,242.0
23127.081094886427,224.0
23127.081157383258,235.0
23127.081219880092,226.0
23127.081282376923,235.0
23127.081344873754,238.0
23127.081407370584,226.0
23127.081469867415,176.0
23127.08153236425,172.0
23127.08159486108,230.0
23127.08165735791,181.0
23127.08171985474,149.0
23127.08178235157,175.0
23127.081844848406,185.0
23127.081907345237,163.0
23127.081969842067,164.0
23127.082032338898,145.0
23127.08209483573,94.0
23127.082157332563,98.0
23127.082219829394,80.0
23127.082282326224,44.0
23127.082344823055,68.0
23127.08240731989,104.0
23127.08246981672,103.0
23127.08253231355,155.0
23127.08259481038,193.0
23127.08265730721,155.0
23127.082719804046,150.0
23127.082782300877,132.0
23127.082844797707,117.0
23127.082907294538,105.0
23127.08296979137,115.0
23127.083032288203,125.0
23127.083094785034,111.0
23127.083157281864,142.0
23127.083219778695,138.0
23127.083282275526,102.0
23127.08334477236,102.0
23127.08340726919,88.0
23127.08346976602,38.0
23127.08353226285,17.0
23127.083594759686,22.0
23127.083657256517,-58.0
23127.083719753347,-105.0
23127.083782250178,-87.0
23127.08384474701,-96.0
23127.083907243843,-108.0
23127.083969740674,-57.0
23127.084032237504,-27.0
23127.084094734335,-30.0
23127.084157231166,-42.0
23127.084219728,-71.0
23127.08428222483,-86.0
23127.08434472166,-87.0
23127.084407218492,-86.0
23127.084469715322,-135.0
23127.084532212157,-97.0
23127.084594708987,-40.0
23127.084657205818,-65.0
23127.08471970265,-78.0
23127.084782199483,-82.0
23127.084844696314,-88.0
23127.084907193144,-137.0
23127.084969689975,-154.0
23127.085032186806,-131.0
23127.08509468364,-119.0
23127.08515718047,-91.0
23127.0852196773,-75.0
23127.085282174132,-83.0
23127.085344670963,-130.0
23127.085407167797,-167.0
23127.085469664627,-183.0
23127.085532161458,-158.0
23127.08559465829,-81.0
23127.08565715512,-77.0
23127.085719651954,-76.0
23127.085782148784,-82.0
23127.085844645615,-113.0
23127.085907142446,-129.0
23127.08596963928,-101.0
23127.08603213611,-69.0
23127.08609463294,-43.0
23127.086157129772,-61.0
23127.086219626603,-112.0
23127.086282123437,-131.0
23127.086344620267,-123.0
23127.086407117098,-106.0
23127.08646961393,-91.0
23127.08653211076,-51.0
23127.086594607594,-25.0
23127.086657104424,-98.0
23127.086719601255,-122.0
23127.086782098086,-96.0
23127.086844594916,-106.0
23127.08690709175,-77.0
23127.08696958858,-38.0
23127.087032085412,-64.0
23127.087094582243,-69.0
23127.087157079077,-49.0
23127.087219575908,-47.0
23127.087282072738,-57.0
23127.08734456957,-66.0
23127.0874070664,-36.0
23127.087469563234,-51.0
23127.087532060064,-63.0
23127.087594556895,-53.0
23127.087657053726,-73.0
23127.087719550556,-68.0
23127.08778204739,-43.0
23127.08784454422,-49.0
23127.087907041052,-66.0
23127.087969537883,-36.0
23127.088032034713,-21.0
23127.088094531548,-32.0
23127.08815702838,-33.0
23127.08821952521,-29.0
23127.08828202204,-40.0
23127.088344518874,-54.0
23127.088407015704,-50.0
23127.088469512535,-42.0
23127.088532009366,-35.0
23127.088594506196,-29.0
23127.08865700303,-35.0
23127.08871949986,-36.0
23127.088781996692,-54.0
23127.088844493523,-72.0
23127.088906990353,-74.0
23127.088969487188,-79.0
23127.08903198402,-63.0
23127.08909448085,-58.0
23127.08915697768,-57.0
23127.08921947451,-71.0
23127.089281971344,-75.0
23127.089344468175,-64.0
23127.089406965006,-65.0
23127.089469461836,-56.0
23127.08953195867,-39.0
23127.0895944555,-66.0
23127.089656952332,-75.0
23127.089719449163,-36.0
23127.089781945993,-53.0
23127.089844442828,-54.0
23127.08990693966,-50.0
23127.08996943649,-43.0
23127.09003193332,-17.0
23127.09009443015,-40.0
23127.090156926984,-15.0
23127.090219423815,-149.0
23127.090281920646,-359.0
23127.090344417476,-356.0
23127.090406914307,-348.0
23127.09046941114,-325.0
23127.090531907972,-269.0
23127.090594404803,-240.0
23127.090656901633,-225.0
23127.090719398468,-202.0
23127.0907818953,-203.0
23127.09084439213,-220.0
23127.09090688896,-207.0
23127.09096938579,-201.0
23127.091031882625,-238.0
23127.091094379455,-217.0
23127.091156876286,-201.0
23127.091219373116,-199.0
23127.091281869947,-170.0
23127.09134436678,-163.0
23127.091406863612,-155.0
23127.091469360443,-176.0
23127.091531857273,-150.0
23127.091594354104,-138.0
23127.09165685094,-166.0
23127.09171934777,-151.0
23127.0917818446,-165.0
23127.09184434143,-143.0
23127.091906838265,-125.0
23127.091969335095,-162.0
23127.092031831926,-142.0
23127.092094328757,-87.0
23127.092156825587,-32.0
23127.09221932242,2.0
23127.092281819252,3.0
23127.092344316083,-20.0
23127.092406812913,-51.0
23127.092469309744,-123.0
23127.09253180658,-138.0
23127.09259430341,-128.0
23127.09265680024,-166.0
23127.09271929707,-161.0
23127.0927817939,-164.0
23127.092844290735,-170.0
23127.092906787566,-186.0
23127.092969284397,-173.0
23127.093031781227,-160.0
23127.09309427806,-187.0
23127.093156774892,-174.0
23127.093219271723,-137.0
23127.093281768553,-139.0
23127.093344265384,-124.0
23127.09340676222,-73.0
23127.09346925905,-70.0
23127.09353175588,-53.0
23127.09359425271,7.0
23127.09365674954,19.0
23127.093719246375,4.0
23127.093781743206,10.0
23127.093844240037,22.0
23127.093906736867,28.0
23127.093969233698,18.0
23127.094031730532,37.0
23127.094094227363,40.0
23127.094156724193,25.0
23127.094219221024,41.0
23127.09428171786,41.0
23127.09434421469,16.0
23127.09440671152,13.0
23127.09446920835,-7.0
23127.09453170518,17.0
23127.094594202015,48.0
23127.094656698846,16.0
23127.094719195677,8.0
23127.094781692507,-18.0
23127.094844189338,1.0
23127.094906686172,46.0
23127.094969183003,24.0
23127.095031679833,14.0
23127.095094176664,49.0
23127.095156673495,59.0
23127.09521917033,49.0
23127.09528166716,36.0
23127.09534416399,19.0
23127.09540666082,43.0
23127.095469157655,41.0
23127.095531654486,60.0
23127.095594151317,72.0
23127.095656648147,29.0
23127.095719144978,40.0
23127.095781641812,23.0
23127.095844138643,5.0
23127.095906635474,25.0
23127.095969132304,32.0
23127.096031629135,13.0
23127.09609412597,21.0
23127.0961566228,25.0
23127.09621911963,22.0
23127.09628161646,67.0
23127.09634411329,84.0
23127.096406610126,65.0
23127.096469106957,44.0
23127.096531603787,58.0
23127.096594100618,70.0
23127.096656597452,8.0
23127.096719094283,-8.0
23127.096781591114,46.0
23127.096844087944,39.0
23127.096906584775,29.0
23127.09696908161,32.0
23127.09703157844,12.0
23127.09709407527,14.0
23127.0971565721,25.0
23127.09721906893,36.0
23127.097281565766,18.0
23127.097344062597,14.0
23127.097406559427,53.0
23127.097469056258,26.0
23127.09753155309,20.0
23127.097594049923,82.0
23127.097656546754,72.0
23127.097719043584,65.0
23127.097781540415,67.0
23127.09784403725,64.0
23127.09790653408,44.0
23127.09796903091,7.0
23127.09803152774,21.0
23127.09809402457,30.0
23127.098156521406,32.0
23127.098219018237,8.0
23127.098281515067,-8.0
23127.098344011898,9.0
23127.09840650873,22.0
23127.098469005563,7.0
23127.098531502394,25.0
23127.098593999224,39.0
23127.098656496055,1.0
23127.098718992886,-5.0
23127.09878148972,-7.0
23127.09884398655,22.0
23127.09890648338,20.0
23127.09896898021,9.0
23127.099031477046,31.0
23127.099093973877,11.0
23127.099156470707,-5.0
23127.099218967538,1.0
23127.09928146437,15.0
23127.099343961203,26.0
23127.099406458034,34.0
23127.099468954864,-13.0
23127.099531451695,-7.0
23127.099593948526,51.0
23127.09965644536,5.0
23127.09971894219,0.0
23127.09978143902,6.0
23127.099843935852,-17.0
23127.099906432682,-9.0
23127.099968929517,-17.0
23127.100031426347,-5.0
23127.100093923178,-4.0
23127.10015642001,-57.0
23127.100218916843,152.0
23127.100281413674,341.0
23127.100343910504,272.0
23127.100406407335,258.0
23127.100468904166,199.0
23127.100531401,159.0
23127.10059389783,210.0
23127.10065639466,216.0
23127.100718891492,220.0
23127.100781388323,201.0
23127.100843885157,203.0
23127.100906381987,212.0
23127.100968878818,198.0
23127.10103137565,201.0
23127.10109387248,212.0
23127.101156369314,211.0
23127.101218866144,173.0
23127.101281362975,179.0
23127.101343859806,143.0
23127.10140635664,135.0
23127.10146885347,102.0
23127.1015313503,89.0
23127.101593847132,130.0
23127.101656343963,67.0
23127.101718840797,102.0
23127.101781337627,131.0
23127.101843834458,105.0
23127.10190633129,123.0
23127.10196882812,103.0
23127.102031324954,90.0
23127.102093821784,75.0
23127.102156318615,44.0
23127.102218815446,17.0
23127.102281312276,10.0
23127.10234380911,33.0
23127.10240630594,66.0
23127.102468802772,74.0
23127.102531299603,125.0
23127.102593796437,183.0
23127.102656293268,156.0
23127.102718790098,134.0
23127.10278128693,122.0
23127.10284378376,114.0
23127.102906280594,107.0
23127.102968777424,105.0
23127.103031274255,108.0
23127.103093771086,117.0
23127.103156267916,116.0
23127.10321876475,101.0
23127.10328126158,93.0
23127.103343758412,69.0
23127.103406255243,63.0
23127.103468752073,26.0
23127.103531248908,-11.0
23127.103593745738,-3.0
23127.10365624257,-42.0
23127.1037187394,-53.0
23127.103781236234,-64.0
23127.103843733064,-89.0
23127.103906229895,-89.0
23127.103968726726,-83.0
23127.104031223556,-102.0
23127.10409372039,-106.0
23127.10415621722,-107.0
23127.104218714052,-109.0
23127.104281210883,-119.0
23127.104343707713,-102.0
23127.104406204548,-67.0
23127.10446870138,-86.0
23127.10453119821,-55.0
23127.10459369504,-48.0
23127.10465619187,-76.0
23127.104718688704,-43.0
23127.104781185535,-70.0
23127.104843682366,-90.0
23127.104906179196,-82.0
23127.10496867603,-113.0
23127.10503117286,-124.0
23127.105093669692,-87.0
23127.105156166523,-90.0
23127.105218663353,-127.0
23127.105281160188,-121.0
23127.10534365702,-102.0
23127.10540615385,-66.0
23127.10546865068,-87.0
23127.10553114751,-49.0
23127.105593644344,13.0
23127.105656141175,-25.0
23127.105718638006,-38.0
23127.105781134836,-44.0
23127.105843631667,-45.0
23127.1059061285,-61.0
23127.105968625332,-63.0
23127.106031122163,-45.0
23127.106093618993,-34.0
23127.106156115828,-19.0
23127.10621861266,-5.0
23127.10628110949,-2.0
23127.10634360632,-15.0
23127.10640610315,-33.0
23127.106468599985,-82.0
23127.106531096815,-67.0
23127.106593593646,-23.0
23127.106656090476,-38.0
23127.106718587307,-14.0
23127.10678108414,-6.0
23127.106843580972,-12.0
23127.106906077803,-15.0
23127.106968574633,12.0
23127.107031071464,25.0
23127.1070935683,11.0
23127.10715606513,32.0
23127.10721856196,23.0
23127.10728105879,1.0
23127.107343555625,-4.0
23127.107406052455,15.0
23127.107468549286,-13.0
23127.107531046116,-30.0
23127.107593542947,2.0
23127.10765603978,-31.0
23127.107718536612,-28.0
23127.107781033443,-14.0
23127.107843530273,-17.0
23127.107906027104,-6.0
23127.10796852394,-25.0
23127.10803102077,-9.0
23127.1080935176,18.0
23127.10815601443,-2.0
23127.10821851126,-22.0
23127.108281008095,-1.0
23127.108343504926,-8.0
23127.108406001757,-17.0
23127.108468498587,-27.0
23127.10853099542,-28.0
23127.108593492252,3.0
23127.108655989083,-17.0
23127.108718485913,-2.0
23127.108780982744,12.0
23127.10884347958,6.0
23127.10890597641,8.0
23127.10896847324,-14.0
23127.10903097007,-17.0
23127.1090934669,-13.0
23127.109155963735,-13.0
23127.109218460566,-11.0
23127.109280957397,14.0
23127.109343454227,22.0
23127.109405951058,7.0
23127.109468447892,-18.0
23127.109530944723,-12.0
23127.109593441553,25.0
23127.109655938384,6.0
23127.10971843522,3.0
23127.10978093205,10.0
23127.10984342888,-3.0
23127.10990592571,3.0
23127.10996842254,19.0
23127.110030919375,27.0
23127.110093416206,5.0
23127.110155913037,35.0
23127.110218409867,-128.0
23127.110280906698,-344.0
23127.110343403532,-269.0
23127.110405900363,-224.0
23127.110468397193,-291.0
23127.110530894024,-278.0
23127.110593390855,-250.0
23127.11065588769,-248.0
23127.11071838452,-201.0
23127.11078088135,-200.0
23127.11084337818,-227.0
23127.110905875015,-225.0
23127.110968371846,-206.0
23127.111030868677,-234.0
23127.111093365507,-250.0
23127.111155862338,-211.0
23127.111218359172,-166.0
23127.111280856003,-209.0
23127.111343352834,-231.0
23127.111405849664,-198.0
23127.111468346495,-228.0
23127.11153084333,-159.0
23127.11159334016,-95.0
23127.11165583699,-105.0
23127.11171833382,-80.0
23127.11178083065,-79.0
23127.111843327486,-96.0
23127.111905824317,-109.0
23127.111968321147,-119.0
23127.112030817978,-81.0
23127.112093314812,-5.0
23127.112155811643,12.0
23127.112218308474,74.0
23127.112280805304,89.0
23127.112343302135,25.0
23127.11240579897,5.0
23127.1124682958,-80.0
23127.11253079263,-106.0
23127.11259328946,-94.0
23127.11265578629,-122.0
23127.112718283126,-100.0
23127.112780779957,-90.0
23127.112843276787,-88.0
23127.112905773618,-86.0
23127.11296827045,-80.0
23127.113030767283,-83.0
23127.113093264114,-91.0
23127.113155760944,-108.0
23127.113218257775,-127.0
23127.11328075461,-110.0
23127.11334325144,-90.0
23127.11340574827,-59.0
23127.1134682451,-48.0
23127.11353074193,-1.0
23127.113593238766,44.0
23127.113655735597,53.0
23127.113718232427,70.0
23127.113780729258,70.0
23127.11384322609,68.0
23127.113905722923,86.0
23127.113968219754,99.0
23127.114030716584,87.0
23127.114093213415,97.0
23127.114155710246,106.0
23127.11421820708,81.0
23127.11428070391,66.0
23127.11434320074,75.0
23127.11440569757,59.0
23127.114468194406,9.0
23127.114530691237,35.0
23127.114593188067,71.0
23127.114655684898,46.0
23127.11471818173,40.0
23127.114780678563,36.0
23127.114843175394,35.0
23127.114905672224,60.0
23127.114968169055,84.0
23127.115030665886,82.0
23127.11509316272,75.0
23127.11515565955,76.0
23127.11521815638,47.0
23127.11528065321,41.0
23127.115343150042,82.0
23127.115405646877,82.0
23127.115468143707,49.0
23127.115530640538,85.0
23127.11559313737,116.0
23127.115655634203,76.0
23127.115718131034,83.0
23127.115780627864,76.0
23127.115843124695,41.0
23127.115905621526,56.0
23127.11596811836,48.0
23127.11603061519,28.0
23127.11609311202,25.0
23127.116155608852,34.0
23127.116218105682,44.0
23127.116280602517,36.0
23127.116343099347,43.0
23127.116405596178,61.0
23127.11646809301,17.0
23127.11653058984,31.0
23127.116593086674,88.0
23127.116655583504,78.0
23127.116718080335,66.0
23127.116780577166,58.0
23127.116843074,66.0
23127.11690557083,56.0
23127.11696806766,66.0
23127.117030564492,47.0
23127.117093061323,12.0
23127.117155558157,27.0
23127.117218054987,34.0
23127.117280551818,19.0
23127.11734304865,21.0
23127.11740554548,54.0
23127.117468042314,23.0
23127.117530539144,16.0
23127.117593035975,60.0
23127.117655532806,33.0
23127.117718029636,19.0
23127.11778052647,15.0
23127.1178430233,20.0
23127.117905520132,22.0
23127.117968016963,11.0
23127.118030513797,26.0
23127.118093010627,23.0
23127.118155507458,3.0
23127.11821800429,34.0
23127.11828050112,32.0
23127.118342997954,10.0
23127.118405494784,44.0
23127.118467991615,18.0
23127.118530488446,17.0
23127.118592985276,51.0
23127.11865548211,20.0
23127.11871797894,-5.0
23127.118780475772,-2.0
23127.118842972603,21.0
23127.118905469433,20.0
23127.118967966268,28.0
23127.119030463098,37.0
23127.11909295993,7.0
23127.11915545676,30.0
23127.119217953594,68.0
23127.119280450424,30.0
23127.119342947255,0.0
23127.119405444086,41.0
23127.119467940916,33.0
23127.11953043775,44.0
23127.11959293458,100.0
23127.119655431412,61.0
23127.119717928243,41.0
23127.119780425073,50.0
23127.119842921908,52.0
23127.11990541874,56.0
23127.11996791557,45.0
23127.1200304124,49.0
23127.12009290923,48.0
23127.120155406064,12.0
23127.120217902895,215.0
23127.120280399726,360.0
23127.120342896556,280.0
23127.12040539339,258.0
23127.12046789022,206.0
23127.120530387052,216.0
23127.120592883883,259.0
23127.120655380713,233.0
23127.120717877548,223.0
23127.12078037438,212.0
23127.12084287121,214.0
23127.12090536804,192.0
23127.12096786487,189.0
23127.121030361704,233.0
23127.121092858535,216.0
23127.121155355366,221.0
23127.121217852196,220.0
23127.121280349027,189.0
23127.12134284586,153.0
23127.121405342692,138.0
23127.121467839523,120.0
23127.121530336353,161.0
23127.121592833188,231.0
23127.12165533002,184.0
23127.12171782685,186.0
23127.12178032368,168.0
23127.12184282051,139.0
23127.121905317344,125.0
23127.121967814175,112.0
23127.122030311006,103.0
23127.122092807836,71.0
23127.122155304667,53.0
23127.1222178015,38.0
23127.122280298332,34.0
23127.122342795163,75.0
23127.122405291993,121.0
23127.122467788824,83.0
23127.12253028566,124.0
23127.12259278249,184.0
23127.12265527932,137.0
23127.12271777615,148.0
23127.122780272985,98.0
23127.122842769815,55.0
23127.122905266646,99.0
23127.122967763476,102.0
23127.123030260307,82.0
23127.12309275714,100.0
23127.123155253972,97.0
23127.123217750803,78.0
23127.123280247633,71.0
23127.123342744464,61.0
23127.1234052413,33.0
23127.12346773813,-22.0
23127.12353023496,15.0
23127.12359273179,30.0
23127.12365522862,-48.0
23127.123717725455,-35.0
23127.123780222286,-48.0
23127.123842719117,-58.0
23127.123905215947,-29.0
23127.12396771278,-45.0
23127.124030209612,-75.0
23127.124092706443,-56.0
23127.124155203273,-27.0
23127.124217700104,-47.0
23127.12428019694,-47.0
23127.12434269377,-36.0
23127.1244051906,-55.0
23127.12446768743,-88.0
23127.12453018426,-42.0
23127.124592681095,-10.0
23127.124655177926,-59.0
23127.124717674757,-55.0
23127.124780171587,-63.0
23127.124842668418,-70.0
23127.124905165252,-69.0
23127.124967662083,-61.0
23127.125030158913,-89.0
23127.125092655744,-111.0
23127.12515515258,-102.0
23127.12521764941,-115.0
23127.12528014624,-98.0
23127.12534264307,-97.0
23127.1254051399,-102.0
23127.125467636735,-120.0
23127.125530133566,-125.0
23127.125592630397,-80.0
23127.125655127227,-112.0
23127.125717624058,-106.0
23127.125780120892,-91.0
23127.125842617723,-106.0
23127.125905114553,-95.0
23127.125967611384,-90.0
23127.126030108215,-98.0
23127.12609260505,-93.0
23127.12615510188,-76.0
23127.12621759871,-72.0
23127.12628009554,-77.0
23127.126342592375,-90.0
23127.126405089206,-94.0
23127.126467586037,-106.0
23127.126530082867,-67.0
23127.126592579698,-27.0
23127.126655076532,-67.0
23127.126717573363,-54.0
23127.126780070193,-61.0
23127.126842567024,-91.0
23127.126905063855,-64.0
23127.12696756069,-61.0
23127.12703005752,-74.0
23127.12709255435,-68.0
23127.12715505118,-93.0
23127.12721754801,-76.0
23127.127280044846,-61.0
23127.127342541677,-88.0
23127.127405038507,-77.0
23127.127467535338,-64.0
23127.127530032172,-53.0
23127.127592529003,-41.0
23127.127655025834,-41.0
23127.127717522664,-54.0
23127.127780019495,-67.0
23127.12784251633,-49.0
23127.12790501316,-23.0
23127.12796750999,-27.0
23127.12803000682,-39.0
23127.12809250365,-8.0
23127.128155000486,-5.0
23127.128217497317,-28.0
23127.128279994147,-21.0
23127.128342490978,-9.0
23127.12840498781,-10.0
23127.128467484643,-41.0
23127.128529981474,-33.0
23127.128592478304,-4.0
23127.128654975135,-19.0
23127.12871747197,-8.0
23127.1287799688,-13.0
23127.12884246563,-15.0
23127.12890496246,-11.0
23127.12896745929,-6.0
23127.129029956126,-1.0
23127.129092452957,7.0
23127.129154949787,18.0
23127.129217446618,-6.0
23127.12927994345,-9.0
23127.129342440283,3.0
23127.129404937114,7.0
23127.129467433944,-4.0
23127.129529930775,0.0
23127.129592427606,51.0
23127.12965492444,15.0
23127.12971742127,21.0
23127.1297799181,37.0
23127.12984241493,29.0
23127.129904911766,44.0
23127.129967408597,28.0
23127.130029905427,33.0
23127.130092402258,47.0
23127.13015489909,77.0
23127.130217395923,-88.0
23127.130279892754,-277.0
23127.130342389584,-281.0
23127.130404886415,-263.0
23127.130467383246,-269.0
23127.13052988008,-226.0
23127.13059237691,-167.0
23127.13065487374,-199.0
23127.13071737057,-212.0
23127.130779867402,-212.0
23127.130842364237,-184.0
23127.130904861067,-138.0
23127.130967357898,-132.0
23127.13102985473,-192.0
23127.131092351563,-215.0
23127.131154848394,-182.0
23127.131217345224,-150.0
23127.131279842055,-151.0
23127.131342338886,-155.0
23127.13140483572,-150.0
23127.13146733255,-184.0
23127.13152982938,-115.0
23127.131592326212,-69.0
23127.131654823042,-113.0
23127.131717319877,-116.0
23127.131779816707,-158.0
23127.131842313538,-118.0
23127.13190481037,-68.0
23127.1319673072,-70.0
23127.132029804034,-58.0
23127.132092300864,-52.0
23127.132154797695,-50.0
23127.132217294526,-41.0
23127.13227979136,3.0
23127.13234228819,8.0
23127.13240478502,-45.0
23127.132467281852,-130.0
23127.132529778683,-134.0
23127.132592275517,-81.0
23127.132654772347,-93.0
23127.132717269178,-76.0
23127.13277976601,-58.0
23127.13284226284,-55.0
23127.132904759674,-54.0
23127.132967256504,-76.0
23127.133029753335,-78.0
23127.133092250166,-67.0
23127.133154746996,-61.0
23127.13321724383,-37.0
23127.13327974066,-27.0
23127.133342237492,-18.0
23127.133404734323,18.0
23127.133467231157,-23.0
23127.133529727987,-16.0
23127.133592224818,58.0
23127.13365472165,58.0
23127.13371721848,83.0
23127.133779715314,124.0
23127.133842212144,132.0
23127.133904708975,106.0
23127.133967205806,116.0
23127.134029702636,132.0
23127.13409219947,104.0
23127.1341546963,97.0
23127.134217193132,97.0
23127.134279689963,89.0
23127.134342186793,88.0
23127.134404683628,99.0
23127.134467180458,91.0
23127.13452967729,111.0
23127.13459217412,124.0
23127.134654670954,97.0
23127.134717167784,82.0
23127.134779664615,83.0
23127.134842161446,100.0
23127.134904658276,92.0
23127.13496715511,96.0
23127.13502965194,128.0
23127.135092148772,120.0
23127.135154645603,116.0
23127.135217142433,139.0
23127.135279639268,119.0
23127.1353421361,126.0
23127.13540463293,151.0
23127.13546712976,114.0
23127.13552962659,123.0
23127.135592123424,153.0
23127.135654620255,112.0
23127.135717117086,88.0
23127.135779613916,91.0
23127.13584211075,86.0
23127.13590460758,62.0
23127.135967104412,44.0
23127.136029601243,50.0
23127.136092098073,39.0
23127.136154594908,47.0
23127.13621709174,60.0
23127.13627958857,61.0
23127.1363420854,62.0
23127.13640458223,59.0
23127.136467079064,35.0
23127.136529575895,18.0
23127.136592072726,21.0
23127.136654569556,15.0
23127.136717066387,44.0
23127.13677956322,38.0
23127.136842060052,29.0
23127.136904556883,40.0
23127.136967053713,15.0
23127.137029550548,16.0
23127.13709204738,33.0
23127.13715454421,36.0
23127.13721704104,24.0
23127.13727953787,29.0
23127.137342034704,40.0
23127.137404531535,25.0
23127.137467028366,-19.0
23127.137529525196,11.0
23127.137592022027,46.0
23127.13765451886,9.0
23127.137717015692,27.0
23127.137779512523,15.0
23127.137842009353,23.0
23127.137904506184,44.0
23127.13796700302,31.0
23127.13802949985,38.0
23127.13809199668,26.0
23127.13815449351,26.0
23127.138216990345,33.0
23127.138279487175,16.0
23127.138341984006,19.0
23127.138404480836,18.0
23127.138466977667,-20.0
23127.1385294745,9.0
23127.138591971332,44.0
23127.138654468163,-13.0
23127.138716964993,-1.0
23127.138779461824,12.0
23127.13884195866,-17.0
23127.13890445549,-9.0
23127.13896695232,7.0
23127.13902944915,15.0
23127.13909194598,19.0
23127.139154442815,0.0
23127.139216939646,15.0
23127.139279436476,-1.0
23127.139341933307,-19.0
23127.13940443014,-4.0
23127.139466926972,-42.0
23127.139529423803,-16.0
23127.139591920633,28.0
23127.139654417464,1.0
23127.1397169143,2.0
23127.13977941113,2.0
23127.13984190796,-9.0
23127.13990440479,3.0
23127.13996690162,7.0
23127.140029398455,14.0
23127.140091895286,7.0
23127.140154392117,-10.0
23127.140216888947,190.0
23127.140279385778,345.0
23127.140341882612,290.0
23127.140404379443,292.0
23127.140466876273,234.0
23127.140529373104,213.0
23127.14059186994,260.0
23127.14065436677,193.0
23127.1407168636,175.0
23127.14077936043,194.0
23127.14084185726,206.0
23127.140904354095,212.0
23127.140966850926,196.0
23127.141029347757,203.0
23127.141091844587,203.0
23127.141154341418,169.0
23127.141216838252,139.0
23127.141279335083,191.0
23127.141341831913,198.0
23127.141404328744,187.0
23127.141466825575,151.0
23127.14152932241,118.0
23127.14159181924,177.0
23127.14165431607,146.0
23127.1417168129,139.0
23127.141779309735,138.0
23127.141841806566,107.0
23127.141904303397,115.0
23127.141966800227,112.0
23127.142029297058,70.0
23127.142091793892,37.0
23127.142154290723,33.0
23127.142216787553,2.0
23127.142279284384,-1.0
23127.142341781215,19.0
23127.14240427805,55.0
23127.14246677488,66.0
23127.14252927171,131.0
23127.14259176854,186.0
23127.14265426537,142.0
23127.142716762206,115.0
23127.142779259037,112.0
23127.142841755867,117.0
23127.142904252698,88.0
23127.142966749532,60.0
23127.143029246363,100.0
23127.143091743194,128.0
23127.143154240024,123.0
23127.143216736855,124.0
23127.14327923369,87.0
23127.14334173052,55.0
23127.14340422735,34.0
23127.14346672418,-35.0
23127.14352922101,-31.0
23127.143591717846,-1.0
23127.143654214677,-52.0
23127.143716711507,-60.0
23127.143779208338,-54.0
23127.14384170517,-41.0
23127.143904202003,-53.0
23127.143966698834,-66.0
23127.144029195664,-83.0
23127.144091692495,-83.0
23127.14415418933,-94.0
23127.14421668616,-114.0
23127.14427918299,-109.0
23127.14434167982,-127.0
23127.14440417665,-103.0
23127.144466673486,-120.0
23127.144529170317,-103.0
23127.144591667147,-53.0
23127.144654163978,-93.0
23127.14471666081,-94.0
23127.144779157643,-90.0
23127.144841654474,-93.0
23127.144904151304,-114.0
23127.144966648135,-146.0
23127.145029144966,-134.0
23127.1450916418,-113.0
23127.14515413863,-133.0
23127.14521663546,-119.0
23127.14527913229,-102.0
23127.145341629126,-138.0
23127.145404125957,-139.0
23127.145466622787,-159.0
23127.145529119618,-129.0
23127.14559161645,-76.0
23127.145654113283,-105.0
23127.145716610114,-102.0
23127.145779106944,-105.0
23127.145841603775,-105.0
23127.145904100606,-106.0
23127.14596659744,-113.0
23127.14602909427,-95.0
23127.1460915911,-87.0
23127.14615408793,-118.0
23127.146216584762,-108.0
23127.146279081597,-110.0
23127.146341578427,-128.0
23127.146404075258,-114.0
23127.14646657209,-149.0
23127.146529068923,-128.0
23127.146591565754,-70.0
23127.146654062584,-101.0
23127.146716559415,-109.0
23127.146779056246,-110.0
23127.14684155308,-89.0
23127.14690404991,-87.0
23127.14696654674,-90.0
23127.147029043572,-53.0
23127.147091540402,-67.0
23127.147154037237,-82.0
23127.147216534067,-92.0
23127.147279030898,-81.0
23127.14734152773,-67.0
23127.14740402456,-63.0
23127.147466521394,-78.0
23127.147529018224,-95.0
23127.147591515055,-79.0
23127.147654011886,-57.0
23127.14771650872,-63.0
23127.14777900555,-83.0
23127.14784150238,-71.0
23127.147903999212,-71.0
23127.147966496042,-59.0
23127.148028992877,-50.0
23127.148091489707,-64.0
23127.148153986538,-70.0
23127.14821648337,-77.0
23127.1482789802,-67.0
23127.148341477034,-61.0
23127.148403973864,-54.0
23127.148466470695,-88.0
23127.148528967526,-83.0
23127.148591464356,-25.0
23127.14865396119,-43.0
23127.14871645802,-45.0
23127.148778954852,-40.0
23127.148841451683,-68.0
23127.148903948517,-58.0
23127.148966445347,-22.0
23127.149028942178,-24.0
23127.14909143901,-24.0
23127.14915393584,-14.0
23127.149216432674,-15.0
23127.149278929504,-32.0
23127.149341426335,-35.0
23127.149403923166,-21.0
23127.149466419996,-28.0
23127.14952891683,-14.0
23127.14959141366,14.0
23127.149653910492,-4.0
23127.149716407323,-10.0
23127.149778904153,-10.0
23127.149841400987,6.0
23127.149903897818,29.0
23127.14996639465,16.0
23127.15002889148,3.0
23127.150091388314,9.0
23127.150153885144,37.0
23127.150216381975,-160.0
23127.150278878806,-315.0
23127.150341375636,-279.0
23127.15040387247,-280.0
23127.1504663693,-284.0
23127.150528866132,-252.0
23127.150591362963,-219.0
23127.150653859793,-204.0
23127.150716356628,-201.0
23127.150778853458,-251.0
23127.15084135029,-265.0
23127.15090384712,-226.0
23127.15096634395,-198.0
23127.151028840784,-224.0
23127.151091337615,-226.0
23127.151153834446,-210.0
23127.151216331276,-250.0
23127.15127882811,-263.0
23127.15134132494,-173.0
23127.151403821772,-140.0
23127.151466318603,-176.0
23127.151528815433,-176.0
23127.151591312268,-185.0
23127.1516538091,-194.0
23127.15171630593,-139.0
23127.15177880276,-116.0
23127.15184129959,-123.0
23127.151903796424,-116.0
23127.151966293255,-143.0
23127.152028790086,-96.0
23127.152091286916,-7.0
23127.152153783747,-11.0
23127.15221628058,-11.0
23127.152278777412,-13.0
23127.152341274243,-11.0
23127.152403771073,13.0
23127.152466267908,-82.0
23127.15252876474,-146.0
23127.15259126157,-96.0
23127.1526537584,-98.0
23127.15271625523,-111.0
23127.152778752064,-108.0
23127.152841248895,-116.0
23127.152903745726,-128.0
23127.152966242556,-142.0
23127.153028739387,-117.0
23127.15309123622,-109.0
23127.153153733052,-122.0
23127.153216229883,-128.0
23127.153278726713,-133.0
23127.153341223544,-109.0
23127.15340372038,-52.0
23127.15346621721,-28.0
23127.15352871404,-10.0
23127.15359121087,31.0
23127.153653707705,16.0
23127.153716204535,34.0
23127.153778701366,75.0
23127.153841198196,76.0
23127.153903695027,80.0
23127.15396619186,79.0
23127.154028688692,72.0
23127.154091185523,54.0
23127.154153682353,56.0
23127.154216179184,99.0
23127.15427867602,127.0
23127.15434117285,86.0
23127.15440366968,61.0
23127.15446616651,36.0
23127.15452866334,31.0
23127.154591160175,54.0
23127.154653657006,55.0
23127.154716153836,75.0
23127.154778650667,77.0
23127.1548411475,87.0
23127.154903644332,99.0
23127.154966141163,80.0
23127.155028637993,90.0
23127.155091134824,97.0
23127.15515363166,89.0
23127.15521612849,117.0
23127.15527862532,131.0
23127.15534112215,106.0
23127.15540361898,108.0
23127.155466115815,93.0
23127.155528612646,96.0
23127.155591109477,122.0
23127.155653606307,82.0
23127.155716103138,91.0
23127.155778599972,75.0
23127.155841096803,80.0
23127.155903593633,108.0
23127.155966090464,96.0
23127.1560285873,101.0
23127.15609108413,89.0
23127.15615358096,79.0
23127.15621607779,75.0
23127.15627857462,77.0
23127.156341071455,74.0
23127.156403568286,51.0
23127.156466065117,22.0
23127.156528561947,58.0
23127.156591058778,98.0
23127.156653555612,52.0
23127.156716052443,59.0
23127.156778549273,65.0
23127.156841046104,45.0
23127.156903542935,39.0
23127.15696603977,36.0
23127.1570285366,52.0
23127.15709103343,68.0
23127.15715353026,70.0
23127.157216027095,67.0
23127.157278523926,97.0
23127.157341020757,83.0
23127.157403517587,67.0
23127.157466014418,30.0
23127.157528511252,21.0
23127.157591008083,75.0
23127.157653504913,38.0
23127.157716001744,31.0
23127.157778498575,49.0
23127.15784099541,42.0
23127.15790349224,41.0
23127.15796598907,35.0
23127.1580284859,25.0
23127.15809098273,10.0
23127.158153479566,-1.0
23127.158215976397,11.0
23127.158278473227,28.0
23127.158340970058,24.0
23127.158403466892,19.0
23127.158465963723,-10.0
23127.158528460553,8.0
23127.158590957384,54.0
23127.158653454215,27.0
23127.15871595105,34.0
23127.15877844788,37.0
23127.15884094471,29.0
23127.15890344154,17.0
23127.15896593837,12.0
23127.159028435206,13.0
23127.159090932037,23.0
23127.159153428867,22.0
23127.159215925698,17.0
23127.15927842253,19.0
23127.159340919363,15.0
23127.159403416194,25.0
23127.159465913024,-8.0
23127.159528409855,6.0
23127.15959090669,42.0
23127.15965340352,16.0
23127.15971590035,34.0
23127.15977839718,21.0
23127.15984089401,-1.0
23127.159903390846,7.0
23127.159965887677,12.0
23127.160028384507,29.0
23127.160090881338,7.0
23127.16015337817,-5.0
23127.160215875003,225.0
23127.160278371834,371.0
23127.160340868664,313.0
23127.160403365495,290.0
23127.160465862326,230.0
23127.16052835916,240.0
23127.16059085599,274.0
23127.16065335282,219.0
23127.16071584965,229.0
23127.160778346486,228.0
23127.160840843317,233.0
23127.160903340147,241.0
23127.160965836978,224.0
23127.16102833381,224.0
23127.161090830643,210.0
23127.161153327474,225.0
23127.161215824304,193.0
23127.161278321135,166.0
23127.161340817966,169.0
23127.1614033148,198.0
23127.16146581163,179.0
23127.16152830846,189.0
23127.16159080529,245.0
23127.161653302122,194.0
23127.161715798957,150.0
23127.161778295787,146.0
23127.161840792618,125.0
23127.16190328945,120.0
23127.161965786283,125.0
23127.162028283114,101.0
23127.162090779944,98.0
23127.162153276775,75.0
23127.162215773606,25.0
23127.16227827044,11.0
23127.16234076727,32.0
23127.1624032641,98.0
23127.16246576093,135.0
23127.162528257762,179.0
23127.162590754597,223.0
23127.162653251427,173.0
23127.162715748258,153.0
23127.16277824509,163.0
23127.16284074192,171.0
23127.162903238754,170.0
23127.162965735584,164.0
23127.163028232415,155.0
23127.163090729246,144.0
23127.16315322608,143.0
23127.16321572291,132.0
23127.16327821974,133.0
23127.163340716572,128.0
23127.163403213402,94.0
23127.163465710237,46.0
23127.163528207067,35.0
23127.163590703898,58.0
23127.16365320073,24.0
23127.16371569756,10.0
23127.163778194394,-10.0
23127.163840691224,-30.0
23127.163903188055,-40.0
23127.163965684886,-92.0
23127.164028181716,-100.0
23127.16409067855,-59.0
23127.16415317538,-66.0
23127.164215672212,-74.0
23127.164278169043,-79.0
23127.164340665877,-85.0
23127.164403162707,-65.0
23127.164465659538,-112.0
23127.16452815637,-79.0
23127.1645906532,-10.0
23127.164653150034,-42.0
23127.164715646864,-25.0
23127.164778143695,-27.0
23127.164840640526,-53.0
23127.164903137356,-81.0
23127.16496563419,-103.0
23127.16502813102,-105.0
23127.165090627852,-109.0
23127.165153124683,-128.0
23127.165215621513,-127.0
23127.165278118347,-118.0
23127.165340615178,-114.0
23127.16540311201,-100.0
23127.16546560884,-129.0
23127.165528105674,-133.0
23127.165590602504,-71.0
23127.165653099335,-94.0
23127.165715596166,-123.0
23127.165778092996,-115.0
23127.16584058983,-103.0
23127.16590308666,-113.0
23127.165965583492,-122.0
23127.166028080323,-104.0
23127.166090577153,-89.0
23127.166153073988,-98.0
23127.166215570818,-95.0
23127.16627806765,-83.0
23127.16634056448,-82.0
23127.16640306131,-90.0
23127.166465558144,-96.0
23127.166528054975,-51.0
23127.166590551806,-58.0
23127.166653048636,-88.0
23127.16671554547,-75.0
23127.1667780423,-94.0
23127.166840539132,-76.0
23127.166903035963,-45.0
23127.166965532793,-59.0
23127.167028029628,-55.0
23127.16709052646,-50.0
23127.16715302329,-60.0
23127.16721552012,-55.0
23127.16727801695,-56.0
23127.167340513784,-44.0
23127.167403010615,-28.0
23127.167465507446,-67.0
23127.167528004276,-38.0
23127.167590501107,7.0
23127.16765299794,-27.0
23127.167715494772,-33.0
23127.167777991603,-19.0
23127.167840488433,-48.0
23127.167902985268,-48.0
23127.1679654821,-18.0
23127.16802797893,-21.0
23127.16809047576,-36.0
23127.16815297259,-34.0
23127.168215469424,-8.0
23127.168277966255,8.0
23127.168340463086,-9.0
23127.168402959916,-19.0
23127.168465456747,-37.0
23127.16852795358,-22.0
23127.168590450412,9.0
23127.168652947243,-6.0
23127.168715444073,-12.0
23127.168777940904,-22.0
23127.16884043774,-13.0
23127.16890293457,-6.0
23127.1689654314,1.0
23127.16902792823,-3.0
23127.169090425064,-22.0
23127.169152921895,-36.0
23127.169215418726,-44.0
23127.169277915556,-18.0
23127.169340412387,-10.0
23127.16940290922,-25.0
23127.169465406052,-52.0
23127.169527902883,-35.0
23127.169590399713,-5.0
23127.169652896544,-24.0
23127.16971539338,-4.0
23127.16977789021,-3.0
23127.16984038704,-14.0
23127.16990288387,3.0
23127.1699653807,-3.0
23127.170027877535,-21.0
23127.170090374366,-4.0
23127.170152871196,13.0
23127.170215368027,-184.0
23127.17027786486,-340.0
23127.170340361692,-292.0
23127.170402858523,-283.0
23127.170465355353,-293.0
23127.170527852184,-286.0
23127.17059034902,-234.0
23127.17065284585,-216.0
23127.17071534268,-230.0
23127.17077783951,-193.0
23127.17084033634,-213.0
23127.170902833175,-222.0
23127.170965330006,-202.0
23127.171027826837,-244.0
23127.171090323667,-250.0
23127.171152820498,-224.0
23127.171215317332,-202.0
23127.171277814163,-210.0
23127.171340310993,-191.0
23127.171402807824,-173.0
23127.17146530466,-200.0
23127.17152780149,-171.0
23127.17159029832,-153.0
23127.17165279515,-153.0
23127.17171529198,-113.0
23127.171777788815,-117.0
23127.171840285646,-124.0
23127.171902782477,-133.0
23127.171965279307,-157.0
23127.172027776138,-131.0
23127.172090272972,-72.0
23127.172152769803,-27.0
23127.172215266633,21.0
23127.172277763464,11.0
23127.172340260295,-44.0
23127.17240275713,-85.0
23127.17246525396,-136.0
23127.17252775079,-143.0
23127.17259024762,-89.0
23127.172652744455,-130.0
23127.172715241286,-149.0
23127.172777738117,-146.0
23127.172840234947,-142.0
23127.172902731778,-98.0
23127.172965228612,-107.0
23127.173027725443,-113.0
23127.173090222273,-108.0
23127.173152719104,-154.0
23127.173215215935,-118.0
23127.17327771277,-50.0
23127.1733402096,-41.0
23127.17340270643,-18.0
23127.17346520326,-65.0
23127.17352770009,-48.0
23127.173590196926,61.0
23127.173652693757,42.0
23127.173715190587,31.0
23127.173777687418,42.0
23127.173840184252,38.0
23127.173902681083,111.0
23127.173965177913,145.0
23127.174027674744,96.0
23127.174090171575,71.0
23127.17415266841,91.0
23127.17421516524,100.0
23127.17427766207,89.0
23127.1743401589,99.0
23127.17440265573,85.0
23127.174465152566,52.0
23127.174527649397,70.0
23127.174590146227,111.0
23127.174652643058,86.0
23127.17471513989,58.0
23127.174777636723,57.0
23127.174840133554,65.0
23127.174902630384,70.0
23127.174965127215,133.0
23127.17502762405,116.0
23127.17509012088,87.0
23127.17515261771,101.0
23127.17521511454,52.0
23127.17527761137,80.0
23127.175340108206,140.0
23127.175402605037,176.0
23127.175465101867,134.0
23127.175527598698,91.0
23127.17559009553,117.0
23127.175652592363,88.0
23127.175715089194,122.0
23127.175777586024,141.0
23127.175840082855,100.0
23127.175902579685,110.0
23127.17596507652,107.0
23127.17602757335,70.0
23127.17609007018,70.0
23127.17615256701,105.0
23127.176215063846,111.0
23127.176277560677,124.0
23127.176340057507,127.0
23127.176402554338,107.0
23127.17646505117,43.0
23127.176527548003,47.0
23127.176590044834,82.0
23127.176652541664,50.0
23127.176715038495,43.0
23127.176777535326,35.0
23127.17684003216,66.0
23127.17690252899,69.0
23127.17696502582,41.0
23127.17702752265,10.0
23127.177090019482,-12.0
23127.177152516317,23.0
23127.177215013147,36.0
23127.177277509978,32.0
23127.17734000681,35.0
23127.177402503643,0.0
23127.177465000474,-24.0
23127.177527497304,1.0
23127.177589994135,35.0
23127.177652490966,-6.0
23127.1777149878,-9.0
23127.17777748463,27.0
23127.17783998146,-1.0
23127.17790247829,-15.0
23127.177964975122,-3.0
23127.178027471957,-11.0
23127.178089968787,-18.0
23127.178152465618,-16.0
23127.17821496245,-9.0
23127.17827745928,-21.0
23127.178339956114,-22.0
23127.178402452944,-3.0
23127.178464949775,-45.0
23127.178527446606,-25.0
23127.17858994344,17.0
23127.17865244027,-2.0
23127.1787149371,-4.0
23127.178777433932,-1.0
23127.178839930762,-7.0
23127.178902427597,-3.0
23127.178964924427,-32.0
23127.179027421258,-55.0
23127.17908991809,-10.0
23127.17915241492,-12.0
23127.179214911754,-45.0
23127.179277408584,-14.0
23127.179339905415,1.0
23127.179402402246,-27.0
23127.179464899076,-30.0
23127.17952739591,-12.0
23127.17958989274,8.0
23127.179652389572,-10.0
23127.179714886403,-13.0
23127.179777383237,-15.0
23127.179839880067,-27.0
23127.179902376898,-18.0
23127.17996487373,-20.0
23127.18002737056,-21.0
23127.180089867394,-15.0
23127.180152364224,-8.0
23127.180214861055,183.0
23127.180277357886,294.0
23127.180339854716,246.0
23127.18040235155,249.0
23127.18046484838,197.0
23127.180527345212,200.0
23127.180589842043,252.0
23127.180652338873,173.0
23127.180714835707,135.0
23127.180777332538,154.0
23127.18083982937,158.0
23127.1809023262,133.0
23127.180964823034,138.0
23127.181027319864,152.0
23127.181089816695,164.0
23127.181152313526,195.0
23127.181214810356,177.0
23127.18127730719,139.0
23127.18133980402,145.0
23127.181402300852,191.0
23127.181464797683,127.0
23127.181527294513,130.0
23127.181589791348,189.0
23127.181652288178,118.0
23127.18171478501,88.0
23127.18177728184,62.0
23127.18183977867,69.0
23127.181902275504,74.0
23127.181964772335,37.0
23127.182027269166,45.0
23127.182089765996,36.0
23127.18215226283,11.0
23127.18221475966,-13.0
23127.182277256492,-6.0
23127.182339753323,20.0
23127.182402250153,46.0
23127.182464746988,70.0
23127.18252724382,104.0
23127.18258974065,151.0
23127.18265223748,134.0
23127.18271473431,91.0
23127.182777231144,82.0
23127.182839727975,89.0
23127.182902224806,98.0
23127.182964721636,123.0
23127.183027218467,145.0
23127.1830897153,143.0
23127.183152212132,136.0
23127.183214708963,94.0
23127.183277205793,64.0
23127.183339702628,54.0
23127.18340219946,37.0
23127.18346469629,36.0
23127.18352719312,66.0
23127.18358968995,42.0
23127.183652186784,-39.0
23127.183714683615,-49.0
23127.183777180446,-73.0
23127.183839677276,-83.0
23127.183902174107,-55.0
23127.18396467094,-43.0
23127.184027167772,-80.0
23127.184089664603,-93.0
23127.184152161433,-55.0
23127.184214658264,-72.0
23127.1842771551,-88.0
23127.18433965193,-41.0
23127.18440214876,-20.0
23127.18446464559,-55.0
23127.184527142424,-21.0
23127.184589639255,11.0
23127.184652136086,-50.0
23127.184714632916,-19.0
23127.184777129747,12.0
23127.18483962658,-35.0
23127.184902123412,-79.0
23127.184964620243,-78.0
23127.185027117073,-91.0
23127.185089613904,-93.0
23127.18515211074,-77.0
23127.18521460757,-62.0
23127.1852771044,-87.0
23127.18533960123,-114.0
23127.18540209806,-92.0
23127.185464594895,-147.0
23127.185527091726,-132.0
23127.185589588556,-46.0
23127.185652085387,-72.0
23127.18571458222,-73.0
23127.185777079052,-93.0
23127.185839575883,-93.0
23127.185902072713,-103.0
23127.185964569544,-137.0
23127.18602706638,-94.0
23127.18608956321,-76.0
23127.18615206004,-86.0
23127.18621455687,-75.0
23127.1862770537,-90.0
23127.186339550535,-88.0
23127.186402047366,-82.0
23127.186464544196,-108.0
23127.186527041027,-95.0
23127.186589537858,-42.0
23127.186652034692,-54.0
23127.186714531523,-43.0
23127.186777028353,-34.0
23127.186839525184,-77.0
23127.18690202202,-83.0
23127.18696451885,-57.0
23127.18702701568,-53.0
23127.18708951251,-51.0
23127.18715200934,-62.0
23127.187214506175,-59.0
23127.187277003006,-56.0
23127.187339499837,-52.0
23127.187401996667,-27.0
23127.187464493498,-57.0
23127.187526990332,-57.0
23127.187589487163,-19.0
23127.187651983993,-47.0
23127.187714480824,-68.0
23127.187776977655,-52.0
23127.18783947449,-35.0
23127.18790197132,-54.0
23127.18796446815,-49.0
23127.18802696498,-44.0
23127.188089461815,-60.0
23127.188151958646,-43.0
23127.188214455477,-52.0
23127.188276952307,-72.0
23127.188339449138,-62.0
23127.188401945972,-49.0
23127.188464442803,-76.0
23127.188526939633,-70.0
23127.188589436464,-48.0
23127.188651933295,-71.0
23127.18871443013,-65.0
23127.18877692696,-40.0
23127.18883942379,-11.0
23127.18890192062,-23.0
23127.18896441745,-42.0
23127.189026914286,-27.0
23127.189089411117,-6.0
23127.189151907947,5.0
23127.189214404778,2.0
23127.189276901612,-11.0
23127.189339398443,4.0
23127.189401895273,23.0
23127.189464392104,-9.0
23127.189526888935,-14.0
23127.18958938577,-1.0
23127.1896518826,-16.0
23127.18971437943,13.0
23127.18977687626,18.0
23127.18983937309,-10.0
23127.189901869926,-14.0
23127.189964366757,-1.0
23127.190026863587,-13.0
23127.190089360418,-1.0
23127.19015185725,47.0
23127.190214354083,-175.0
23127.190276850914,-359.0
23127.190339347744,-298.0
23127.190401844575,-277.0
23127.19046434141,-285.0
23127.19052683824,-271.0
23127.19058933507,-261.0
23127.1906518319,-259.0
23127.19071432873,-223.0
23127.190776825566,-232.0
23127.190839322397,-219.0
23127.190901819227,-185.0
23127.190964316058,-191.0
23127.19102681289,-185.0
23127.191089309723,-171.0
23127.191151806554,-184.0
23127.191214303384,-175.0
23127.191276800215,-179.0
23127.191339297045,-200.0
23127.19140179388,-180.0
23127.19146429071,-190.0
23127.19152678754,-181.0
23127.19158928437,-119.0
23127.191651781206,-96.0
23127.191714278037,-102.0
23127.191776774867,-72.0
23127.191839271698,-60.0
23127.19190176853,-71.0
23127.191964265363,-77.0
23127.192026762194,-76.0
23127.192089259024,-28.0
23127.192151755855,11.0
23127.192214252686,18.0
23127.19227674952,34.0
23127.19233924635,12.0
23127.19240174318,-27.0
23127.19246424001,-96.0
23127.192526736842,-118.0
23127.192589233677,-130.0
23127.192651730507,-167.0
23127.192714227338,-116.0
23127.19277672417,-120.0
23127.192839221003,-104.0
23127.192901717834,-80.0
23127.192964214664,-91.0
23127.193026711495,-106.0
23127.193089208326,-144.0
23127.19315170516,-126.0
23127.19321420199,-114.0
23127.19327669882,-80.0
23127.19333919565,-34.0
23127.193401692482,5.0
23127.193464189317,-9.0
23127.193526686147,-23.0
23127.193589182978,51.0
23127.19365167981,45.0
23127.19371417664,61.0
23127.193776673474,96.0
23127.193839170304,74.0
23127.193901667135,60.0
23127.193964163966,56.0
23127.1940266608,76.0
23127.19408915763,107.0
23127.19415165446,111.0
23127.19421415129,110.0
23127.194276648122,103.0
23127.194339144957,70.0
23127.194401641787,60.0
23127.194464138618,74.0
23127.19452663545,108.0
23127.19458913228,126.0
23127.194651629114,79.0
23127.194714125944,72.0
23127.194776622775,103.0
23127.194839119606,157.0
23127.194901616436,136.0
23127.19496411327,120.0
23127.1950266101,150.0
23127.195089106932,137.0
23127.195151603762,174.0
23127.195214100597,195.0
23127.195276597427,134.0
23127.195339094258,102.0
23127.19540159109,150.0
23127.19546408792,143.0
23127.195526584754,142.0
23127.195589081584,159.0
23127.195651578415,97.0
23127.195714075246,93.0
23127.195776572076,127.0
23127.19583906891,146.0
23127.19590156574,136.0
23127.195964062572,93.0
23127.196026559403,74.0
23127.196089056233,88.0
23127.196151553067,139.0
23127.196214049898,142.0
23127.19627654673,124.0
23127.19633904356,117.0
23127.196401540394,83.0
23127.196464037224,44.0
23127.196526534055,100.0
23127.196589030886,161.0
23127.196651527716,122.0
23127.19671402455,91.0
23127.19677652138,63.0
23127.196839018212,48.0
23127.196901515043,58.0
23127.196964011873,79.0
23127.197026508707,83.0
23127.197089005538,74.0
23127.19715150237,77.0
23127.1972139992,70.0
23127.19727649603,85.0
23127.197338992864,90.0
23127.197401489695,73.0
23127.197463986526,36.0
23127.197526483356,57.0
23127.19758898019,88.0
23127.19765147702,44.0
23127.197713973852,63.0
23127.197776470683,72.0
23127.197838967513,53.0
23127.197901464348,53.0
23127.197963961178,67.0
23127.19802645801,63.0
23127.19808895484,72.0
23127.19815145167,73.0
23127.198213948504,27.0
23127.198276445335,12.0
23127.198338942166,23.0
23127.198401438996,43.0
23127.198463935827,3.0
23127.19852643266,23.0
23127.198588929492,79.0
23127.198651426323,61.0
23127.198713923153,67.0
23127.198776419988,64.0
23127.19883891682,59.0
23127.19890141365,39.0
23127.19896391048,28.0
23127.19902640731,46.0
23127.199088904144,16.0
23127.199151400975,25.0
23127.199213897806,47.0
23127.199276394636,18.0
23127.199338891467,28.0
23127.1994013883,41.0
23127.199463885132,-1.0
23127.199526381963,18.0
23127.199588878793,63.0
23127.199651375624,0.0
23127.19971387246,2.0
23127.19977636929,16.0
23127.19983886612,1.0
23127.19990136295,7.0
23127.199963859784,0.0
23127.200026356615,19.0
23127.200088853446,19.0
23127.200151350276,25.0
23127.200213847107,263.0
23127.20027634394,370.0
23127.200338840772,306.0
23127.200401337603,306.0
23127.200463834433,225.0
23127.200526331264,216.0
23127.2005888281,253.0
23127.20065132493,197.0
23127.20071382176,181.0
23127.20077631859,187.0
23127.20083881542,188.0
23127.200901312255,154.0
23127.200963809086,190.0
23127.201026305916,212.0
23127.201088802747,171.0
23127.20115129958,202.0
23127.201213796412,173.0
23127.201276293243,151.0
23127.201338790073,150.0
23127.201401286904,190.0
23127.20146378374,168.0
23127.20152628057,136.0
23127.2015887774,181.0
23127.20165127423,139.0
23127.20171377106,112.0
23127.201776267895,116.0
23127.201838764726,104.0
23127.201901261556,113.0
23127.201963758387,112.0
23127.202026255218,82.0
23127.202088752052,57.0
23127.202151248883,23.0
23127.202213745713,-2.0
23127.202276242544,-2.0
23127.20233873938,11.0
23127.20240123621,72.0
23127.20246373304,68.0
23127.20252622987,111.0
23127.2025887267,186.0
23127.202651223535,119.0
23127.202713720366,88.0
23127.202776217197,120.0
23127.202838714027,117.0
23127.202901210858,104.0
23127.202963707692,148.0
23127.203026204523,129.0
23127.203088701353,92.0
23127.203151198184,103.0
23127.203213695015,87.0
23127.20327619185,44.0
23127.20333868868,18.0
23127.20340118551,23.0
23127.20346368234,-40.0
23127.203526179175,-54.0
23127.203588676006,-10.0
23127.203651172837,-36.0
23127.203713669667,-52.0
23127.203776166498,-71.0
23127.203838663332,-54.0
23127.203901160163,-51.0
23127.203963656993,-89.0
23127.204026153824,-86.0
23127.204088650655,-98.0
23127.20415114749,-119.0
23127.20421364432,-100.0
23127.20427614115,-68.0
23127.20433863798,-73.0
23127.20440113481,-81.0
23127.204463631646,-56.0
23127.204526128477,-15.0
23127.204588625307,-9.0
23127.204651122138,-52.0
23127.204713618972,-84.0
23127.204776115803,-105.0
23127.204838612633,-106.0
23127.204901109464,-104.0
23127.204963606295,-81.0
23127.20502610313,-77.0
23127.20508859996,-53.0
23127.20515109679,-66.0
23127.20521359362,-77.0
23127.20527609045,-77.0
23127.205338587286,-110.0
23127.205401084117,-72.0
23127.205463580947,-107.0
23127.205526077778,-95.0
23127.20558857461,-10.0
23127.205651071443,-76.0
23127.205713568273,-108.0
23127.205776065104,-61.0
23127.205838561935,-54.0
23127.20590105877,-43.0
23127.2059635556,-38.0
23127.20602605243,-53.0
23127.20608854926,-62.0
23127.20615104609,-42.0
23127.206213542926,-14.0
23127.206276039757,-32.0
23127.206338536587,-62.0
23127.206401033418,-32.0
23127.20646353025,-28.0
23127.206526027083,-37.0
23127.206588523914,15.0
23127.206651020744,-8.0
23127.206713517575,-56.0
23127.206776014405,-31.0
23127.20683851124,-4.0
23127.20690100807,-5.0
23127.2069635049,-8.0
23127.20702600173,7.0
23127.207088498566,16.0
23127.207150995397,-10.0
23127.207213492227,7.0
23127.207275989058,7.0
23127.20733848589,-25.0
23127.207400982723,12.0
23127.207463479554,-25.0
23127.207525976384,-30.0
23127.207588473215,32.0
23127.207650970046,1.0
23127.20771346688,0.0
23127.20777596371,4.0
23127.20783846054,18.0
23127.20790095737,11.0
23127.207963454202,0.0
23127.208025951037,11.0
23127.208088447867,11.0
23127.208150944698,12.0
23127.20821344153,4.0
23127.208275938363,1.0
23127.208338435194,-17.0
23127.208400932024,0.0
23127.208463428855,-13.0
23127.208525925686,3.0
23127.20858842252,62.0
23127.20865091935,7.0
23127.20871341618,-9.0
23127.20877591301,25.0
23127.208838409842,6.0
23127.208900906677,4.0
23127.208963403507,-1.0
23127.209025900338,-3.0
23127.20908839717,5.0
23127.209150894,5.0
23127.209213390834,3.0
23127.209275887664,-25.0
23127.209338384495,-30.0
23127.209400881326,-6.0
23127.20946337816,-32.0
23127.20952587499,-32.0
23127.20958837182,3.0
23127.20965086865,-22.0
23127.209713365482,-42.0
23127.209775862317,-28.0
23127.209838359147,-14.0
23127.209900855978,-14.0
23127.20996335281,-1.0
23127.21002584964,-25.0
23127.210088346474,-15.0
23127.210150843304,-12.0
23127.210213340135,-259.0
23127.210275836966,-356.0
23127.210338333796,-293.0
23127.21040083063,-315.0
23127.21046332746,-303.0
23127.210525824292,-233.0
23127.210588321122,-204.0
23127.210650817957,-233.0
23127.210713314787,-218.0
23127.210775811618,-211.0
23127.21083830845,-212.0
23127.21090080528,-182.0
23127.210963302114,-194.0
23127.211025798944,-211.0
23127.211088295775,-189.0
23127.211150792606,-194.0
23127.211213289436,-197.0
23127.21127578627,-181.0
23127.2113382831,-158.0
23127.211400779932,-168.0
23127.211463276763,-174.0
23127.211525773593,-110.0
23127.211588270427,-85.0
23127.211650767258,-141.0
23127.21171326409,-152.0
23127.21177576092,-133.0
23127.211838257754,-110.0
23127.211900754584,-118.0
23127.211963251415,-127.0
23127.212025748246,-94.0
23127.212088245076,-41.0
23127.21215074191,-15.0
23127.21221323874,-9.0
23127.212275735572,-21.0
23127.212338232403,-27.0
23127.212400729233,-35.0
23127.212463226067,-117.0
23127.212525722898,-119.0
23127.21258821973,-50.0
23127.21265071656,-88.0
23127.21271321339,-98.0
23127.212775710224,-105.0
23127.212838207055,-128.0
23127.212900703886,-120.0
23127.212963200716,-114.0
23127.21302569755,-106.0
23127.21308819438,-111.0
23127.213150691212,-93.0
23127.213213188043,-24.0
23127.213275684873,-7.0
23127.213338181708,-13.0
23127.213400678538,42.0
23127.21346317537,26.0
23127.2135256722,23.0
23127.21358816903,79.0
23127.213650665864,64.0
23127.213713162695,60.0
23127.213775659526,101.0
23127.213838156356,150.0
23127.213900653187,172.0
23127.21396315002,156.0
23127.214025646852,148.0
23127.214088143683,159.0
23127.214150640513,125.0
23127.214213137348,115.0
23127.21427563418,130.0
23127.21433813101,130.0
23127.21440062784,166.0
23127.21446312467,157.0
23127.214525621504,156.0
23127.214588118335,183.0
23127.214650615166,137.0
23127.214713111996,144.0
23127.214775608827,166.0
23127.21483810566,181.0
23127.214900602492,206.0
23127.214963099323,203.0
23127.215025596153,175.0
23127.215088092984,129.0
23127.21515058982,153.0
23127.21521308665,186.0
23127.21527558348,178.0
23127.21533808031,188.0
23127.215400577144,178.0
23127.215463073975,125.0
23127.215525570806,152.0
23127.215588067636,202.0
23127.215650564467,187.0
23127.2157130613,211.0
23127.215775558132,169.0
23127.215838054963,122.0
23127.215900551793,137.0
23127.215963048624,157.0
23127.21602554546,174.0
23127.21608804229,159.0
23127.21615053912,130.0
23127.21621303595,128.0
23127.21627553278,157.0
23127.216338029615,159.0
23127.216400526446,171.0
23127.216463023276,109.0
23127.216525520107,76.0
23127.21658801694,107.0
23127.216650513772,94.0
23127.216713010603,119.0
23127.216775507433,115.0
23127.216838004264,85.0
23127.2169005011,82.0
23127.21696299793,85.0
23127.21702549476,92.0
23127.21708799159,96.0
23127.21715048842,69.0
23127.217212985255,64.0
23127.217275482086,71.0
23127.217337978916,66.0
23127.217400475747,93.0
23127.217462972578,54.0
23127.217525469412,58.0
23127.217587966243,120.0
23127.217650463073,77.0
23127.217712959904,80.0
23127.21777545674,97.0
23127.21783795357,80.0
23127.2179004504,102.0
23127.21796294723,85.0
23127.21802544406,76.0
23127.218087940895,88.0
23127.218150437726,84.0
23127.218212934557,81.0
23127.218275431387,80.0
23127.218337928218,70.0
23127.218400425052,77.0
23127.218462921883,67.0
23127.218525418713,73.0
23127.218587915544,114.0
23127.218650412375,73.0
23127.21871290921,84.0
23127.21877540604,113.0
23127.21883790287,116.0
23127.2189003997,102.0
23127.218962896535,74.0
23127.219025393366,87.0
23127.219087890197,91.0
23127.219150387027,79.0
23127.219212883858,84.0
23127.219275380692,79.0
23127.219337877523,59.0
23127.219400374353,65.0
23127.219462871184,57.0
23127.219525368015,42.0
23127.21958786485,52.0
23127.21965036168,57.0
23127.21971285851,24.0
23127.21977535534,13.0
23127.21983785217,25.0
23127.219900349006,-8.0
23127.219962845837,-14.0
23127.220025342667,31.0
23127.220087839498,0.0
23127.220150336332,36.0
23127.220212833163,266.0
23127.220275329993,318.0
23127.220337826824,267.0
23127.220400323655,253.0
23127.22046282049,194.0
23127.22052531732,242.0
23127.22058781415,320.0
23127.22065031098,251.0
23127.22071280781,206.0
23127.220775304646,208.0
23127.220837801477,209.0
23127.220900298307,174.0
23127.220962795138,181.0
23127.22102529197,175.0
23127.221087788803,155.0
23127.221150285633,164.0
23127.221212782464,145.0
23127.221275279295,158.0
23127.22133777613,137.0
23127.22140027296,118.0
23127.22146276979,111.0
23127.22152526662,99.0
23127.22158776345,121.0
23127.221650260286,96.0
23127.221712757117,99.0
23127.221775253947,110.0
23127.221837750778,84.0
23127.22190024761,84.0
23127.221962744443,72.0
23127.222025241274,30.0
23127.222087738104,16.0
23127.222150234935,-10.0
23127.222212731765,-63.0
23127.2222752286,-61.0
23127.22233772543,-23.0
23127.22240022226,28.0
23127.22246271909,52.0
23127.222525215926,86.0
23127.222587712757,135.0
23127.222650209587,102.0
23127.222712706418,78.0
23127.22277520325,73.0
23127.222837700083,47.0
23127.222900196914,29.0
23127.222962693744,59.0
23127.223025190575,76.0
23127.223087687405,62.0
23127.22315018424,73.0
23127.22321268107,59.0
23127.2232751779,31.0
23127.22333767473,13.0
23127.223400171562,-5.0
23127.223462668397,-59.0
23127.223525165227,-42.0
23127.223587662058,-16.0
23127.22365015889,-76.0
23127.223712655723,-83.0
23127.223775152554,-88.0
23127.223837649384,-125.0
23127.223900146215,-139.0
23127.223962643046,-118.0
23127.22402513988,-101.0
23127.22408763671,-83.0
23127.22415013354,-102.0
23127.22421263037,-98.0
23127.224275127202,-57.0
23127.224337624037,-42.0
23127.224400120867,-20.0
23127.224462617698,-49.0
23127.22452511453,-10.0
23127.22458761136,32.0
23127.224650108194,-29.0
23127.224712605024,-35.0
23127.224775101855,-57.0
23127.224837598686,-83.0
23127.22490009552,-86.0
23127.22496259235,-100.0
23127.22502508918,-113.0
23127.22508758601,-141.0
23127.225150082842,-129.0
23127.225212579677,-106.0
23127.225275076507,-104.0
23127.225337573338,-107.0
23127.22540007017,-101.0
23127.225462567,-105.0
23127.225525063834,-113.0
23127.225587560664,-91.0
23127.225650057495,-116.0
23127.225712554326,-149.0
23127.225775051156,-149.0
23127.22583754799,-104.0
23127.22590004482,-97.0
23127.225962541652,-112.0
23127.226025038482,-75.0
23127.226087535317,-39.0
23127.226150032147,-58.0
23127.226212528978,-78.0
23127.22627502581,-61.0
23127.22633752264,-76.0
23127.226400019474,-85.0
23127.226462516304,-64.0
23127.226525013135,-53.0
23127.226587509966,-28.0
23127.226650006796,-39.0
23127.22671250363,-37.0
23127.22677500046,-32.0
23127.226837497292,-41.0
23127.226899994123,-22.0
23127.226962490953,-46.0
23127.227024987787,-29.0
23127.227087484618,-8.0
23127.22714998145,-46.0
23127.22721247828,-37.0
23127.227274975114,-16.0
23127.227337471944,-43.0
23127.227399968775,-36.0
23127.227462465606,-37.0
23127.227524962436,-34.0
23127.22758745927,-3.0
23127.2276499561,-3.0
23127.227712452932,-20.0
23127.227774949763,-41.0
23127.227837446593,-42.0
23127.227899943427,-52.0
23127.227962440258,-64.0
23127.22802493709,-54.0
23127.22808743392,-56.0
23127.22814993075,-62.0
23127.228212427584,-52.0
23127.228274924415,-26.0
23127.228337421246,-46.0
23127.228399918076,-64.0
23127.22846241491,-59.0
23127.22852491174,-67.0
23127.228587408572,-45.0
23127.228649905403,-43.0
23127.228712402233,-40.0
23127.228774899068,-55.0
23127.228837395898,-55.0
23127.22889989273,-52.0
23127.22896238956,-59.0
23127.22902488639,-41.0
23127.229087383224,-70.0
23127.229149880055,-69.0
23127.229212376886,-77.0
23127.229274873716,-78.0
23127.229337370547,-59.0
23127.22939986738,-70.0
23127.229462364212,-87.0
23127.229524861043,-86.0
23127.229587357873,-60.0
23127.229649854708,-87.0
23127.22971235154,-91.0
23127.22977484837,-88.0
23127.2298373452,-85.0
23127.22989984203,-66.0
23127.229962338864,-72.0
23127.230024835695,-88.0
23127.230087332526,-69.0
23127.230149829356,-52.0
23127.230212326187,-299.0
23127.23027482302,-439.0
23127.230337319852,-335.0
23127.230399816683,-333.0
23127.230462313513,-353.0
23127.230524810344,-306.0
23127.23058730718,-279.0
23127.23064980401,-271.0
23127.23071230084,-246.0
23127.23077479767,-250.0
23127.230837294504,-270.0
23127.230899791335,-229.0
23127.230962288166,-181.0
23127.231024784996,-210.0
23127.231087281827,-225.0
23127.23114977866,-206.0
23127.231212275492,-198.0
23127.231274772323,-202.0
23127.231337269153,-195.0
23127.231399765984,-194.0
23127.23146226282,-202.0
23127.23152475965,-157.0
23127.23158725648,-110.0
23127.23164975331,-125.0
23127.23171225014,-113.0
23127.231774746975,-104.0
23127.231837243806,-108.0
23127.231899740636,-116.0
23127.231962237467,-113.0
23127.2320247343,-75.0
23127.232087231132,-25.0
23127.232149727963,10.0
23127.232212224793,35.0
23127.232274721624,35.0
23127.23233721846,11.0
23127.23239971529,-23.0
23127.23246221212,-94.0
23127.23252470895,-102.0
23127.23258720578,-74.0
23127.232649702615,-106.0
23127.232712199446,-86.0
23127.232774696276,-88.0
23127.232837193107,-95.0
23127.232899689938,-80.0
23127.232962186772,-92.0
23127.233024683603,-83.0
23127.233087180433,-82.0
23127.233149677264,-99.0
23127.2332121741,-106.0
23127.23327467093,-87.0
23127.23333716776,-46.0
23127.23339966459,-38.0
23127.23346216142,-53.0
23127.233524658255,-1.0
23127.233587155086,58.0
23127.233649651916,44.0
23127.233712148747,63.0
23127.233774645578,98.0
23127.233837142412,101.0
23127.233899639243,129.0
23127.233962136073,145.0
23127.234024632904,119.0
23127.234087129735,116.0
23127.23414962657,122.0
23127.2342121234,91.0
23127.23427462023,80.0
23127.23433711706,91.0
23127.234399613895,93.0
23127.234462110726,49.0
23127.234524607557,74.0
23127.234587104387,125.0
23127.234649601218,75.0
23127.234712098052,112.0
23127.234774594883,131.0
23127.234837091713,105.0
23127.234899588544,124.0
23127.234962085375,144.0
23127.23502458221,121.0
23127.23508707904,112.0
23127.23514957587,131.0
23127.2352120727,133.0
23127.23527456953,148.0
23127.235337066366,159.0
23127.235399563197,149.0
23127.235462060027,98.0
23127.235524556858,100.0
23127.235587053692,128.0
23127.235649550523,81.0
23127.235712047353,92.0
23127.235774544184,91.0
23127.235837041015,69.0
23127.23589953785,75.0
23127.23596203468,75.0
23127.23602453151,59.0
23127.23608702834,33.0
23127.23614952517,53.0
23127.236212022006,91.0
23127.236274518837,123.0
23127.236337015667,131.0
23127.236399512498,105.0
23127.23646200933,52.0
23127.236524506163,47.0
23127.236587002993,66.0
23127.236649499824,46.0
23127.236711996655,65.0
23127.23677449349,79.0
23127.23683699032,71.0
23127.23689948715,72.0
23127.23696198398,46.0
23127.23702448081,25.0
23127.237086977646,28.0
23127.237149474477,40.0
23127.237211971307,51.0
23127.237274468138,62.0
23127.23733696497,50.0
23127.237399461803,50.0
23127.237461958634,15.0
23127.237524455464,24.0
23127.237586952295,83.0
23127.237649449125,43.0
23127.23771194596,25.0
23127.23777444279,30.0
23127.23783693962,48.0
23127.23789943645,54.0
23127.237961933286,38.0
23127.238024430117,14.0
23127.238086926947,5.0
23127.238149423778,22.0
23127.23821192061,31.0
23127.238274417443,17.0
23127.238336914274,9.0
23127.238399411104,8.0
23127.238461907935,-17.0
23127.238524404765,6.0
23127.2385869016,28.0
23127.23864939843,-11.0
23127.23871189526,3.0
23127.23877439209,9.0
23127.238836888922,3.0
23127.238899385757,14.0
23127.238961882587,2.0
23127.239024379418,-8.0
23127.23908687625,-15.0
23127.239149373083,-14.0
23127.239211869914,0.0
23127.239274366744,5.0
23127.239336863575,5.0
23127.239399360406,9.0
23127.23946185724,8.0
23127.23952435407,22.0
23127.2395868509,50.0
23127.23964934773,23.0
23127.239711844562,20.0
23127.239774341397,24.0
23127.239836838227,30.0
23127.239899335058,39.0
23127.23996183189,15.0
23127.24002432872,16.0
23127.240086825554,20.0
23127.240149322384,35.0
23127.240211819215,243.0
23127.240274316046,337.0
23127.24033681288,295.0
23127.24039930971,295.0
23127.24046180654,209.0
23127.24052430337,190.0
23127.240586800202,234.0
23127.240649297037,190.0
23127.240711793867,181.0
23127.240774290698,216.0
23127.24083678753,217.0
23127.24089928436,163.0
23127.240961781194,179.0
23127.241024278024,194.0
23127.241086774855,132.0
23127.241149271686,135.0
23127.241211768516,153.0
23127.24127426535,133.0
23127.24133676218,154.0
23127.24139925901,181.0
23127.241461755842,113.0
23127.241524252677,92.0
23127.241586749507,133.0
23127.241649246338,86.0
23127.24171174317,85.0
23127.24177424,109.0
23127.241836736834,92.0
23127.241899233664,93.0
23127.241961730495,112.0
23127.242024227326,72.0
23127.242086724156,33.0
23127.24214922099,-11.0
23127.24221171782,-48.0
23127.242274214652,-65.0
23127.242336711482,-50.0
23127.242399208313,9.0
23127.242461705147,22.0
23127.242524201978,47.0
23127.24258669881,120.0
23127.24264919564,103.0
23127.242711692474,100.0
23127.242774189304,109.0
23127.242836686135,90.0
23127.242899182966,108.0
23127.242961679796,103.0
23127.24302417663,48.0
23127.24308667346,48.0
23127.243149170292,93.0
23127.243211667123,59.0
23127.243274163953,-1.0
23127.243336660787,8.0
23127.243399157618,12.0
23127.24346165445,-36.0
23127.24352415128,-40.0
23127.24358664811,-23.0
23127.243649144944,-78.0
23127.243711641775,-91.0
23127.243774138606,-73.0
23127.243836635436,-120.0
23127.24389913227,-127.0
23127.2439616291,-72.0
23127.244024125932,-92.0
23127.244086622763,-128.0
23127.244149119593,-110.0
23127.244211616427,-85.0
23127.244274113258,-80.0
23127.24433661009,-93.0
23127.24439910692,-66.0
23127.24446160375,-101.0
23127.244524100584,-104.0
23127.244586597415,-39.0
23127.244649094246,-72.0
23127.244711591076,-88.0
23127.244774087907,-92.0
23127.24483658474,-120.0
23127.244899081572,-124.0
23127.244961578403,-120.0
23127.245024075233,-130.0
23127.245086572068,-133.0
23127.245149068898,-137.0
23127.24521156573,-142.0
23127.24527406256,-142.0
23127.24533655939,-156.0
23127.245399056224,-148.0
23127.245461553055,-166.0
23127.245524049886,-145.0
23127.245586546716,-95.0
23127.245649043547,-119.0
23127.24571154038,-113.0
23127.245774037212,-100.0
23127.245836534043,-100.0
23127.245899030873,-95.0
23127.245961527704,-102.0
23127.24602402454,-108.0
23127.24608652137,-91.0
23127.2461490182,-88.0
23127.24621151503,-66.0
23127.246274011864,-30.0
23127.246336508695,-52.0
23127.246399005526,-86.0
23127.246461502356,-65.0
23127.246523999187,-48.0
23127.24658649602,-58.0
23127.246648992852,-81.0
23127.246711489683,-81.0
23127.246773986513,-70.0
23127.246836483344,-56.0
23127.24689898018,-34.0
23127.24696147701,-53.0
23127.24702397384,-73.0
23127.24708647067,-60.0
23127.2471489675,-55.0
23127.247211464335,-58.0
23127.247273961166,-56.0
23127.247336457996,-34.0
23127.247398954827,-24.0
23127.24746145166,-18.0
23127.247523948492,-3.0
23127.247586445323,15.0
23127.247648942153,-36.0
23127.247711438984,-59.0
23127.24777393582,-21.0
23127.24783643265,-33.0
23127.24789892948,-44.0
23127.24796142631,-8.0
23127.24802392314,24.0
23127.248086419975,11.0
23127.248148916806,22.0
23127.248211413636,24.0
23127.248273910467,12.0
23127.248336407298,14.0
23127.248398904132,31.0
23127.248461400963,6.0
23127.248523897793,-21.0
23127.248586394624,13.0
23127.24864889146,26.0
23127.24871138829,8.0
23127.24877388512,-6.0
23127.24883638195,4.0
23127.24889887878,-37.0
23127.248961375615,-39.0
23127.249023872446,15.0
23127.249086369276,-11.0
23127.249148866107,-54.0
23127.249211362938,-57.0
23127.249273859772,-7.0
23127.249336356603,18.0
23127.249398853433,-7.0
23127.249461350264,-65.0
23127.249523847095,-51.0
23127.24958634393,18.0
23127.24964884076,-47.0
23127.24971133759,-53.0
23127.24977383442,-20.0
23127.249836331255,5.0
23127.249898828086,55.0
23127.249961324917,19.0
23127.250023821747,-36.0
23127.250086318578,-8.0
23127.250148815412,-24.0
23127.250211312243,-272.0
23127.250273809073,-326.0
23127.250336305904,-241.0
23127.250398802735,-247.0
23127.25046129957,-251.0
23127.2505237964,-240.0
23127.25058629323,-195.0
23127.25064879006,-226.0
23127.25071128689,-263.0
23127.250773783726,-214.0
23127.250836280557,-205.0
23127.250898777387,-203.0
23127.250961274218,-196.0
23127.251023771052,-243.0
23127.251086267883,-226.0
23127.251148764713,-221.0
23127.251211261544,-224.0
23127.251273758375,-200.0
23127.25133625521,-193.0
23127.25139875204,-189.0
23127.25146124887,-205.0
23127.2515237457,-162.0
23127.25158624253,-103.0
23127.251648739366,-148.0
23127.251711236197,-126.0
23127.251773733027,-85.0
23127.251836229858,-78.0
23127.25189872669,-79.0
23127.251961223523,-85.0
23127.252023720353,-58.0
23127.252086217184,-23.0
23127.252148714015,4.0
23127.25221121085,-11.0
23127.25227370768,-18.0
23127.25233620451,-36.0
23127.25239870134,-88.0
23127.25246119817,-119.0
23127.252523695006,-118.0
23127.252586191837,-99.0
23127.252648688667,-135.0
23127.252711185498,-136.0
23127.25277368233,-111.0
23127.252836179163,-118.0
23127.252898675993,-116.0
23127.252961172824,-88.0
23127.253023669655,-102.0
23127.253086166485,-105.0
23127.25314866332,-83.0
23127.25321116015,-86.0
23127.25327365698,-65.0
23127.25333615381,-14.0
23127.253398650646,9.0
23127.253461147477,-12.0
23127.253523644307,28.0
23127.253586141138,107.0
23127.25364863797,99.0
23127.253711134803,101.0
23127.253773631634,127.0
23127.253836128464,130.0
23127.253898625295,127.0
23127.253961122125,149.0
23127.25402361896,145.0
23127.25408611579,131.0
23127.25414861262,133.0
23127.25421110945,146.0
23127.254273606282,111.0
23127.254336103117,89.0
23127.254398599947,122.0
23127.254461096778,49.0
23127.25452359361,44.0
23127.254586090443,107.0
23127.254648587274,79.0
23127.254711084104,81.0
23127.254773580935,112.0
23127.254836077766,125.0
23127.2548985746,124.0
23127.25496107143,134.0
23127.25502356826,137.0
23127.25508606509,120.0
23127.255148561922,159.0
23127.255211058757,184.0
23127.255273555587,159.0
23127.255336052418,150.0
23127.25539854925,166.0
23127.25546104608,157.0
23127.255523542914,122.0
23127.255586039744,138.0
23127.255648536575,123.0
23127.255711033406,84.0
23127.25577353024,67.0
23127.25583602707,72.0
23127.2558985239,85.0
23127.25596102073,89.0
23127.256023517562,112.0
23127.256086014397,123.0
23127.256148511227,126.0
23127.256211008058,141.0
23127.25627350489,143.0
23127.25633600172,127.0
23127.256398498554,104.0
23127.256460995384,40.0
23127.256523492215,59.0
23127.256585989046,83.0
23127.256648485876,68.0
23127.25671098271,91.0
23127.25677347954,66.0
23127.25683597637,45.0
23127.256898473202,34.0
23127.256960970037,41.0
23127.257023466867,47.0
23127.257085963698,32.0
23127.25714846053,48.0
23127.25721095736,54.0
23127.257273454194,3.0
23127.257335951024,-7.0
23127.257398447855,20.0
23127.257460944686,-2.0
23127.257523441516,-4.0
23127.25758593835,44.0
23127.25764843518,3.0
23127.257710932012,3.0
23127.257773428842,33.0
23127.257835925673,19.0
23127.257898422507,42.0
23127.257960919338,36.0
23127.25802341617,13.0
23127.258085913,7.0
23127.258148409834,21.0
23127.258210906664,39.0
23127.258273403495,38.0
23127.258335900326,55.0
23127.258398397156,54.0
23127.25846089399,3.0
23127.25852339082,14.0
23127.258585887652,78.0
23127.258648384483,53.0
23127.258710881313,46.0
23127.258773378147,27.0
23127.258835874978,7.0
23127.25889837181,35.0
23127.25896086864,39.0
23127.25902336547,39.0
23127.259085862304,37.0
23127.259148359135,45.0
23127.259210855966,53.0
23127.259273352796,32.0
23127.25933584963,28.0
23127.25939834646,52.0
23127.259460843292,20.0
23127.259523340123,12.0
23127.259585836953,47.0
23127.259648333787,41.0
23127.259710830618,40.0
23127.25977332745,24.0
23127.25983582428,17.0
23127.25989832111,26.0
23127.259960817944,23.0
23127.260023314775,37.0
23127.260085811606,6.0
23127.260148308436,19.0
23127.260210805267,276.0
23127.2602733021,343.0
23127.260335798932,279.0
23127.260398295763,257.0
23127.260460792593,182.0
23127.260523289428,231.0
23127.260585786258,302.0
23127.26064828309,248.0
23127.26071077992,214.0
23127.26077327675,194.0
23127.260835773584,183.0
23127.260898270415,184.0
23127.260960767246,214.0
23127.261023264076,244.0
23127.261085760907,190.0
23127.26114825774,146.0
23127.261210754572,158.0
23127.261273251403,172.0
23127.261335748233,174.0
23127.261398245064,191.0
23127.2614607419,131.0
23127.26152323873,92.0
23127.26158573556,139.0
23127.26164823239,105.0
23127.261710729224,104.0
23127.261773226055,118.0
23127.261835722886,81.0
23127.261898219716,65.0
23127.261960716547,53.0
23127.26202321338,11.0
23127.262085710212,14.0
23127.262148207043,3.0
23127.262210703873,17.0
23127.262273200704,44.0
23127.26233569754,38.0
23127.26239819437,66.0
23127.2624606912,58.0
23127.26252318803,109.0
23127.26258568486,192.0
23127.262648181695,169.0
23127.262710678526,194.0
23127.262773175356,205.0
23127.262835672187,166.0
23127.26289816902,138.0
23127.262960665852,152.0
23127.263023162683,156.0
23127.263085659513,121.0
23127.263148156344,146.0
23127.26321065318,145.0
23127.26327315001,138.0
23127.26333564684,147.0
23127.26339814367,147.0
23127.2634606405,82.0
23127.263523137335,46.0
23127.263585634166,63.0
23127.263648130996,-2.0
23127.263710627827,-47.0
23127.263773124658,-19.0
23127.263835621492,-34.0
23127.263898118323,-64.0
23127.263960615153,-49.0
23127.264023111984,-41.0
23127.26408560882,-25.0
23127.26414810565,-8.0
23127.26421060248,-13.0
23127.26427309931,-15.0
23127.26433559614,-9.0
23127.264398092975,-10.0
23127.264460589806,-66.0
23127.264523086636,-66.0
23127.264585583467,-29.0
23127.264648080298,-64.0
23127.264710577132,-96.0
23127.264773073963,-106.0
23127.264835570793,-123.0
23127.264898067624,-139.0
23127.264960564455,-111.0
23127.26502306129,-86.0
23127.26508555812,-86.0
23127.26514805495,-87.0
23127.26521055178,-82.0
23127.265273048615,-91.0
23127.265335545446,-95.0
23127.265398042277,-68.0
23127.265460539107,-108.0
23127.265523035938,-109.0
23127.265585532772,-40.0
23127.265648029603,-66.0
23127.265710526433,-72.0
23127.265773023264,-83.0
23127.265835520095,-103.0
23127.26589801693,-79.0
23127.26596051376,-56.0
23127.26602301059,-53.0
23127.26608550742,-35.0
23127.26614800425,-28.0
23127.266210501086,-40.0
23127.266272997917,-42.0
23127.266335494747,-58.0
23127.266397991578,-58.0
23127.266460488412,-58.0
23127.266522985243,-50.0
23127.266585482073,-15.0
23127.266647978904,-44.0
23127.266710475735,-52.0
23127.26677297257,-38.0
23127.2668354694,-50.0
23127.26689796623,-51.0
23127.26696046306,-27.0
23127.26702295989,-17.0
23127.267085456726,-18.0
23127.267147953557,-22.0
23127.267210450387,-30.0
23127.267272947218,-34.0
23127.26733544405,-56.0
23127.267397940883,-54.0
23127.267460437713,-76.0
23127.267522934544,-49.0
23127.267585431375,-10.0
23127.26764792821,-45.0
23127.26771042504,-45.0
23127.26777292187,-37.0
23127.2678354187,-46.0
23127.26789791553,-45.0
23127.267960412366,-32.0
23127.268022909197,-42.0
23127.268085406027,-39.0
23127.268147902858,-18.0
23127.26821039969,-39.0
23127.268272896523,-34.0
23127.268335393353,-49.0
23127.268397890184,-60.0
23127.268460387015,-17.0
23127.268522883845,-21.0
23127.26858538068,-11.0
23127.26864787751,6.0
23127.26871037434,-30.0
23127.26877287117,-34.0
23127.268835368006,-22.0
23127.268897864837,-20.0
23127.268960361667,-16.0
23127.269022858498,-17.0
23127.26908535533,-28.0
23127.269147852163,-19.0
23127.269210348994,-5.0
23127.269272845824,-28.0
23127.269335342655,-8.0
23127.269397839485,-3.0
23127.26946033632,-30.0
23127.26952283315,6.0
23127.26958532998,18.0
23127.26964782681,-31.0
23127.269710323642,-10.0
23127.269772820477,-1.0
23127.269835317307,-10.0
23127.269897814138,-19.0
23127.26996031097,-19.0
23127.270022807803,-28.0
23127.270085304634,-12.0
23127.270147801464,-31.0
23127.270210298295,-300.0
23127.270272795125,-370.0
23127.27033529196,-292.0
23127.27039778879,-323.0
23127.27046028562,-310.0
23127.27052278245,-270.0
23127.270585279282,-234.0
23127.270647776117,-223.0
23127.270710272947,-209.0
23127.270772769778,-223.0
23127.27083526661,-248.0
23127.27089776344,-216.0
23127.270960260274,-190.0
23127.271022757104,-224.0
23127.271085253935,-217.0
23127.271147750766,-227.0
23127.2712102476,-248.0
23127.27127274443,-220.0
23127.27133524126,-206.0
23127.27139773809,-198.0
23127.271460234922,-207.0
23127.271522731757,-179.0
23127.271585228587,-140.0
23127.271647725418,-158.0
23127.27171022225,-172.0
23127.27177271908,-183.0
23127.271835215914,-129.0
23127.271897712744,-125.0
23127.271960209575,-129.0
23127.272022706406,-53.0
23127.272085203236,-31.0
23127.27214770007,-34.0
23127.2722101969,-36.0
23127.27227269373,-26.0
23127.272335190562,-31.0
23127.272397687397,-70.0
23127.272460184227,-124.0
23127.272522681058,-125.0
23127.27258517789,-65.0
23127.27264767472,-73.0
23127.272710171554,-82.0
23127.272772668384,-84.0
23127.272835165215,-64.0
23127.272897662046,-81.0
23127.272960158876,-98.0
23127.27302265571,-90.0
23127.27308515254,-64.0
23127.273147649372,-59.0
23127.273210146202,-44.0
23127.273272643033,-13.0
23127.273335139867,4.0
23127.273397636698,29.0
23127.27346013353,7.0
23127.27352263036,22.0
23127.273585127194,94.0
23127.273647624024,91.0
23127.273710120855,75.0
23127.273772617686,88.0
23127.273835114516,92.0
23127.27389761135,106.0
23127.27396010818,113.0
23127.274022605012,103.0
23127.274085101843,111.0
23127.274147598673,112.0
23127.274210095507,103.0
23127.274272592338,107.0
23127.27433508917,104.0
23127.274397586,124.0
23127.27446008283,98.0
23127.274522579664,82.0
23127.274585076495,134.0
23127.274647573326,110.0
23127.274710070156,98.0
23127.27477256699,135.0
23127.27483506382,136.0
23127.274897560652,138.0
23127.274960057483,148.0
23127.275022554313,132.0
23127.275085051147,149.0
23127.275147547978,139.0
23127.27521004481,111.0
23127.27527254164,124.0
23127.27533503847,112.0
23127.275397535304,109.0
23127.275460032135,101.0
23127.275522528966,100.0
23127.275585025796,117.0
23127.275647522627,98.0
23127.27571001946,109.0
23127.275772516292,91.0
23127.275835013123,66.0
23127.275897509953,84.0
23127.275960006787,90.0
23127.276022503618,87.0
23127.27608500045,105.0
23127.27614749728,106.0
23127.27620999411,82.0
23127.276272490944,93.0
23127.276334987775,120.0
23127.276397484606,125.0
23127.276459981436,81.0
23127.276522478267,88.0
23127.2765849751,133.0
23127.276647471932,102.0
23127.276709968763,101.0
23127.276772465593,80.0
23127.276834962424,69.0
23127.276897459258,61.0
23127.27695995609,61.0
23127.27702245292,61.0
23127.27708494975,36.0
23127.277147446584,26.0
23127.277209943415,32.0
23127.277272440246,12.0
23127.277334937076,-1.0
23127.277397433907,24.0
23127.27745993074,-8.0
23127.277522427572,2.0
23127.277584924403,57.0
23127.277647421233,14.0
23127.277709918064,-4.0
23127.2777724149,11.0
23127.27783491173,7.0
23127.27789740856,10.0
23127.27795990539,6.0
23127.27802240222,-2.0
23127.278084899055,4.0
23127.278147395886,12.0
23127.278209892716,-3.0
23127.278272389547,9.0
23127.27833488638,36.0
23127.278397383212,23.0
23127.278459880043,-31.0
23127.278522376873,-2.0
23127.278584873704,38.0
23127.27864737054,-7.0
23127.27870986737,-1.0
23127.2787723642,-1.0
23127.27883486103,8.0
23127.27889735786,7.0
23127.278959854695,-1.0
23127.279022351526,6.0
23127.279084848356,-2.0
23127.279147345187,17.0
23127.279209842018,25.0
23127.279272338852,52.0
23127.279334835683,47.0
23127.279397332513,23.0
23127.279459829344,7.0
23127.27952232618,8.0
23127.27958482301,60.0
23127.27964731984,39.0
23127.27970981667,31.0
23127.2797723135,27.0
23127.279834810335,-8.0
23127.279897307166,8.0
23127.279959803996,26.0
23127.280022300827,30.0
23127.280084797658,-7.0
23127.280147294492,96.0
23127.280209791323,291.0
23127.280272288153,275.0
23127.280334784984,300.0
23127.280397281815,351.0
23127.28045977865,254.0
23127.28052227548,223.0
23127.28058477231,251.0
23127.28064726914,232.0
23127.280709765975,278.0
23127.280772262806,265.0
23127.280834759636,221.0
23127.280897256467,194.0
23127.280959753298,200.0
23127.281022250132,222.0
23127.281084746963,245.0
23127.281147243793,247.0
23127.281209740624,182.0
23127.281272237455,170.0
23127.28133473429,186.0
23127.28139723112,229.0
23127.28145972795,174.0
23127.28152222478,103.0
23127.28158472161,130.0
23127.281647218446,123.0
23127.281709715277,152.0
23127.281772212107,154.0
23127.281834708938,124.0
23127.281897205772,86.0
23127.281959702603,102.0
23127.282022199433,118.0
23127.282084696264,87.0
23127.282147193095,52.0
23127.28220968993,13.0
23127.28227218676,14.0
23127.28233468359,43.0
23127.28239718042,99.0
23127.28245967725,116.0
23127.282522174086,125.0
23127.282584670917,161.0
23127.282647167747,137.0
23127.282709664578,125.0
23127.28277216141,137.0
23127.282834658243,148.0
23127.282897155073,126.0
23127.282959651904,94.0
23127.283022148735,105.0
23127.28308464557,117.0
23127.2831471424,115.0
23127.28320963923,108.0
23127.28327213606,93.0
23127.28333463289,39.0
23127.283397129726,18.0
23127.283459626557,-18.0
23127.283522123387,-18.0
23127.283584620218,11.0
23127.28364711705,-13.0
23127.283709613883,2.0
23127.283772110713,-34.0
23127.283834607544,-89.0
23127.283897104375,-113.0
23127.283959601205,-118.0
23127.28402209804,-128.0
23127.28408459487,-81.0
23127.2841470917,-40.0
23127.28420958853,-56.0
23127.284272085366,-49.0
23127.284334582197,-67.0
23127.284397079027,-71.0
23127.284459575858,-101.0
23127.28452207269,-98.0
23127.284584569523,-43.0
23127.284647066354,-67.0
23127.284709563184,-73.0
23127.284772060015,-48.0
23127.284834556845,-71.0
23127.28489705368,-104.0
23127.28495955051,-125.0
23127.28502204734,-142.0
23127.28508454417,-124.0
23127.285147041002,-131.0
23127.285209537837,-129.0
23127.285272034667,-113.0
23127.285334531498,-104.0
23127.28539702833,-91.0
23127.285459525163,-122.0
23127.285522021994,-84.0
23127.285584518824,-57.0
23127.285647015655,-97.0
23127.285709512485,-95.0
23127.28577200932,-110.0
23127.28583450615,-124.0
23127.28589700298,-138.0
23127.28595949981,-135.0
23127.286021996642,-114.0
23127.286084493477,-110.0
23127.286146990307,-98.0
23127.286209487138,-122.0
23127.28627198397,-143.0
23127.2863344808,-119.0
23127.286396977634,-91.0
23127.286459474464,-108.0
23127.286521971295,-97.0
23127.286584468126,-44.0
23127.28664696496,-92.0
23127.28670946179,-113.0
23127.28677195862,-90.0
23127.28683445545,-95.0
23127.286896952282,-104.0
23127.286959449117,-92.0
23127.287021945947,-79.0
23127.287084442778,-85.0
23127.28714693961,-76.0
23127.28720943644,-53.0
23127.287271933274,-73.0
23127.287334430104,-82.0
23127.287396926935,-60.0
23127.287459423766,-89.0
23127.287521920596,-86.0
23127.28758441743,-62.0
23127.28764691426,-75.0
23127.28770941109,-61.0
23127.287771907922,-49.0
23127.287834404757,-69.0
23127.287896901587,-74.0
23127.287959398418,-49.0
23127.28802189525,-53.0
23127.28808439208,-38.0
23127.288146888914,-38.0
23127.288209385744,-62.0
23127.288271882575,-52.0
23127.288334379406,-50.0
23127.288396876236,-35.0
23127.28845937307,-63.0
23127.2885218699,-62.0
23127.28858436673,-29.0
23127.288646863562,-46.0
23127.288709360393,-55.0
23127.288771857227,-51.0
23127.288834354058,-47.0
23127.28889685089,-41.0
23127.28895934772,-28.0
23127.289021844554,-8.0
23127.289084341384,-14.0
23127.289146838215,-26.0
23127.289209335046,-26.0
23127.289271831876,-32.0
23127.28933432871,-18.0
23127.28939682554,14.0
23127.289459322372,-23.0
23127.289521819202,-63.0
23127.289584316033,-19.0
23127.289646812867,-27.0
23127.289709309698,-48.0
23127.28977180653,-7.0
23127.28983430336,3.0
23127.28989680019,-20.0
23127.289959297024,-1.0
23127.290021793855,-22.0
23127.290084290686,-9.0
23127.290146787516,18.0
23127.29020928435,-254.0
23127.29027178118,-366.0
23127.290334278012,-256.0
23127.290396774843,-228.0
23127.290459271673,-253.0
23127.290521768507,-248.0
23127.290584265338,-179.0
23127.29064676217,-231.0
23127.290709259,-242.0
23127.29077175583,-188.0
23127.290834252664,-229.0
23127.290896749495,-186.0
23127.290959246326,-140.0
23127.291021743156,-184.0
23127.291084239987,-181.0
23127.29114673682,-161.0
23127.291209233652,-154.0
23127.291271730483,-164.0
23127.291334227313,-125.0
23127.291396724147,-88.0
23127.291459220978,-128.0
23127.29152171781,-99.0
23127.29158421464,-56.0
23127.29164671147,-118.0
23127.291709208304,-129.0
23127.291771705135,-96.0
23127.291834201966,-88.0
23127.291896698796,-82.0
23127.291959195627,-64.0
23127.29202169246,-70.0
23127.292084189292,-49.0
23127.292146686123,19.0
23127.292209182953,37.0
23127.292271679784,25.0
23127.292334176618,-5.0
23127.29239667345,-42.0
23127.29245917028,-98.0
23127.29252166711,-102.0
23127.292584163944,-42.0
23127.292646660775,-45.0
23127.292709157606,-67.0
23127.292771654436,-84.0
23127.292834151267,-84.0
23127.2928966481,-104.0
23127.292959144932,-93.0
23127.293021641763,-42.0
23127.293084138593,-50.0
23127.293146635424,-56.0
23127.29320913226,-34.0
23127.29327162909,-33.0
23127.29333412592,-15.0
23127.29339662275,-9.0
23127.29345911958,-6.0
23127.293521616415,51.0
23127.293584113246,103.0
23127.293646610076,75.0
23127.293709106907,84.0
23127.29377160374,92.0
23127.293834100572,65.0
23127.293896597403,94.0
23127.293959094233,95.0
23127.294021591064,84.0
23127.2940840879,116.0
23127.29414658473,121.0
23127.29420908156,113.0
23127.29427157839,96.0
23127.29433407522,76.0
23127.294396572055,88.0
23127.294459068886,54.0
23127.294521565716,24.0
23127.294584062547,70.0
23127.294646559378,51.0
23127.294709056212,27.0
23127.294771553043,49.0
23127.294834049873,85.0
23127.294896546704,86.0
23127.29495904354,69.0
23127.29502154037,86.0
23127.2950840372,117.0
23127.29514653403,103.0
23127.29520903086,96.0
23127.295271527695,97.0
23127.295334024526,93.0
23127.295396521356,107.0
23127.295459018187,72.0
23127.295521515018,81.0
23127.295584011852,104.0
23127.295646508683,34.0
23127.295709005513,19.0
23127.295771502344,53.0
23127.295833999175,43.0
23127.29589649601,22.0
23127.29595899284,33.0
23127.29602148967,25.0
23127.2960839865,9.0
23127.296146483335,27.0
23127.296208980166,44.0
23127.296271476996,43.0
23127.296333973827,46.0
23127.296396470658,47.0
23127.296458967492,-9.0
23127.296521464323,-6.0
23127.296583961153,38.0
23127.296646457984,9.0
23127.296708954815,17.0
23127.29677145165,29.0
23127.29683394848,20.0
23127.29689644531,4.0
23127.29695894214,19.0
23127.29702143897,6.0
23127.297083935806,-15.0
23127.297146432637,6.0
23127.297208929467,19.0
23127.297271426298,18.0
23127.297333923132,17.0
23127.297396419963,31.0
23127.297458916793,-6.0
23127.297521413624,-18.0
23127.297583910455,39.0
23127.29764640729,7.0
23127.29770890412,-2.0
23127.29777140095,30.0
23127.29783389778,30.0
23127.29789639461,19.0
23127.297958891446,25.0
23127.298021388277,21.0
23127.298083885107,14.0
23127.298146381938,21.0
23127.29820887877,19.0
23127.298271375603,24.0
23127.298333872433,23.0
23127.298396369264,9.0
23127.298458866095,-25.0
23127.29852136293,0.0
23127.29858385976,57.0
23127.29864635659,21.0
23127.29870885342,11.0
23127.29877135025,34.0
23127.298833847086,27.0
23127.298896343917,-5.0
23127.298958840747,-8.0
23127.299021337578,-8.0
23127.29908383441,-19.0
23127.299146331243,-3.0
23127.299208828073,7.0
23127.299271324904,15.0
23127.299333821735,9.0
23127.299396318565,2.0
23127.2994588154,-15.0
23127.29952131223,-20.0
23127.29958380906,4.0
23127.29964630589,-30.0
23127.299708802726,-29.0
23127.299771299557,3.0
23127.299833796387,5.0
23127.299896293218,-7.0
23127.29995879005,-25.0
23127.300021286883,-9.0
23127.300083783713,-22.0
23127.300146280544,43.0
23127.300208777375,278.0
23127.300271274205,290.0
23127.30033377104,213.0
23127.30039626787,216.0
23127.3004587647,178.0
23127.30052126153,202.0
23127.300583758362,267.0
23127.300646255197,242.0
23127.300708752027,200.0
23127.300771248858,159.0
23127.30083374569,159.0
23127.300896242523,166.0
23127.300958739354,204.0
23127.301021236184,244.0
23127.301083733015,246.0
23127.301146229845,205.0
23127.30120872668,162.0
23127.30127122351,151.0
23127.30133372034,137.0
23127.30139621717,201.0
23127.301458714002,174.0
23127.301521210837,136.0
23127.301583707667,171.0
23127.301646204498,116.0
23127.30170870133,124.0
23127.30177119816,150.0
23127.301833694994,161.0
23127.301896191824,161.0
23127.301958688655,114.0
23127.302021185486,45.0
23127.30208368232,10.0
23127.30214617915,22.0
23127.30220867598,28.0
23127.30227117281,35.0
23127.302333669642,8.0
23127.302396166477,49.0
23127.302458663307,76.0
23127.302521160138,84.0
23127.30258365697,127.0
23127.3026461538,90.0
23127.302708650634,84.0
23127.302771147464,112.0
23127.302833644295,110.0
23127.302896141126,85.0
23127.302958637956,48.0
23127.30302113479,20.0
23127.30308363162,55.0
23127.30314612845,94.0
23127.303208625282,39.0
23127.303271122117,-20.0
23127.303333618947,-54.0
23127.303396115778,-45.0
23127.30345861261,-44.0
23127.30352110944,-79.0
23127.303583606274,-87.0
23127.303646103104,-140.0
23127.303708599935,-156.0
23127.303771096766,-111.0
23127.303833593596,-119.0
23127.30389609043,-139.0
23127.30395858726,-141.0
23127.30402108409,-164.0
23127.304083580922,-170.0
23127.304146077753,-143.0
23127.304208574587,-117.0
23127.304271071418,-141.0
23127.30433356825,-170.0
23127.30439606508,-174.0
23127.304458561914,-206.0
23127.304521058744,-150.0
23127.304583555575,-107.0
23127.304646052406,-149.0
23127.304708549236,-166.0
23127.30477104607,-201.0
23127.3048335429,-217.0
23127.304896039732,-212.0
23127.304958536562,-183.0
23127.305021033393,-183.0
23127.305083530227,-179.0
23127.305146027058,-183.0
23127.30520852389,-208.0
23127.30527102072,-205.0
23127.30533351755,-198.0
23127.305396014384,-199.0
23127.305458511215,-227.0
23127.305521008046,-207.0
23127.305583504876,-141.0
23127.30564600171,-156.0
23127.30570849854,-194.0
23127.305770995372,-212.0
23127.305833492203,-217.0
23127.305895989033,-205.0
23127.305958485867,-190.0
23127.306020982698,-182.0
23127.30608347953,-177.0
23127.30614597636,-178.0
23127.30620847319,-170.0
23127.306270970024,-189.0
23127.306333466855,-207.0
23127.306395963686,-177.0
23127.306458460516,-210.0
23127.306520957347,-206.0
23127.30658345418,-152.0
23127.306645951012,-180.0
23127.306708447843,-160.0
23127.306770944673,-129.0
23127.306833441507,-119.0
23127.306895938338,-122.0
23127.30695843517,-144.0
23127.307020932,-122.0
23127.30708342883,-108.0
23127.307145925664,-112.0
23127.307208422495,-99.0
23127.307270919326,-84.0
23127.307333416156,-106.0
23127.307395912987,-111.0
23127.30745840982,-108.0
23127.307520906652,-107.0
23127.307583403483,-88.0
23127.307645900313,-91.0
23127.307708397144,-87.0
23127.307770893978,-83.0
23127.30783339081,-78.0
23127.30789588764,-86.0
23127.30795838447,-68.0
23127.308020881304,-44.0
23127.308083378135,-58.0
23127.308145874966,-51.0
23127.308208371796,-41.0
23127.308270868627,-69.0
23127.30833336546,-84.0
23127.308395862292,-53.0
23127.308458359123,-55.0
23127.308520855953,-60.0
23127.308583352784,-40.0
23127.30864584962,-56.0
23127.30870834645,-44.0
23127.30877084328,-33.0
23127.30883334011,-27.0
23127.30889583694,-29.0
23127.308958333775,-56.0
23127.309020830606,-46.0
23127.309083327436,-47.0
23127.309145824267,-50.0
23127.3092083211,-59.0
23127.309270817932,-60.0
23127.309333314763,-50.0
23127.309395811593,-69.0
23127.309458308424,-90.0
23127.30952080526,-45.0
23127.30958330209,0.0
23127.30964579892,-29.0
23127.30970829575,-32.0
23127.30977079258,-43.0
23127.309833289415,-28.0
23127.309895786246,-6.0
23127.309958283076,-11.0
23127.310020779907,-21.0
23127.310083276738,8.0
23127.310145773572,-53.0
23127.310208270403,-284.0
23127.310270767233,-333.0
23127.310333264064,-288.0
23127.3103957609,-270.0
23127.31045825773,-267.0
23127.31052075456,-239.0
23127.31058325139,-187.0
23127.31064574822,-222.0
23127.310708245055,-215.0
23127.310770741886,-201.0
23127.310833238716,-223.0
23127.310895735547,-195.0
23127.310958232378,-207.0
23127.311020729212,-236.0
23127.311083226043,-231.0
23127.311145722873,-221.0
23127.311208219704,-225.0
23127.311270716535,-199.0
23127.31133321337,-142.0
23127.3113957102,-165.0
23127.31145820703,-168.0
23127.31152070386,-133.0
23127.311583200695,-131.0
23127.311645697526,-134.0
23127.311708194356,-131.0
23127.311770691187,-150.0
23127.311833188018,-163.0
23127.311895684852,-144.0
23127.311958181683,-107.0
23127.312020678513,-62.0
23127.312083175344,3.0
23127.312145672175,22.0
23127.31220816901,15.0
23127.31227066584,23.0
23127.31233316267,-21.0
23127.3123956595,-83.0
23127.31245815633,-132.0
23127.312520653166,-111.0
23127.312583149996,-75.0
23127.312645646827,-122.0
23127.312708143658,-130.0
23127.312770640492,-120.0
23127.312833137323,-120.0
23127.312895634153,-131.0
23127.312958130984,-112.0
23127.313020627815,-81.0
23127.31308312465,-86.0
23127.31314562148,-74.0
23127.31320811831,-81.0
23127.31327061514,-97.0
23127.31333311197,-46.0
23127.313395608806,-1.0
23127.313458105637,-25.0
23127.313520602467,22.0
23127.313583099298,80.0
23127.31364559613,31.0
23127.313708092963,26.0
23127.313770589793,67.0
23127.313833086624,92.0
23127.313895583455,106.0
23127.31395808029,104.0
23127.31402057712,90.0
23127.31408307395,100.0
23127.31414557078,131.0
23127.31420806761,155.0
23127.314270564446,159.0
23127.314333061277,143.0
23127.314395558107,136.0
23127.314458054938,91.0
23127.31452055177,81.0
23127.314583048603,136.0
23127.314645545433,144.0
23127.314708042264,139.0
23127.314770539095,173.0
23127.314833035925,171.0
23127.31489553276,163.0
23127.31495802959,179.0
23127.31502052642,169.0
23127.31508302325,151.0
23127.315145520086,176.0
23127.315208016917,181.0
23127.315270513747,163.0
23127.315333010578,182.0
23127.31539550741,183.0
23127.315458004243,137.0
23127.315520501073,121.0
23127.315582997904,155.0
23127.315645494735,113.0
23127.315707991565,85.0
23127.3157704884,95.0
23127.31583298523,118.0
23127.31589548206,129.0
23127.31595797889,141.0
23127.316020475722,147.0
23127.316082972557,118.0
23127.316145469387,111.0
23127.316207966218,124.0
23127.31627046305,126.0
23127.316332959883,122.0
23127.316395456714,112.0
23127.316457953544,64.0
23127.316520450375,84.0
23127.316582947205,155.0
23127.31664544404,113.0
23127.31670794087,103.0
23127.3167704377,91.0
23127.31683293453,77.0
23127.316895431362,88.0
23127.316957928197,79.0
23127.317020425027,80.0
23127.317082921858,77.0
23127.31714541869,60.0
23127.31720791552,61.0
23127.317270412354,74.0
23127.317332909184,71.0
23127.317395406015,66.0
23127.317457902845,17.0
23127.31752039968,42.0
23127.31758289651,103.0
23127.31764539334,57.0
23127.31770789017,29.0
23127.317770387002,12.0
23127.317832883837,20.0
23127.317895380667,29.0
23127.317957877498,-5.0
23127.31802037433,-1.0
23127.31808287116,17.0
23127.318145367994,15.0
23127.318207864824,0.0
23127.318270361655,-2.0
23127.318332858486,25.0
23127.318395355316,30.0
23127.31845785215,-14.0
23127.31852034898,-12.0
23127.31858284581,23.0
23127.318645342642,-3.0
23127.318707839477,-3.0
23127.318770336307,0.0
23127.318832833138,-13.0
23127.31889532997,-6.0
23127.3189578268,-9.0
23127.319020323634,-18.0
23127.319082820464,-19.0
23127.319145317295,-23.0
23127.319207814126,-19.0
23127.319270310956,-28.0
23127.31933280779,-41.0
23127.31939530462,-31.0
23127.31945780145,-55.0
23127.319520298282,-62.0
23127.319582795113,-22.0
23127.319645291947,-44.0
23127.319707788778,-29.0
23127.31977028561,-8.0
23127.31983278244,-39.0
23127.319895279274,-61.0
23127.319957776104,-48.0
23127.320020272935,-6.0
23127.320082769766,-56.0
23127.320145266596,30.0
23127.32020776343,287.0
23127.32027026026,301.0
23127.320332757092,255.0
23127.320395253922,240.0
23127.320457750753,161.0
23127.320520247587,148.0
23127.320582744418,177.0
23127.32064524125,164.0
23127.32070773808,168.0
23127.32077023491,217.0
23127.320832731744,225.0
23127.320895228575,184.0
23127.320957725406,195.0
23127.321020222236,184.0
23127.32108271907,170.0
23127.3211452159,166.0
23127.321207712732,148.0
23127.321270209562,159.0
23127.321332706393,188.0
23127.321395203227,200.0
23127.321457700058,149.0
23127.32152019689,149.0
23127.32158269372,185.0
23127.32164519055,162.0
23127.321707687384,132.0
23127.321770184215,127.0
23127.321832681046,146.0
23127.321895177876,151.0
23127.321957674707,178.0
23127.32202017154,153.0
23127.322082668372,113.0
23127.322145165203,80.0
23127.322207662033,42.0
23127.322270158867,74.0
23127.322332655698,121.0
23127.32239515253,177.0
23127.32245764936,193.0
23127.32252014619,216.0
23127.322582643024,244.0
23127.322645139855,196.0
23127.322707636686,171.0
23127.322770133516,163.0
23127.322832630347,180.0
23127.32289512718,203.0
23127.322957624012,188.0
23127.323020120843,172.0
23127.323082617673,165.0
23127.323145114504,153.0
23127.323207611338,147.0
23127.32327010817,155.0
23127.323332605,126.0
23127.32339510183,94.0
23127.323457598664,35.0
23127.323520095495,11.0
23127.323582592326,104.0
23127.323645089156,93.0
23127.323707585987,2.0
23127.32377008282,-33.0
23127.323832579652,-24.0
23127.323895076483,-11.0
23127.323957573313,-11.0
23127.324020070144,7.0
23127.324082566978,-41.0
23127.32414506381,-78.0
23127.32420756064,-47.0
23127.32427005747,-14.0
23127.3243325543,-34.0
23127.324395051135,-39.0
23127.324457547966,-71.0
23127.324520044796,-69.0
23127.324582541627,38.0
23127.32464503846,17.0
23127.324707535292,-61.0
23127.324770032123,-92.0
23127.324832528953,-98.0
23127.324895025784,-73.0
23127.32495752262,-48.0
23127.32502001945,-73.0
23127.32508251628,-102.0
23127.32514501311,-113.0
23127.32520750994,-98.0
23127.325270006775,-65.0
23127.325332503606,-74.0
23127.325395000436,-93.0
23127.325457497267,-132.0
23127.325519994098,-111.0
23127.325582490932,-37.0
23127.325644987763,-43.0
23127.325707484593,-37.0
23127.325769981424,-51.0
23127.32583247826,-59.0
23127.32589497509,-60.0
23127.32595747192,-58.0
23127.32601996875,-25.0
23127.32608246558,-26.0
23127.326144962415,-58.0
23127.326207459246,-81.0
23127.326269956076,-81.0
23127.326332452907,-89.0
23127.326394949738,-83.0
23127.326457446572,-55.0
23127.326519943403,-45.0
23127.326582440233,-20.0
23127.326644937064,-15.0
23127.326707433895,-25.0
23127.32676993073,-30.0
23127.32683242756,-38.0
23127.32689492439,-41.0
23127.32695742122,-29.0
23127.327019918055,-15.0
23127.327082414886,-4.0
23127.327144911716,-3.0
23127.327207408547,-29.0
23127.327269905378,-24.0
23127.327332402212,-4.0
23127.327394899043,-18.0
23127.327457395873,-45.0
23127.327519892704,-37.0
23127.327582389535,-12.0
23127.32764488637,-31.0
23127.3277073832,-21.0
23127.32776988003,-29.0
23127.32783237686,-50.0
23127.32789487369,-35.0
23127.327957370526,-12.0
23127.328019867356,-27.0
23127.328082364187,-51.0
23127.328144861018,-21.0
23127.328207357852,-19.0
23127.328269854683,-11.0
23127.328332351513,-1.0
23127.328394848344,-7.0
23127.328457345175,-31.0
23127.32851984201,-22.0
23127.32858233884,14.0
23127.32864483567,-14.0
23127.3287073325,-27.0
23127.32876982933,-8.0
23127.328832326166,-20.0
23127.328894822997,-28.0
23127.328957319827,-17.0
23127.329019816658,-20.0
23127.32908231349,-15.0
23127.329144810323,0.0
23127.329207307153,-14.0
23127.329269803984,-44.0
23127.329332300815,-45.0
23127.32939479765,-22.0
23127.32945729448,-29.0
23127.32951979131,-26.0
23127.32958228814,25.0
23127.32964478497,0.0
23127.329707281806,-15.0
23127.329769778637,6.0
23127.329832275467,1.0
23127.329894772298,-15.0
23127.32995726913,8.0
23127.330019765963,-18.0
23127.330082262793,17.0
23127.330144759624,-30.0
23127.330207256455,-315.0
23127.330269753285,-343.0
23127.33033225012,-269.0
23127.33039474695,-264.0
23127.33045724378,-248.0
23127.33051974061,-242.0
23127.330582237446,-216.0
23127.330644734277,-247.0
23127.330707231107,-222.0
23127.330769727938,-212.0
23127.33083222477,-259.0
23127.330894721603,-219.0
23127.330957218433,-208.0
23127.331019715264,-226.0
23127.331082212095,-228.0
23127.331144708925,-216.0
23127.33120720576,-193.0
23127.33126970259,-195.0
23127.33133219942,-178.0
23127.33139469625,-149.0
23127.331457193082,-158.0
23127.331519689917,-157.0
23127.331582186747,-120.0
23127.331644683578,-146.0
23127.33170718041,-155.0
23127.331769677243,-125.0
23127.331832174073,-133.0
23127.331894670904,-148.0
23127.331957167735,-119.0
23127.332019664565,-53.0
23127.3320821614,-34.0
23127.33214465823,-2.0
23127.33220715506,14.0
23127.33226965189,-14.0
23127.332332148722,-20.0
23127.332394645557,-51.0
23127.332457142387,-124.0
23127.332519639218,-155.0
23127.33258213605,-102.0
23127.33264463288,-115.0
23127.332707129714,-148.0
23127.332769626544,-148.0
23127.332832123375,-133.0
23127.332894620205,-120.0
23127.33295711704,-114.0
23127.33301961387,-102.0
23127.3330821107,-76.0
23127.33314460753,-73.0
23127.333207104362,-75.0
23127.333269601197,-65.0
23127.333332098027,-91.0
23127.333394594858,-50.0
23127.33345709169,-17.0
23127.33351958852,-11.0
23127.333582085354,50.0
23127.333644582184,39.0
23127.333707079015,58.0
23127.333769575846,90.0
23127.333832072676,73.0
23127.33389456951,67.0
23127.33395706634,48.0
23127.33401956317,72.0
23127.334082060002,97.0
23127.334144556837,87.0
23127.334207053667,104.0
23127.334269550498,95.0
23127.33433204733,55.0
23127.33439454416,36.0
23127.334457040994,-3.0
23127.334519537824,13.0
23127.334582034655,53.0
23127.334644531486,55.0
23127.334707028316,64.0
23127.33476952515,56.0
23127.33483202198,48.0
23127.33489451881,43.0
23127.334957015642,56.0
23127.335019512473,51.0
23127.335082009307,42.0
23127.335144506138,51.0
23127.33520700297,37.0
23127.3352694998,26.0
23127.335331996634,61.0
23127.335394493464,76.0
23127.335456990295,69.0
23127.335519487126,66.0
23127.335581983956,82.0
23127.33564448079,37.0
23127.33570697762,31.0
23127.33576947445,42.0
23127.335831971282,59.0
23127.335894468113,75.0
23127.335956964947,55.0
23127.336019461778,40.0
23127.33608195861,32.0
23127.33614445544,55.0
23127.33620695227,79.0
23127.336269449104,92.0
23127.336331945935,93.0
23127.336394442766,88.0
23127.336456939596,54.0
23127.33651943643,32.0
23127.33658193326,75.0
23127.336644430092,54.0
23127.336706926922,57.0
23127.336769423753,88.0
23127.336831920587,99.0
23127.336894417418,85.0
23127.33695691425,50.0
23127.33701941108,74.0
23127.33708190791,79.0
23127.337144404744,48.0
23127.337206901575,61.0
23127.337269398406,68.0
23127.337331895236,51.0
23127.337394392067,59.0
23127.3374568889,22.0
23127.337519385732,10.0
23127.337581882563,80.0
23127.337644379393,55.0
23127.337706876227,14.0
23127.337769373058,17.0
23127.33783186989,7.0
23127.33789436672,13.0
23127.33795686355,26.0
23127.338019360384,36.0
23127.338081857215,48.0
23127.338144354046,46.0
23127.338206850876,39.0
23127.338269347707,32.0
23127.33833184454,14.0
23127.338394341372,31.0
23127.338456838203,21.0
23127.338519335033,11.0
23127.338581831864,48.0
23127.338644328698,17.0
23127.33870682553,2.0
23127.33876932236,-4.0
23127.33883181919,-34.0
23127.338894316024,-28.0
23127.338956812855,-18.0
23127.339019309686,-8.0
23127.339081806516,-10.0
23127.339144303347,-20.0
23127.33920680018,-12.0
23127.339269297012,-30.0
23127.339331793843,-24.0
23127.339394290673,-4.0
23127.339456787504,-43.0
23127.339519284338,-31.0
23127.33958178117,7.0
23127.339644278,-21.0
23127.33970677483,-14.0
23127.33976927166,-10.0
23127.339831768495,-3.0
23127.339894265326,-10.0
23127.339956762156,3.0
23127.340019258987,29.0
23127.34008175582,-35.0
23127.340144252652,88.0
23127.340206749483,342.0
23127.340269246313,333.0
23127.340331743144,320.0
23127.34039423998,297.0
23127.34045673681,234.0
23127.34051923364,260.0
23127.34058173047,277.0
23127.3406442273,248.0
23127.340706724135,232.0
23127.340769220966,256.0
23127.340831717796,216.0
23127.340894214627,164.0
23127.340956711458,219.0
23127.341019208292,214.0
23127.341081705123,205.0
23127.341144201953,218.0
23127.341206698784,184.0
23127.34126919562,190.0
23127.34133169245,186.0
23127.34139418928,209.0
23127.34145668611,198.0
23127.34151918294,187.0
23127.341581679775,241.0
23127.341644176606,189.0
23127.341706673436,149.0
23127.341769170267,158.0
23127.341831667098,134.0
23127.341894163932,107.0
23127.341956660763,77.0
23127.342019157593,68.0
23127.342081654424,60.0
23127.342144151255,16.0
23127.34220664809,15.0
23127.34226914492,59.0
23127.34233164175,73.0
23127.34239413858,112.0
23127.342456635415,134.0
23127.342519132246,141.0
23127.342581629076,158.0
23127.342644125907,113.0
23127.342706622738,96.0
23127.342769119572,115.0
23127.342831616403,141.0
23127.342894113233,139.0
23127.342956610064,139.0
23127.343019106895,140.0
23127.34308160373,137.0
23127.34314410056,118.0
23127.34320659739,90.0
23127.34326909422,100.0
23127.34333159105,91.0
23127.343394087886,68.0
23127.343456584716,58.0
23127.343519081547,71.0
23127.343581578378,46.0
23127.343644075212,-24.0
23127.343706572043,-52.0
23127.343769068873,-76.0
23127.343831565704,-62.0
23127.343894062535,-60.0
23127.34395655937,-72.0
23127.3440190562,-51.0
23127.34408155303,-41.0
23127.34414404986,-82.0
23127.34420654669,-103.0
23127.344269043526,-60.0
23127.344331540357,-35.0
23127.344394037187,-46.0
23127.344456534018,-78.0
23127.34451903085,-63.0
23127.344581527683,-46.0
23127.344644024513,-100.0
23127.344706521344,-100.0
23127.344769018175,-73.0
23127.34483151501,-110.0
23127.34489401184,-148.0
23127.34495650867,-137.0
23127.3450190055,-149.0
23127.34508150233,-145.0
23127.345143999166,-123.0
23127.345206495997,-148.0
23127.345268992827,-157.0
23127.345331489658,-151.0
23127.34539398649,-154.0
23127.345456483323,-181.0
23127.345518980153,-167.0
23127.345581476984,-143.0
23127.345643973815,-175.0
23127.345706470645,-137.0
23127.34576896748,-98.0
23127.34583146431,-124.0
23127.34589396114,-133.0
23127.34595645797,-158.0
23127.346018954806,-131.0
23127.346081451637,-95.0
23127.346143948467,-111.0
23127.346206445298,-132.0
23127.34626894213,-139.0
23127.346331438963,-130.0
23127.346393935793,-113.0
23127.346456432624,-82.0
23127.346518929455,-92.0
23127.346581426285,-64.0
23127.34664392312,-88.0
23127.34670641995,-108.0
23127.34676891678,-75.0
23127.34683141361,-81.0
23127.346893910442,-81.0
23127.346956407277,-83.0
23127.347018904107,-97.0
23127.347081400938,-81.0
23127.34714389777,-45.0
23127.347206394603,-63.0
23127.347268891433,-74.0
23127.347331388264,-57.0
23127.347393885095,-58.0
23127.347456381925,-70.0
23127.34751887876,-68.0
23127.34758137559,-36.0
23127.34764387242,-39.0
23127.34770636925,-62.0
23127.347768866082,-47.0
23127.347831362917,-58.0
23127.347893859747,-78.0
23127.347956356578,-77.0
23127.34801885341,-97.0
23127.34808135024,-94.0
23127.348143847074,-75.0
23127.348206343904,-61.0
23127.348268840735,-52.0
23127.348331337565,-42.0
23127.3483938344,-38.0
23127.34845633123,-67.0
23127.34851882806,-60.0
23127.34858132489,-3.0
23127.348643821722,-13.0
23127.348706318557,-35.0
23127.348768815387,-27.0
23127.348831312218,-14.0
23127.34889380905,-6.0
23127.34895630588,-9.0
23127.349018802714,-26.0
23127.349081299544,-39.0
23127.349143796375,-52.0
23127.349206293205,-35.0
23127.349268790036,-19.0
23127.34933128687,-40.0
23127.3493937837,-30.0
23127.34945628053,-41.0
23127.349518777362,-53.0
23127.349581274197,10.0
23127.349643771027,14.0
23127.349706267858,-16.0
23127.34976876469,-21.0
23127.34983126152,-22.0
23127.349893758354,-19.0
23127.349956255184,-18.0
23127.350018752015,-26.0
23127.350081248846,45.0
23127.350143745676,-46.0
23127.35020624251,-339.0
23127.35026873934,-326.0
23127.35033123617,-266.0
23127.350393733002,-233.0
23127.350456229833,-216.0
23127.350518726667,-233.0
23127.350581223498,-167.0
23127.35064372033,-177.0
23127.35070621716,-208.0
23127.350768713994,-198.0
23127.350831210824,-219.0
23127.350893707655,-217.0
23127.350956204486,-199.0
23127.351018701316,-211.0
23127.35108119815,-231.0
23127.35114369498,-197.0
23127.35120619181,-193.0
23127.351268688642,-177.0
23127.351331185473,-154.0
23127.351393682307,-181.0
23127.351456179138,-166.0
23127.35151867597,-150.0
23127.3515811728,-127.0
23127.35164366963,-113.0
23127.351706166464,-115.0
23127.351768663295,-125.0
23127.351831160126,-121.0
23127.351893656956,-98.0
23127.35195615379,-91.0
23127.35201865062,-68.0
23127.352081147452,-30.0
23127.352143644282,4.0
23127.352206141113,-7.0
23127.352268637947,-21.0
23127.352331134778,-42.0
23127.35239363161,-87.0
23127.35245612844,-120.0
23127.35251862527,-145.0
23127.352581122104,-145.0
23127.352643618935,-140.0
23127.352706115766,-134.0
23127.352768612596,-147.0
23127.352831109427,-157.0
23127.35289360626,-169.0
23127.352956103092,-150.0
23127.353018599923,-140.0
23127.353081096753,-141.0
23127.353143593587,-123.0
23127.353206090418,-112.0
23127.35326858725,-83.0
23127.35333108408,-60.0
23127.35339358091,-41.0
23127.353456077744,-64.0
23127.353518574575,-40.0
23127.353581071406,62.0
23127.353643568236,41.0
23127.353706065067,61.0
23127.3537685619,112.0
23127.353831058732,74.0
23127.353893555563,100.0
23127.353956052393,102.0
23127.354018549224,69.0
23127.354081046058,101.0
23127.35414354289,85.0
23127.35420603972,65.0
23127.35426853655,57.0
23127.354331033384,63.0
23127.354393530215,92.0
23127.354456027046,78.0
23127.354518523876,98.0
23127.354581020707,147.0
23127.35464351754,115.0
23127.354706014372,95.0
23127.354768511203,101.0
23127.354831008033,106.0
23127.354893504864,121.0
23127.354956001698,119.0
23127.35501849853,114.0
23127.35508099536,111.0
23127.35514349219,142.0
23127.35520598902,170.0
23127.355268485855,140.0
23127.355330982686,158.0
23127.355393479516,160.0
23127.355455976347,108.0
23127.35551847318,133.0
23127.355580970012,181.0
23127.355643466843,140.0
23127.355705963673,149.0
23127.355768460504,150.0
23127.35583095734,130.0
23127.35589345417,136.0
23127.355955951,122.0
23127.35601844783,125.0
23127.35608094466,135.0
23127.356143441495,153.0
23127.356205938326,164.0
23127.356268435156,154.0
23127.356330931987,150.0
23127.356393428818,135.0
23127.356455925652,87.0
23127.356518422483,90.0
23127.356580919313,154.0
23127.356643416144,115.0
23127.35670591298,68.0
23127.35676840981,83.0
23127.35683090664,96.0
23127.35689340347,100.0
23127.3569559003,97.0
23127.357018397135,86.0
23127.357080893966,76.0
23127.357143390796,74.0
23127.357205887627,70.0
23127.357268384458,71.0
23127.357330881292,45.0
23127.357393378123,52.0
23127.357455874953,29.0
23127.357518371784,17.0
23127.357580868615,66.0
23127.35764336545,43.0
23127.35770586228,44.0
23127.35776835911,58.0
23127.35783085594,67.0
23127.357893352775,44.0
23127.357955849606,44.0
23127.358018346436,59.0
23127.358080843267,55.0
23127.358143340098,59.0
23127.358205836932,47.0
23127.358268333763,49.0
23127.358330830593,51.0
23127.358393327424,50.0
23127.358455824255,3.0
23127.35851832109,8.0
23127.35858081792,63.0
23127.35864331475,28.0
23127.35870581158,8.0
23127.35876830841,20.0
23127.358830805246,31.0
23127.358893302076,25.0
23127.358955798907,19.0
23127.359018295738,23.0
23127.359080792572,8.0
23127.359143289403,-3.0
23127.359205786233,0.0
23127.359268283064,1.0
23127.359330779895,11.0
23127.35939327673,10.0
23127.35945577356,-23.0
23127.35951827039,4.0
23127.35958076722,50.0
23127.35964326405,3.0
23127.359705760886,-13.0
23127.359768257716,-6.0
23127.359830754547,-7.0
23127.359893251378,10.0
23127.35995574821,13.0
23127.360018245043,38.0
23127.360080741873,-5.0
23127.360143238704,100.0
23127.360205735535,354.0
23127.36026823237,329.0
23127.3603307292,282.0
23127.36039322603,299.0
23127.36045572286,235.0
23127.36051821969,238.0
23127.360580716526,285.0
23127.360643213357,242.0
23127.360705710187,201.0
23127.360768207018,209.0
23127.36083070385,194.0
23127.360893200683,150.0
23127.360955697513,211.0
23127.361018194344,229.0
23127.361080691175,213.0
23127.361143188005,192.0
23127.36120568484,169.0
23127.36126818167,172.0
23127.3613306785,154.0
23127.36139317533,177.0
23127.361455672166,152.0
23127.361518168997,145.0
23127.361580665827,170.0
23127.361643162658,135.0
23127.36170565949,124.0
23127.361768156323,121.0
23127.361830653153,112.0
23127.361893149984,104.0
23127.361955646815,92.0
23127.362018143645,71.0
23127.36208064048,29.0
23127.36214313731,19.0
23127.36220563414,12.0
23127.36226813097,7.0
23127.362330627802,10.0
23127.362393124637,29.0
23127.362455621467,58.0
23127.362518118298,78.0
23127.36258061513,126.0
23127.362643111963,109.0
23127.362705608793,104.0
23127.362768105624,106.0
23127.362830602455,88.0
23127.362893099285,112.0
23127.36295559612,144.0
23127.36301809295,116.0
23127.36308058978,113.0
23127.36314308661,117.0
23127.363205583442,84.0
23127.363268080277,59.0
23127.363330577107,2.0
23127.363393073938,-14.0
23127.36345557077,-56.0
23127.3635180676,-74.0
23127.363580564434,-32.0
23127.363643061264,-98.0
23127.363705558095,-114.0
23127.363768054925,-73.0
23127.36383055176,-82.0
23127.36389304859,-110.0
23127.36395554542,-113.0
23127.36401804225,-114.0
23127.364080539082,-149.0
23127.364143035917,-172.0
23127.364205532747,-157.0
23127.364268029578,-137.0
23127.36433052641,-79.0
23127.36439302324,-48.0
23127.364455520074,-106.0
23127.364518016904,-45.0
23127.364580513735,-30.0
23127.364643010565,-128.0
23127.364705507396,-147.0
23127.36476800423,-156.0
23127.36483050106,-158.0
23127.36489299789,-144.0
23127.364955494722,-131.0
23127.365017991557,-133.0
23127.365080488387,-154.0
23127.365142985218,-144.0
23127.36520548205,-145.0
23127.36526797888,-173.0
23127.365330475714,-138.0
23127.365392972544,-111.0
23127.365455469375,-140.0
23127.365517966206,-126.0
23127.365580463036,-101.0
23127.36564295987,-134.0
23127.3657054567,-135.0
23127.36576795353,-98.0
23127.365830450362,-87.0
23127.365892947193,-71.0
23127.365955444027,-60.0
23127.366017940858,-103.0
23127.36608043769,-98.0
23127.36614293452,-82.0
23127.366205431354,-100.0
23127.366267928184,-89.0
23127.366330425015,-118.0
23127.366392921846,-104.0
23127.366455418676,-114.0
23127.36651791551,-159.0
23127.36658041234,-87.0
23127.36664290917,-71.0
23127.366705406002,-68.0
23127.366767902833,-44.0
23127.366830399667,-79.0
23127.366892896498,-78.0
23127.36695539333,-58.0
23127.36701789016,-85.0
23127.36708038699,-88.0
23127.367142883824,-77.0
23127.367205380655,-77.0
23127.367267877486,-63.0
23127.367330374316,-53.0
23127.36739287115,-51.0
23127.36745536798,-56.0
23127.36751786481,-46.0
23127.367580361642,-23.0
23127.367642858473,-58.0
23127.367705355307,-61.0
23127.367767852138,-34.0
23127.36783034897,-41.0
23127.3678928458,-59.0
23127.36795534263,-58.0
23127.368017839464,-37.0
23127.368080336295,-21.0
23127.368142833126,-25.0
23127.368205329956,-45.0
23127.368267826787,-28.0
23127.36833032362,-8.0
23127.368392820452,3.0
23127.368455317282,-19.0
23127.368517814113,-19.0
23127.368580310947,21.0
23127.368642807778,0.0
23127.36870530461,0.0
23127.36876780144,23.0
23127.36883029827,7.0
23127.368892795104,-21.0
23127.368955291935,-12.0
23127.369017788766,-4.0
23127.369080285596,-12.0
23127.369142782427,-31.0
23127.36920527926,-26.0
23127.369267776092,8.0
23127.369330272923,-1.0
23127.369392769753,3.0
23127.369455266584,15.0
23127.369517763418,2.0
23127.36958026025,29.0
23127.36964275708,23.0
23127.36970525391,13.0
23127.369767750744,20.0
23127.369830247575,2.0
23127.369892744406,1.0
23127.369955241236,10.0
23127.370017738067,-7.0
23127.3700802349,49.0
23127.370142731732,-57.0
23127.370205228563,-332.0
23127.370267725393,-328.0
23127.370330222224,-261.0
23127.370392719058,-239.0
23127.37045521589,-243.0
23127.37051771272,-241.0
23127.37058020955,-175.0
23127.37064270638,-206.0
23127.370705203215,-211.0
23127.370767700046,-200.0
23127.370830196876,-213.0
23127.370892693707,-197.0
23127.37095519054,-199.0
23127.371017687372,-190.0
23127.371080184203,-152.0
23127.371142681033,-148.0
23127.371205177864,-167.0
23127.371267674698,-148.0
23127.37133017153,-167.0
23127.37139266836,-172.0
23127.37145516519,-161.0
23127.37151766202,-162.0
23127.371580158855,-137.0
23127.371642655686,-164.0
23127.371705152516,-155.0
23127.371767649347,-132.0
23127.371830146178,-105.0
23127.371892643012,-110.0
23127.371955139843,-96.0
23127.372017636673,-39.0
23127.372080133504,-26.0
23127.37214263034,-8.0
23127.37220512717,9.0
23127.372267624,-27.0
23127.37233012083,-52.0
23127.37239261766,-62.0
23127.372455114495,-144.0
23127.372517611326,-180.0
23127.372580108156,-145.0
23127.372642604987,-178.0
23127.372705101818,-201.0
23127.372767598652,-169.0
23127.372830095483,-188.0
23127.372892592313,-207.0
23127.372955089144,-164.0
23127.373017585975,-177.0
23127.37308008281,-181.0
23127.37314257964,-145.0
23127.37320507647,-127.0
23127.3732675733,-108.0
23127.373330070135,-101.0
23127.373392566966,-61.0
23127.373455063796,-65.0
23127.373517560627,-55.0
23127.373580057458,27.0
23127.373642554292,12.0
23127.373705051123,15.0
23127.373767547953,60.0
23127.373830044784,51.0
23127.373892541615,50.0
23127.37395503845,61.0
23127.37401753528,58.0
23127.37408003211,41.0
23127.37414252894,42.0
23127.37420502577,64.0
23127.374267522606,45.0
23127.374330019436,42.0
23127.374392516267,54.0
23127.374455013098,12.0
23127.374517509932,16.0
23127.374580006763,66.0
23127.374642503593,5.0
23127.374705000424,-1.0
23127.374767497255,43.0
23127.37482999409,43.0
23127.37489249092,52.0
23127.37495498775,60.0
23127.37501748458,81.0
23127.37507998141,83.0
23127.375142478246,97.0
23127.375204975076,107.0
23127.375267471907,89.0
23127.375329968738,99.0
23127.37539246557,123.0
23127.375454962403,109.0
23127.375517459233,83.0
23127.375579956064,108.0
23127.375642452895,66.0
23127.37570494973,58.0
23127.37576744656,48.0
23127.37582994339,38.0
23127.37589244022,36.0
23127.37595493705,13.0
23127.376017433886,72.0
23127.376079930717,89.0
23127.376142427547,80.0
23127.376204924378,105.0
23127.37626742121,92.0
23127.376329918043,76.0
23127.376392414873,78.0
23127.376454911704,31.0
23127.376517408535,18.0
23127.376579905365,69.0
23127.3766424022,72.0
23127.37670489903,71.0
23127.37676739586,68.0
23127.37682989269,68.0
23127.376892389526,66.0
23127.376954886357,36.0
23127.377017383187,26.0
23127.377079880018,46.0
23127.37714237685,17.0
23127.377204873683,21.0
23127.377267370513,36.0
23127.377329867344,9.0
23127.377392364175,17.0
23127.377454861005,-28.0
23127.37751735784,-24.0
23127.37757985467,53.0
23127.3776423515,8.0
23127.37770484833,1.0
23127.377767345162,11.0
23127.377829841997,-1.0
23127.377892338827,12.0
23127.377954835658,12.0
23127.37801733249,-2.0
23127.378079829323,6.0
23127.378142326153,6.0
23127.378204822984,-8.0
23127.378267319815,-11.0
23127.378329816645,0.0
23127.37839231348,10.0
23127.37845481031,-7.0
23127.37851730714,-11.0
23127.37857980397,6.0
23127.378642300802,-8.0
23127.378704797637,10.0
23127.378767294467,14.0
23127.378829791298,17.0
23127.37889228813,11.0
23127.37895478496,-16.0
23127.379017281793,-12.0
23127.379079778624,5.0
23127.379142275455,10.0
23127.379204772285,-13.0
23127.37926726912,-18.0
23127.37932976595,-19.0
23127.37939226278,-15.0
23127.37945475961,-35.0
23127.379517256442,-36.0
23127.379579753277,3.0
23127.379642250107,-28.0
23127.379704746938,-22.0
23127.37976724377,4.0
23127.3798297406,-1.0
23127.379892237434,-5.0
23127.379954734264,6.0
23127.380017231095,6.0
23127.380079727925,-63.0
23127.380142224756,112.0
23127.38020472159,312.0
23127.38026721842,237.0
23127.38032971525,217.0
23127.380392212082,193.0
23127.380454708917,143.0
23127.380517205747,172.0
23127.380579702578,210.0
23127.38064219941,167.0
23127.38070469624,147.0
23127.380767193074,175.0
23127.380829689904,193.0
23127.380892186735,188.0
23127.380954683566,194.0
23127.381017180396,184.0
23127.38107967723,169.0
23127.38114217406,132.0
23127.38120467089,113.0
23127.381267167722,124.0
23127.381329664553,107.0
23127.381392161387,116.0
23127.381454658218,96.0
23127.38151715505,96.0
23127.38157965188,147.0
23127.381642148714,114.0
23127.381704645544,89.0
23127.381767142375,77.0
23127.381829639206,95.0
23127.381892136036,130.0
23127.38195463287,106.0
23127.3820171297,67.0
23127.38207962653,53.0
23127.382142123362,-6.0
23127.382204620193,-10.0
23127.382267117027,16.0
23127.382329613858,30.0
23127.38239211069,96.0
23127.38245460752,120.0
23127.38251710435,142.0
23127.382579601184,180.0
23127.382642098015,160.0
23127.382704594846,133.0
23127.382767091676,144.0
23127.38282958851,128.0
23127.38289208534,121.0
23127.38295458217,158.0
23127.383017079002,151.0
23127.383079575833,112.0
23127.383142072667,106.0
23127.383204569498,113.0
23127.38326706633,84.0
23127.38332956316,39.0
23127.38339205999,33.0
23127.383454556824,15.0
23127.383517053655,-30.0
23127.383579550486,-26.0
23127.383642047316,-30.0
23127.383704544147,-83.0
23127.38376704098,-102.0
23127.383829537812,-109.0
23127.383892034642,-161.0
23127.383954531473,-145.0
23127.384017028307,-132.0
23127.384079525138,-130.0
23127.38414202197,-101.0
23127.3842045188,-109.0
23127.38426701563,-93.0
23127.384329512464,-93.0
23127.384392009295,-71.0
23127.384454506126,-29.0
23127.384517002956,-34.0
23127.384579499787,-31.0
23127.38464199662,-27.0
23127.384704493452,-72.0
23127.384766990283,-112.0
23127.384829487113,-94.0
23127.384891983944,-100.0
23127.384954480778,-101.0
23127.38501697761,-109.0
23127.38507947444,-113.0
23127.38514197127,-94.0
23127.385204468104,-91.0
23127.385266964935,-78.0
23127.385329461766,-90.0
23127.385391958596,-110.0
23127.385454455427,-164.0
23127.38551695226,-163.0
23127.385579449092,-102.0
23127.385641945923,-141.0
23127.385704442753,-130.0
23127.385766939584,-126.0
23127.385829436418,-147.0
23127.38589193325,-110.0
23127.38595443008,-92.0
23127.38601692691,-92.0
23127.38607942374,-106.0
23127.386141920575,-126.0
23127.386204417406,-127.0
23127.386266914236,-116.0
23127.386329411067,-120.0
23127.3863919079,-108.0
23127.386454404732,-103.0
23127.386516901563,-112.0
23127.386579398393,-51.0
23127.386641895224,-44.0
23127.386704392058,-69.0
23127.38676688889,-69.0
23127.38682938572,-74.0
23127.38689188255,-71.0
23127.38695437938,-74.0
23127.387016876215,-60.0
23127.387079373046,-73.0
23127.387141869876,-77.0
23127.387204366707,-49.0
23127.387266863538,-41.0
23127.387329360372,-17.0
23127.387391857203,-22.0
23127.387454354033,-71.0
23127.387516850864,-54.0
23127.3875793477,-6.0
23127.38764184453,-36.0
23127.38770434136,-34.0
23127.38776683819,-39.0
23127.38782933502,-69.0
23127.387891831855,-41.0
23127.387954328686,-35.0
23127.388016825516,-46.0
23127.388079322347,-26.0
23127.388141819178,-28.0
23127.388204316012,-40.0
23127.388266812843,-34.0
23127.388329309673,-31.0
23127.388391806504,-25.0
23127.388454303335,-28.0
23127.38851680017,-25.0
23127.388579297,-4.0
23127.38864179383,2.0
23127.38870429066,-14.0
23127.388766787495,-16.0
23127.388829284326,-21.0
23127.388891781156,-13.0
23127.388954277987,-7.0
23127.389016774818,-26.0
23127.389079271652,-28.0
23127.389141768483,-23.0
23127.389204265313,-16.0
23127.389266762144,-2.0
23127.389329258975,-20.0
23127.38939175581,-6.0
23127.38945425264,-6.0
23127.38951674947,-35.0
23127.3895792463,-25.0
23127.38964174313,-24.0
23127.389704239966,-6.0
23127.389766736796,-8.0
23127.389829233627,-1.0
23127.389891730458,2.0
23127.389954227292,-11.0
23127.390016724123,-6.0
23127.390079220953,10.0
23127.390141717784,-103.0
23127.390204214615,-330.0
23127.39026671145,-354.0
23127.39032920828,-310.0
23127.39039170511,-282.0
23127.39045420194,-249.0
23127.39051669877,-222.0
23127.390579195606,-191.0
23127.390641692436,-233.0
23127.390704189267,-239.0
23127.390766686098,-206.0
23127.39082918293,-199.0
23127.390891679763,-167.0
23127.390954176593,-156.0
23127.391016673424,-186.0
23127.391079170255,-205.0
23127.39114166709,-200.0
23127.39120416392,-192.0
23127.39126666075,-150.0
23127.39132915758,-107.0
23127.39139165441,-133.0
23127.391454151246,-149.0
23127.391516648077,-126.0
23127.391579144907,-101.0
23127.391641641738,-103.0
23127.39170413857,-113.0
23127.391766635403,-97.0
23127.391829132233,-72.0
23127.391891629064,-74.0
23127.391954125895,-52.0
23127.392016622725,-18.0
23127.39207911956,-14.0
23127.39214161639,1.0
23127.39220411322,-8.0
23127.39226661005,-22.0
23127.392329106886,-36.0
23127.392391603717,-54.0
23127.392454100547,-81.0
23127.392516597378,-112.0
23127.39257909421,-74.0
23127.392641591043,-91.0
23127.392704087873,-122.0
23127.392766584704,-102.0
23127.392829081535,-111.0
23127.392891578365,-137.0
23127.3929540752,-137.0
23127.39301657203,-100.0
23127.39307906886,-84.0
23127.39314156569,-84.0
23127.393204062522,-39.0
23127.393266559357,23.0
23127.393329056187,46.0
23127.393391553018,36.0
23127.39345404985,24.0
23127.393516546683,47.0
23127.393579043513,91.0
23127.393641540344,78.0
23127.393704037175,61.0
23127.393766534005,69.0
23127.39382903084,86.0
23127.39389152767,75.0
23127.3939540245,54.0
23127.39401652133,70.0
23127.394079018162,95.0
23127.394141514997,85.0
23127.394204011827,90.0
23127.394266508658,110.0
23127.39432900549,105.0
23127.39439150232,97.0
23127.394453999153,72.0
23127.394516495984,82.0
23127.394578992815,123.0
23127.394641489645,117.0
23127.39470398648,119.0
23127.39476648331,108.0
23127.39482898014,126.0
23127.39489147697,177.0
23127.394953973802,176.0
23127.395016470637,155.0
23127.395078967467,158.0
23127.395141464298,180.0
23127.39520396113,167.0
23127.39526645796,155.0
23127.395328954794,181.0
23127.395391451624,177.0
23127.395453948455,156.0
23127.395516445285,157.0
23127.395578942116,175.0
23127.39564143895,149.0
23127.39570393578,148.0
23127.39576643261,158.0
23127.395828929442,142.0
23127.395891426277,126.0
23127.395953923107,145.0
23127.396016419938,136.0
23127.39607891677,151.0
23127.3961414136,162.0
23127.396203910434,115.0
23127.396266407264,125.0
23127.396328904095,121.0
23127.396391400925,102.0
23127.396453897756,51.0
23127.39651639459,26.0
23127.39657889142,101.0
23127.39664138825,95.0
23127.396703885082,69.0
23127.396766381913,77.0
23127.396828878747,81.0
23127.396891375578,66.0
23127.39695387241,51.0
23127.39701636924,73.0
23127.397078866074,70.0
23127.397141362904,28.0
23127.397203859735,24.0
23127.397266356566,32.0
23127.397328853396,-2.0
23127.39739135023,19.0
23127.39745384706,-2.0
23127.39751634389,-5.0
23127.397578840722,65.0
23127.397641337553,38.0
23127.397703834387,19.0
23127.397766331218,61.0
23127.39782882805,79.0
23127.39789132488,37.0
23127.39795382171,21.0
23127.398016318544,30.0
23127.398078815375,29.0
23127.398141312206,66.0
23127.398203809036,62.0
23127.39826630587,46.0
23127.3983288027,55.0
23127.39839129953,72.0
23127.398453796362,55.0
23127.398516293193,20.0
23127.398578790027,60.0
23127.398641286858,59.0
23127.39870378369,45.0
23127.39876628052,39.0
23127.39882877735,33.0
23127.398891274184,67.0
23127.398953771015,57.0
23127.399016267846,34.0
23127.399078764676,46.0
23127.399141261507,47.0
23127.39920375834,44.0
23127.399266255172,38.0
23127.399328752002,27.0
23127.399391248833,14.0
23127.399453745667,-17.0
23127.399516242498,-5.0
23127.39957873933,58.0
23127.39964123616,45.0
23127.39970373299,48.0
23127.399766229824,37.0
23127.399828726655,20.0
23127.399891223486,38.0
23127.399953720316,13.0
23127.400016217147,27.0
23127.40007871398,7.0
23127.400141210812,160.0
23127.400203707643,377.0
23127.400266204473,323.0
23127.400328701304,300.0
23127.400391198138,281.0
23127.40045369497,182.0
23127.4005161918,223.0
23127.40057868863,281.0
23127.400641185464,218.0
23127.400703682295,236.0
23127.400766179126,233.0
23127.400828675956,197.0
23127.400891172787,195.0
23127.40095366962,225.0
23127.401016166452,235.0
23127.401078663283,244.0
23127.401141160113,231.0
23127.401203656944,216.0
23127.401266153778,197.0
23127.40132865061,177.0
23127.40139114744,192.0
23127.40145364427,138.0
23127.4015161411,129.0
23127.401578637935,188.0
23127.401641134766,131.0
23127.401703631596,127.0
23127.401766128427,163.0
23127.40182862526,135.0
23127.401891122092,120.0
23127.401953618923,104.0
23127.402016115753,52.0
23127.402078612584,12.0
23127.402141109418,-8.0
23127.40220360625,-6.0
23127.40226610308,34.0
23127.40232859991,42.0
23127.40239109674,82.0
23127.402453593575,122.0
23127.402516090406,118.0
23127.402578587236,176.0
23127.402641084067,163.0
23127.402703580898,126.0
23127.402766077732,118.0
23127.402828574563,99.0
23127.402891071393,101.0
23127.402953568224,77.0
23127.40301606506,66.0
23127.40307856189,86.0
23127.40314105872,58.0
23127.40320355555,30.0
23127.40326605238,32.0
23127.403328549215,-5.0
23127.403391046046,-32.0
23127.403453542876,-70.0
23127.403516039707,-99.0
23127.403578536538,-85.0
23127.403641033372,-115.0
23127.403703530203,-111.0
23127.403766027033,-115.0
23127.403828523864,-139.0
23127.403891020695,-141.0
23127.40395351753,-130.0
23127.40401601436,-142.0
23127.40407851119,-122.0
23127.40414100802,-96.0
23127.404203504855,-111.0
23127.404266001686,-114.0
23127.404328498516,-128.0
23127.404390995347,-111.0
23127.404453492178,-115.0
23127.404515989012,-76.0
23127.404578485843,-42.0
23127.404640982673,-95.0
23127.404703479504,-107.0
23127.404765976335,-122.0
23127.40482847317,-148.0
23127.40489097,-152.0
23127.40495346683,-143.0
23127.40501596366,-139.0
23127.40507846049,-128.0
23127.405140957326,-108.0
23127.405203454156,-132.0
23127.405265950987,-170.0
23127.405328447818,-146.0
23127.405390944652,-128.0
23127.405453441483,-144.0
23127.405515938313,-112.0
23127.405578435144,-73.0
23127.405640931975,-99.0
23127.40570342881,-64.0
23127.40576592564,-60.0
23127.40582842247,-100.0
23127.4058909193,-49.0
23127.40595341613,-58.0
23127.406015912966,-104.0
23127.406078409796,-72.0
23127.406140906627,-92.0
23127.406203403458,-111.0
23127.40626590029,-93.0
23127.406328397123,-112.0
23127.406390893953,-98.0
23127.406453390784,-104.0
23127.406515887615,-82.0
23127.40657838445,-12.0
23127.40664088128,-11.0
23127.40670337811,-23.0
23127.40676587494,-18.0
23127.40682837177,2.0
23127.406890868606,-21.0
23127.406953365436,-20.0
23127.407015862267,18.0
23127.407078359098,-4.0
23127.40714085593,-29.0
23127.407203352763,-4.0
23127.407265849593,-19.0
23127.407328346424,-18.0
23127.407390843255,14.0
23127.407453340085,-22.0
23127.40751583692,-3.0
23127.40757833375,37.0
23127.40764083058,2.0
23127.40770332741,4.0
23127.407765824246,-1.0
23127.407828321077,-14.0
23127.407890817907,-12.0
23127.407953314738,-5.0
23127.40801581157,-7.0
23127.408078308403,-18.0
23127.408140805233,3.0
23127.408203302064,5.0
23127.408265798895,-11.0
23127.408328295725,-44.0
23127.40839079256,-47.0
23127.40845328939,-32.0
23127.40851578622,-19.0
23127.40857828305,15.0
23127.408640779882,-1.0
23127.408703276717,-1.0
23127.408765773547,3.0
23127.408828270378,-19.0
23127.40889076721,-27.0
23127.408953264043,-27.0
23127.409015760873,-9.0
23127.409078257704,-12.0
23127.409140754535,-16.0
23127.409203251365,0.0
23127.4092657482,2.0
23127.40932824503,7.0
23127.40939074186,-7.0
23127.40945323869,-34.0
23127.409515735522,-31.0
23127.409578232357,10.0
23127.409640729187,32.0
23127.409703226018,32.0
23127.40976572285,14.0
23127.40982821968,32.0
23127.409890716513,22.0
23127.409953213344,20.0
23127.410015710175,23.0
23127.410078207005,50.0
23127.41014070384,-75.0
23127.41020320067,-291.0
23127.4102656975,-275.0
23127.41032819433,-279.0
23127.410390691162,-256.0
23127.410453187997,-223.0
23127.410515684827,-219.0
23127.410578181658,-180.0
23127.41064067849,-216.0
23127.41070317532,-237.0
23127.410765672154,-191.0
23127.410828168984,-192.0
23127.410890665815,-188.0
23127.410953162645,-173.0
23127.411015659476,-195.0
23127.41107815631,-191.0
23127.41114065314,-139.0
23127.41120314997,-129.0
23127.411265646802,-150.0
23127.411328143637,-163.0
23127.411390640467,-171.0
23127.411453137298,-140.0
23127.41151563413,-86.0
23127.41157813096,-66.0
23127.411640627794,-123.0
23127.411703124624,-112.0
23127.411765621455,-87.0
23127.411828118285,-75.0
23127.411890615116,-63.0
23127.41195311195,-50.0
23127.41201560878,-14.0
23127.41207810561,-3.0
23127.412140602442,20.0
23127.412203099273,34.0
23127.412265596107,48.0
23127.412328092938,25.0
23127.41239058977,-21.0
23127.4124530866,-53.0
23127.412515583434,-91.0
23127.412578080264,-77.0
23127.412640577095,-81.0
23127.412703073926,-71.0
23127.412765570756,-55.0
23127.41282806759,-74.0
23127.41289056442,-76.0
23127.41295306125,-80.0
23127.413015558082,-90.0
23127.413078054913,-117.0
23127.413140551747,-83.0
23127.413203048578,-40.0
23127.41326554541,-36.0
23127.41332804224,-5.0
23127.41339053907,8.0
23127.413453035904,-30.0
23127.413515532735,-40.0
23127.413578029566,42.0
23127.413640526396,75.0
23127.41370302323,103.0
23127.41376552006,125.0
23127.41382801689,122.0
23127.413890513722,137.0
23127.413953010553,142.0
23127.414015507387,134.0
23127.414078004218,87.0
23127.41414050105,84.0
23127.41420299788,84.0
23127.41426549471,65.0
23127.414327991544,73.0
23127.414390488375,93.0
23127.414452985206,71.0
23127.414515482036,73.0
23127.414577978867,136.0
23127.4146404757,94.0
23127.41470297253,99.0
23127.414765469362,135.0
23127.414827966193,122.0
23127.414890463027,104.0
23127.414952959858,85.0
23127.41501545669,80.0
23127.41507795352,62.0
23127.41514045035,74.0
23127.415202947184,89.0
23127.415265444015,104.0
23127.415327940846,103.0
23127.415390437676,120.0
23127.415452934507,115.0
23127.41551543134,120.0
23127.415577928172,162.0
23127.415640425002,109.0
23127.415702921833,92.0
23127.415765418664,109.0
23127.415827915498,91.0
23127.41589041233,83.0
23127.41595290916,82.0
23127.41601540599,60.0
23127.416077902824,59.0
23127.416140399655,84.0
23127.416202896486,94.0
23127.416265393316,88.0
23127.416327890147,51.0
23127.41639038698,35.0
23127.416452883812,27.0
23127.416515380643,40.0
23127.416577877473,102.0
23127.416640374304,85.0
23127.416702871138,61.0
23127.41676536797,76.0
23127.4168278648,59.0
23127.41689036163,55.0
23127.41695285846,78.0
23127.417015355295,77.0
23127.417077852126,61.0
23127.417140348956,63.0
23127.417202845787,75.0
23127.41726534262,85.0
23127.417327839452,85.0
23127.417390336283,93.0
23127.417452833113,80.0
23127.417515329944,76.0
23127.417577826778,95.0
23127.41764032361,63.0
23127.41770282044,91.0
23127.41776531727,96.0
23127.4178278141,73.0
23127.417890310935,76.0
23127.417952807766,68.0
23127.418015304596,71.0
23127.418077801427,67.0
23127.418140298258,45.0
23127.418202795092,56.0
23127.418265291923,68.0
23127.418327788753,59.0
23127.418390285584,82.0
23127.418452782418,38.0
23127.41851527925,35.0
23127.41857777608,80.0
23127.41864027291,26.0
23127.41870276974,41.0
23127.418765266575,47.0
23127.418827763406,27.0
23127.418890260236,46.0
23127.418952757067,31.0
23127.419015253898,18.0
23127.419077750732,39.0
23127.419140247563,39.0
23127.419202744393,35.0
23127.419265241224,41.0
23127.419327738055,25.0
23127.41939023489,47.0
23127.41945273172,23.0
23127.41951522855,0.0
23127.41957772538,58.0
23127.419640222215,3.0
23127.419702719046,-25.0
23127.419765215876,2.0
23127.419827712707,13.0
23127.419890209538,4.0
23127.419952706372,9.0
23127.420015203203,36.0
23127.420077700033,-33.0
23127.420140196864,104.0
23127.420202693695,345.0
23127.42026519053,300.0
23127.42032768736,233.0
23127.42039018419,243.0
23127.42045268102,188.0
23127.42051517785,197.0
23127.420577674686,276.0
23127.420640171516,227.0
23127.420702668347,188.0
23127.420765165178,207.0
23127.420827662012,189.0
23127.420890158843,148.0
23127.420952655673,178.0
23127.421015152504,189.0
23127.421077649335,180.0
23127.42114014617,178.0
23127.421202643,149.0
23127.42126513983,141.0
23127.42132763666,144.0
23127.42139013349,177.0
23127.421452630326,114.0
23127.421515127156,91.0
23127.421577623987,135.0
23127.421640120818,69.0
23127.42170261765,91.0
23127.421765114483,117.0
23127.421827611313,109.0
23127.421890108144,127.0
23127.421952604975,104.0
23127.42201510181,69.0
23127.42207759864,22.0
23127.42214009547,-9.0
23127.4222025923,3.0
23127.42226508913,11.0
23127.422327585966,14.0
23127.422390082796,63.0
23127.422452579627,82.0
23127.422515076458,83.0
23127.42257757329,122.0
23127.422640070123,87.0
23127.422702566953,92.0
23127.422765063784,116.0
23127.422827560615,108.0
23127.422890057445,105.0
23127.42295255428,118.0
23127.42301505111,107.0
23127.42307754794,78.0
23127.42314004477,54.0
23127.423202541606,26.0
23127.423265038437,6.0
23127.423327535267,-3.0
23127.423390032098,6.0
23127.42345252893,-48.0
23127.423515025763,-76.0
23127.423577522593,-41.0
23127.423640019424,-93.0
23127.423702516255,-146.0
23127.423765013085,-126.0
23127.42382750992,-132.0
23127.42389000675,-160.0
23127.42395250358,-127.0
23127.42401500041,-131.0
23127.424077497242,-142.0
23127.424139994077,-112.0
23127.424202490907,-114.0
23127.424264987738,-102.0
23127.42432748457,-97.0
23127.424389981403,-76.0
23127.424452478233,-69.0
23127.424514975064,-81.0
23127.424577471895,-46.0
23127.424639968725,-84.0
23127.42470246556,-113.0
23127.42476496239,-98.0
23127.42482745922,-116.0
23127.42488995605,-151.0
23127.424952452882,-128.0
23127.425014949717,-121.0
23127.425077446547,-152.0
23127.425139943378,-144.0
23127.42520244021,-136.0
23127.42526493704,-144.0
23127.425327433873,-143.0
23127.425389930704,-144.0
23127.425452427535,-174.0
23127.425514924365,-140.0
23127.4255774212,-75.0
23127.42563991803,-104.0
23127.42570241486,-119.0
23127.42576491169,-115.0
23127.425827408522,-118.0
23127.425889905357,-135.0
23127.425952402187,-127.0
23127.426014899018,-102.0
23127.42607739585,-129.0
23127.42613989268,-107.0
23127.426202389513,-100.0
23127.426264886344,-102.0
23127.426327383175,-96.0
23127.426389880005,-112.0
23127.426452376836,-124.0
23127.42651487367,-145.0
23127.4265773705,-105.0
23127.42663986733,-104.0
23127.426702364162,-140.0
23127.426764860997,-121.0
23127.426827357827,-88.0
23127.426889854658,-68.0
23127.42695235149,-82.0
23127.42701484832,-87.0
23127.427077345154,-72.0
23127.427139841984,-66.0
23127.427202338815,-91.0
23127.427264835645,-65.0
23127.427327332476,-56.0
23127.42738982931,-80.0
23127.42745232614,-59.0
23127.42751482297,-75.0
23127.427577319802,-57.0
23127.427639816633,-42.0
23127.427702313467,-60.0
23127.427764810298,-72.0
23127.42782730713,-59.0
23127.42788980396,-52.0
23127.427952300794,-43.0
23127.428014797624,-48.0
23127.428077294455,-51.0
23127.428139791286,-14.0
23127.428202288116,-35.0
23127.42826478495,-57.0
23127.42832728178,-54.0
23127.42838977861,-39.0
23127.428452275442,-43.0
23127.428514772273,-53.0
23127.428577269107,-30.0
23127.428639765938,-20.0
23127.42870226277,-16.0
23127.4287647596,-31.0
23127.42882725643,-41.0
23127.428889753264,-53.0
23127.428952250095,-34.0
23127.429014746926,-3.0
23127.429077243756,-8.0
23127.42913974059,-3.0
23127.42920223742,-9.0
23127.42926473425,-7.0
23127.429327231082,-1.0
23127.429389727913,3.0
23127.429452224747,-8.0
23127.429514721578,-43.0
23127.42957721841,3.0
23127.42963971524,11.0
23127.42970221207,-23.0
23127.429764708904,-18.0
23127.429827205735,-23.0
23127.429889702566,-14.0
23127.429952199396,-10.0
23127.430014696227,-31.0
23127.43007719306,14.0
23127.43013968989,-97.0
23127.430202186722,-313.0
23127.430264683553,-318.0
23127.430327180387,-321.0
23127.430389677218,-296.0
23127.43045217405,-250.0
23127.43051467088,-242.0
23127.43057716771,-222.0
23127.430639664544,-231.0
23127.430702161375,-246.0
23127.430764658206,-227.0
23127.430827155036,-222.0
23127.430889651867,-180.0
23127.4309521487,-170.0
23127.431014645532,-222.0
23127.431077142362,-219.0
23127.431139639193,-195.0
23127.431202136024,-181.0
23127.431264632858,-185.0
23127.43132712969,-170.0
23127.43138962652,-198.0
23127.43145212335,-227.0
23127.431514620184,-168.0
23127.431577117015,-85.0
23127.431639613846,-105.0
23127.431702110676,-129.0
23127.431764607507,-144.0
23127.43182710434,-144.0
23127.431889601172,-112.0
23127.431952098003,-82.0
23127.432014594833,-70.0
23127.432077091664,-71.0
23127.432139588498,-20.0
23127.43220208533,-6.0
23127.43226458216,-4.0
23127.43232707899,-44.0
23127.43238957582,-103.0
23127.432452072655,-150.0
23127.432514569486,-165.0
23127.432577066316,-107.0
23127.432639563147,-153.0
23127.43270205998,-160.0
23127.432764556812,-139.0
23127.432827053643,-147.0
23127.432889550473,-134.0
23127.432952047304,-112.0
23127.433014544138,-109.0
23127.43307704097,-138.0
23127.4331395378,-144.0
23127.43320203463,-83.0
23127.43326453146,-43.0
23127.433327028295,-38.0
23127.433389525126,-13.0
23127.433452021956,-29.0
23127.433514518787,-13.0
23127.433577015618,60.0
23127.433639512452,67.0
23127.433702009283,80.0
23127.433764506113,93.0
23127.433827002944,84.0
23127.433889499778,81.0
23127.43395199661,68.0
23127.43401449344,78.0
23127.43407699027,107.0
23127.4341394871,121.0
23127.434201983935,119.0
23127.434264480766,73.0
23127.434326977596,28.0
23127.434389474427,72.0
23127.434451971258,73.0
23127.434514468092,45.0
23127.434576964923,126.0
23127.434639461753,129.0
23127.434701958584,104.0
23127.434764455415,129.0
23127.43482695225,139.0
23127.43488944908,128.0
23127.43495194591,122.0
23127.43501444274,152.0
23127.435076939575,168.0
23127.435139436406,169.0
23127.435201933236,164.0
23127.435264430067,155.0
23127.435326926898,134.0
23127.435389423732,128.0
23127.435451920563,105.0
23127.435514417393,91.0
23127.435576914224,151.0
23127.435639411055,141.0
23127.43570190789,118.0
23127.43576440472,135.0
23127.43582690155,140.0
23127.43588939838,105.0
23127.43595189521,83.0
23127.436014392046,101.0
23127.436076888876,72.0
23127.436139385707,50.0
23127.436201882538,72.0
23127.436264379372,93.0
23127.436326876203,86.0
23127.436389373033,92.0
23127.436451869864,80.0
23127.436514366695,88.0
23127.43657686353,134.0
23127.43663936036,118.0
23127.43670185719,120.0
23127.43676435402,128.0
23127.43682685085,120.0
23127.436889347686,111.0
23127.436951844516,126.0
23127.437014341347,126.0
23127.437076838178,104.0
23127.43713933501,129.0
23127.437201831843,99.0
23127.437264328673,73.0
23127.437326825504,97.0
23127.437389322335,95.0
23127.43745181917,52.0
23127.437514316,36.0
23127.43757681283,112.0
23127.43763930966,105.0
23127.43770180649,72.0
23127.437764303326,103.0
23127.437826800156,92.0
23127.437889296987,70.0
23127.437951793818,83.0
23127.43801429065,83.0
23127.438076787483,82.0
23127.438139284313,62.0
23127.438201781144,69.0
23127.438264277975,100.0
23127.438326774805,63.0
23127.43838927164,62.0
23127.43845176847,31.0
23127.4385142653,19.0
23127.43857676213,70.0
23127.438639258966,35.0
23127.438701755797,19.0
23127.438764252627,17.0
23127.438826749458,15.0
23127.43888924629,39.0
23127.438951743123,40.0
23127.439014239953,36.0
23127.439076736784,49.0
23127.439139233615,34.0
23127.439201730445,48.0
23127.43926422728,75.0
23127.43932672411,54.0
23127.43938922094,73.0
23127.43945171777,35.0
23127.439514214602,9.0
23127.439576711437,71.0
23127.439639208267,29.0
23127.439701705098,-6.0
23127.43976420193,-9.0
23127.439826698763,-6.0
23127.439889195593,5.0
23127.439951692424,21.0
23127.440014189255,41.0
23127.440076686085,-21.0
23127.44013918292,132.0
23127.44020167975,355.0
23127.44026417658,292.0
23127.44032667341,280.0
23127.440389170242,281.0
23127.440451667077,225.0
23127.440514163907,231.0
23127.440576660738,259.0
23127.44063915757,221.0
23127.4407016544,224.0
23127.440764151233,244.0
23127.440826648064,227.0
23127.440889144895,210.0
23127.440951641725,211.0
23127.44101413856,223.0
23127.44107663539,209.0
23127.44113913222,178.0
23127.44120162905,192.0
23127.441264125882,209.0
23127.441326622717,185.0
23127.441389119547,201.0
23127.441451616378,157.0
23127.44151411321,92.0
23127.44157661004,145.0
23127.441639106873,114.0
23127.441701603704,94.0
23127.441764100535,118.0
23127.441826597365,133.0
23127.441889094196,154.0
23127.44195159103,119.0
23127.44201408786,66.0
23127.44207658469,18.0
23127.442139081522,3.0
23127.442201578357,43.0
23127.442264075187,65.0
23127.442326572018,114.0
23127.44238906885,184.0
23127.44245156568,153.0
23127.442514062514,142.0
23127.442576559344,209.0
23127.442639056175,194.0
23127.442701553005,175.0
23127.442764049836,149.0
23127.44282654667,115.0
23127.4428890435,114.0
23127.44295154033,116.0
23127.443014037162,135.0
23127.443076533993,145.0
23127.443139030827,130.0
23127.443201527658,110.0
23127.44326402449,79.0
23127.44332652132,48.0
23127.443389018154,38.0
23127.443451514984,25.0
23127.443514011815,10.0
23127.443576508645,29.0
23127.443639005476,-19.0
23127.44370150231,-58.0
23127.44376399914,-51.0
23127.44382649597,-58.0
23127.443888992802,-72.0
23127.443951489633,-52.0
23127.444013986467,-15.0
23127.444076483298,-27.0
23127.44413898013,-41.0
23127.44420147696,-48.0
23127.44426397379,-41.0
23127.444326470624,-39.0
23127.444388967455,-38.0
23127.444451464286,-35.0
23127.444513961116,-26.0
23127.44457645795,13.0
23127.44463895478,-9.0
23127.44470145161,-57.0
23127.444763948442,-75.0
23127.444826445273,-88.0
23127.444888942107,-111.0
23127.444951438938,-103.0
23127.44501393577,-97.0
23127.4450764326,-114.0
23127.44513892943,-101.0
23127.445201426264,-67.0
23127.445263923095,-48.0
23127.445326419926,-40.0
23127.445388916756,-59.0
23127.445451413587,-77.0
23127.44551391042,-86.0
23127.44557640725,-57.0
23127.445638904082,-83.0
23127.445701400913,-104.0
23127.445763897747,-82.0
23127.445826394578,-102.0
23127.44588889141,-105.0
23127.44595138824,-92.0
23127.44601388507,-78.0
23127.446076381904,-84.0
23127.446138878735,-90.0
23127.446201375566,-79.0
23127.446263872396,-58.0
23127.446326369227,-66.0
23127.44638886606,-46.0
23127.446451362892,-29.0
23127.446513859722,-32.0
23127.446576356553,6.0
23127.446638853384,7.0
23127.446701350218,-19.0
23127.44676384705,-52.0
23127.44682634388,-67.0
23127.44688884071,-66.0
23127.446951337544,-66.0
23127.447013834375,-79.0
23127.447076331206,-59.0
23127.447138828036,-45.0
23127.447201324867,-57.0
23127.4472638217,-58.0
23127.447326318532,-27.0
23127.447388815363,-28.0
23127.447451312193,-70.0
23127.447513809024,-28.0
23127.447576305858,-2.0
23127.44763880269,-46.0
23127.44770129952,-36.0
23127.44776379635,-39.0
23127.44782629318,-50.0
23127.447888790015,1.0
23127.447951286846,11.0
23127.448013783676,-21.0
23127.448076280507,-31.0
23127.44813877734,5.0
23127.448201274172,-11.0
23127.448263771003,-23.0
23127.448326267833,5.0
23127.448388764664,-11.0
23127.448451261498,-20.0
23127.44851375833,-19.0
23127.44857625516,15.0
23127.44863875199,-1.0
23127.44870124882,-18.0
23127.448763745655,9.0
23127.448826242486,4.0
23127.448888739316,-6.0
23127.448951236147,-5.0
23127.449013732978,-14.0
23127.449076229812,-42.0
23127.449138726643,-28.0
23127.449201223473,-9.0
23127.449263720304,-16.0
23127.449326217138,-5.0
23127.44938871397,-7.0
23127.4494512108,-23.0
23127.44951370763,-38.0
23127.44957620446,-1.0
23127.449638701295,5.0
23127.449701198126,-31.0
23127.449763694956,-36.0
23127.449826191787,-22.0
23127.449888688618,-21.0
23127.449951185452,-10.0
23127.450013682283,-14.0
23127.450076179113,6.0
23127.450138675944,-147.0
23127.450201172775,-380.0
23127.45026366961,-318.0
23127.45032616644,-268.0
23127.45038866327,-264.0
23127.4504511601,-231.0
23127.450513656935,-236.0
23127.450576153766,-214.0
23127.450638650596,-231.0
23127.450701147427,-286.0
23127.450763644258,-282.0
23127.450826141092,-261.0
23127.450888637923,-193.0
23127.450951134753,-189.0
23127.451013631584,-213.0
23127.451076128415,-190.0
23127.45113862525,-200.0
23127.45120112208,-203.0
23127.45126361891,-214.0
23127.45132611574,-204.0
23127.45138861257,-167.0
23127.451451109406,-153.0
23127.451513606236,-144.0
23127.451576103067,-122.0
23127.451638599898,-153.0
23127.451701096732,-165.0
23127.451763593563,-149.0
23127.451826090393,-140.0
23127.451888587224,-111.0
23127.451951084055,-56.0
23127.45201358089,-13.0
23127.45207607772,-15.0
23127.45213857455,-31.0
23127.45220107138,-14.0
23127.45226356821,5.0
23127.452326065046,-37.0
23127.452388561876,-83.0
23127.452451058707,-148.0
23127.452513555538,-172.0
23127.45257605237,-123.0
23127.452638549203,-121.0
23127.452701046033,-123.0
23127.452763542864,-125.0
23127.452826039695,-148.0
23127.45288853653,-161.0
23127.45295103336,-131.0
23127.45301353019,-94.0
23127.45307602702,-104.0
23127.45313852385,-141.0
23127.453201020686,-127.0
23127.453263517516,-56.0
23127.453326014347,-14.0
23127.453388511178,-3.0
23127.45345100801,-19.0
23127.453513504843,-25.0
23127.453576001673,41.0
23127.453638498504,81.0
23127.453700995335,77.0
23127.453763492165,33.0
23127.453825989,18.0
23127.45388848583,73.0
23127.45395098266,106.0
23127.45401347949,108.0
23127.454075976326,96.0
23127.454138473156,71.0
23127.454200969987,73.0
23127.454263466818,90.0
23127.45432596365,97.0
23127.454388460483,97.0
23127.454450957313,64.0
23127.454513454144,40.0
23127.454575950975,79.0
23127.454638447805,89.0
23127.45470094464,105.0
23127.45476344147,109.0
23127.4548259383,91.0
23127.45488843513,86.0
23127.454950931962,116.0
23127.455013428797,149.0
23127.455075925627,150.0
23127.455138422458,135.0
23127.45520091929,105.0
23127.455263416123,90.0
23127.455325912953,91.0
23127.455388409784,130.0
23127.455450906615,129.0
23127.455513403445,112.0
23127.45557590028,146.0
23127.45563839711,99.0
23127.45570089394,61.0
23127.45576339077,55.0
23127.455825887602,59.0
23127.455888384437,82.0
23127.455950881267,102.0
23127.456013378098,103.0
23127.45607587493,94.0
23127.45613837176,84.0
23127.456200868593,54.0
23127.456263365424,78.0
23127.456325862255,104.0
23127.456388359085,120.0
23127.45645085592,87.0
23127.45651335275,79.0
23127.45657584958,133.0
23127.45663834641,69.0
23127.456700843242,39.0
23127.456763340077,47.0
23127.456825836907,31.0
23127.456888333738,34.0
23127.45695083057,74.0
23127.4570133274,82.0
23127.457075824233,53.0
23127.457138321064,62.0
23127.457200817895,46.0
23127.457263314725,26.0
23127.457325811556,31.0
23127.45738830839,44.0
23127.45745080522,25.0
23127.45751330205,36.0
23127.457575798882,84.0
23127.457638295717,42.0
23127.457700792547,29.0
23127.457763289378,31.0
23127.45782578621,44.0
23127.45788828304,48.0
23127.457950779873,37.0
23127.458013276704,61.0
23127.458075773535,35.0
23127.458138270365,22.0
23127.458200767196,39.0
23127.45826326403,24.0
23127.45832576086,6.0
23127.45838825769,30.0
23127.458450754522,18.0
23127.458513251353,-7.0
23127.458575748187,59.0
23127.458638245018,31.0
23127.45870074185,16.0
23127.45876323868,41.0
23127.458825735514,6.0
23127.458888232344,-8.0
23127.458950729175,-6.0
23127.459013226005,-2.0
23127.459075722836,-29.0
23127.45913821967,-48.0
23127.4592007165,-39.0
23127.45926321333,-31.0
23127.459325710162,-18.0
23127.459388206993,4.0
23127.459450703827,-22.0
23127.459513200658,-31.0
23127.45957569749,19.0
23127.45963819432,6.0
23127.45970069115,-19.0
23127.459763187984,-2.0
23127.459825684815,13.0
23127.459888181646,-10.0
23127.459950678476,9.0
23127.46001317531,7.0
23127.46007567214,-35.0
23127.46013816897,163.0
23127.460200665802,336.0
23127.460263162633,295.0
23127.460325659467,280.0
23127.460388156298,249.0
23127.46045065313,180.0
23127.46051314996,165.0
23127.46057564679,235.0
23127.460638143624,204.0
23127.460700640455,174.0
23127.460763137286,192.0
23127.460825634116,168.0
23127.460888130947,147.0
23127.46095062778,192.0
23127.46101312461,189.0
23127.461075621442,156.0
23127.461138118273,145.0
23127.461200615107,137.0
23127.461263111938,144.0
23127.46132560877,135.0
23127.4613881056,161.0
23127.46145060243,128.0
23127.461513099264,89.0
23127.461575596095,143.0
23127.461638092926,121.0
23127.461700589756,98.0
23127.461763086587,95.0
23127.46182558342,103.0
23127.46188808025,110.0
23127.461950577082,73.0
23127.462013073913,33.0
23127.462075570744,7.0
23127.462138067578,-26.0
23127.46220056441,1.0
23127.46226306124,46.0
23127.46232555807,60.0
23127.462388054904,125.0
23127.462450551735,170.0
23127.462513048566,172.0
23127.462575545396,201.0
23127.462638042227,177.0
23127.46270053906,142.0
23127.462763035892,113.0
23127.462825532722,122.0
23127.462888029553,139.0
23127.462950526384,137.0
23127.463013023218,150.0
23127.46307552005,151.0
23127.46313801688,137.0
23127.46320051371,110.0
23127.46326301054,87.0
23127.463325507375,69.0
23127.463388004206,43.0
23127.463450501036,7.0
23127.463512997867,10.0
23127.4635754947,35.0
23127.463637991532,-9.0
23127.463700488363,-46.0
23127.463762985193,-90.0
23127.463825482024,-93.0
23127.463887978858,-71.0
23127.46395047569,-58.0
23127.46401297252,-61.0
23127.46407546935,-76.0
23127.46413796618,-63.0
23127.464200463015,-71.0
23127.464262959846,-45.0
23127.464325456676,-9.0
23127.464387953507,0.0
23127.464450450338,-39.0
23127.464512947172,-67.0
23127.464575444003,-40.0
23127.464637940833,-67.0
23127.464700437664,-63.0
23127.464762934498,-56.0
23127.46482543133,-84.0
23127.46488792816,-99.0
23127.46495042499,-100.0
23127.46501292182,-96.0
23127.465075418655,-85.0
23127.465137915486,-78.0
23127.465200412316,-69.0
23127.465262909147,-88.0
23127.465325405978,-109.0
23127.465387902812,-101.0
23127.465450399643,-121.0
23127.465512896473,-128.0
23127.465575393304,-79.0
23127.465637890135,-86.0
23127.46570038697,-72.0
23127.4657628838,-35.0
23127.46582538063,-77.0
23127.46588787746,-94.0
23127.465950374295,-71.0
23127.466012871126,-87.0
23127.466075367956,-127.0
23127.466137864787,-110.0
23127.466200361618,-90.0
23127.466262858452,-86.0
23127.466325355283,-79.0
23127.466387852113,-68.0
23127.466450348944,-75.0
23127.466512845775,-111.0
23127.46657534261,-55.0
23127.46663783944,-44.0
23127.46670033627,-64.0
23127.4667628331,-50.0
23127.46682532993,-57.0
23127.466887826766,-66.0
23127.466950323596,-66.0
23127.467012820427,-50.0
23127.467075317258,-53.0
23127.467137814092,-22.0
23127.467200310923,-10.0
23127.467262807753,-61.0
23127.467325304584,-64.0
23127.467387801415,-46.0
23127.46745029825,-55.0
23127.46751279508,-56.0
23127.46757529191,-20.0
23127.46763778874,-19.0
23127.46770028557,-38.0
23127.467762782406,-51.0
23127.467825279236,-45.0
23127.467887776067,-36.0
23127.467950272898,-36.0
23127.46801276973,-37.0
23127.468075266563,-35.0
23127.468137763393,-32.0
23127.468200260224,-39.0
23127.468262757055,-24.0
23127.46832525389,-58.0
23127.46838775072,-78.0
23127.46845024755,-62.0
23127.46851274438,-74.0
23127.46857524121,-46.0
23127.468637738046,-53.0
23127.468700234876,-57.0
23127.468762731707,-52.0
23127.468825228538,-52.0
23127.46888772537,-17.0
23127.468950222203,-16.0
23127.469012719033,-18.0
23127.469075215864,6.0
23127.469137712695,-10.0
23127.469200209525,1.0
23127.46926270636,23.0
23127.46932520319,9.0
23127.46938770002,10.0
23127.46945019685,-26.0
23127.469512693686,-18.0
23127.469575190516,30.0
23127.469637687347,-7.0
23127.469700184178,-20.0
23127.46976268101,-6.0
23127.469825177843,8.0
23127.469887674673,-1.0
23127.469950171504,-25.0
23127.470012668335,-18.0
23127.470075165165,33.0
23127.470137662,-131.0
23127.47020015883,-338.0
23127.47026265566,-282.0
23127.47032515249,-259.0
23127.470387649322,-236.0
23127.470450146157,-236.0
23127.470512642987,-267.0
23127.470575139818,-201.0
23127.47063763665,-195.0
23127.470700133483,-231.0
23127.470762630313,-215.0
23127.470825127144,-238.0
23127.470887623975,-224.0
23127.470950120805,-199.0
23127.47101261764,-188.0
23127.47107511447,-173.0
23127.4711376113,-162.0
23127.47120010813,-143.0
23127.471262604962,-166.0
23127.471325101797,-176.0
23127.471387598627,-154.0
23127.471450095458,-190.0
23127.47151259229,-222.0
23127.47157508912,-145.0
23127.471637585953,-129.0
23127.471700082784,-130.0
23127.471762579615,-106.0
23127.471825076445,-86.0
23127.47188757328,-81.0
23127.47195007011,-77.0
23127.47201256694,-61.0
23127.47207506377,-39.0
23127.472137560602,-25.0
23127.472200057437,-13.0
23127.472262554267,17.0
23127.472325051098,-8.0
23127.47238754793,-38.0
23127.47245004476,-103.0
23127.472512541593,-130.0
23127.472575038424,-93.0
23127.472637535255,-137.0
23127.472700032085,-147.0
23127.472762528916,-110.0
23127.47282502575,-97.0
23127.47288752258,-93.0
23127.47295001941,-97.0
23127.473012516242,-104.0
23127.473075013077,-107.0
23127.473137509907,-115.0
23127.473200006738,-104.0
23127.47326250357,-42.0
23127.4733250004,17.0
23127.473387497233,16.0
23127.473449994064,-44.0
23127.473512490895,-45.0
23127.473574987725,38.0
23127.473637484556,55.0
23127.47369998139,67.0
23127.47376247822,88.0
23127.47382497505,61.0
23127.473887471882,50.0
23127.473949968713,65.0
23127.474012465547,69.0
23127.474074962378,85.0
23127.47413745921,109.0
23127.47419995604,75.0
23127.474262452874,34.0
23127.474324949704,61.0
23127.474387446535,94.0
23127.474449943365,65.0
23127.474512440196,50.0
23127.47457493703,86.0
23127.47463743386,38.0
23127.47469993069,62.0
23127.474762427522,92.0
23127.474824924353,63.0
23127.474887421187,82.0
23127.474949918018,86.0
23127.47501241485,99.0
23127.47507491168,122.0
23127.47513740851,108.0
23127.475199905344,78.0
23127.475262402175,85.0
23127.475324899005,106.0
23127.475387395836,141.0
23127.47544989267,109.0
23127.4755123895,49.0
23127.47557488633,89.0
23127.475637383162,85.0
23127.475699879993,109.0
23127.475762376827,125.0
23127.475824873658,71.0
23127.47588737049,53.0
23127.47594986732,61.0
23127.47601236415,118.0
23127.476074860984,143.0
23127.476137357815,143.0
23127.476199854646,120.0
23127.476262351476,78.0
23127.476324848307,93.0
23127.47638734514,99.0
23127.47644984197,84.0
23127.476512338802,107.0
23127.476574835633,122.0
23127.476637332467,53.0
23127.476699829298,27.0
23127.47676232613,51.0
23127.47682482296,59.0
23127.47688731979,65.0
23127.476949816624,90.0
23127.477012313455,85.0
23127.477074810286,58.0
23127.477137307116,57.0
23127.477199803947,49.0
23127.47726230078,49.0
23127.47732479761,47.0
23127.477387294442,69.0
23127.477449791273,38.0
23127.477512288104,17.0
23127.477574784938,77.0
23127.47763728177,46.0
23127.4776997786,26.0
23127.47776227543,25.0
23127.477824772264,42.0
23127.477887269095,44.0
23127.477949765926,42.0
23127.478012262756,60.0
23127.478074759587,51.0
23127.47813725642,31.0
23127.478199753252,16.0
23127.478262250082,43.0
23127.478324746913,33.0
23127.478387243744,26.0
23127.478449740578,12.0
23127.47851223741,17.0
23127.47857473424,71.0
23127.47863723107,20.0
23127.4786997279,5.0
23127.478762224735,24.0
23127.478824721566,-8.0
23127.478887218396,6.0
23127.478949715227,18.0
23127.47901221206,4.0
23127.479074708892,-4.0
23127.479137205723,21.0
23127.479199702553,26.0
23127.479262199384,0.0
23127.479324696218,26.0
23127.47938719305,50.0
23127.47944968988,18.0
23127.47951218671,2.0
23127.47957468354,52.0
23127.479637180375,26.0
23127.479699677206,-2.0
23127.479762174036,19.0
23127.479824670867,27.0
23127.479887167698,22.0
23127.479949664532,1.0
23127.480012161363,19.0
23127.480074658193,2.0
23127.480137155024,194.0
23127.480199651858,386.0
23127.48026214869,294.0
23127.48032464552,274.0
23127.48038714235,285.0
23127.48044963918,219.0
23127.480512136015,222.0
23127.480574632846,289.0
23127.480637129676,227.0
23127.480699626507,220.0
23127.480762123338,258.0
23127.480824620172,211.0
23127.480887117003,195.0
23127.480949613833,196.0
23127.481012110664,181.0
23127.481074607495,202.0
23127.48113710433,190.0
23127.48119960116,169.0
23127.48126209799,162.0
23127.48132459482,150.0
23127.481387091655,160.0
23127.481449588486,130.0
23127.481512085316,115.0
23127.481574582147,152.0
23127.481637078978,125.0
23127.48169957581,131.0
23127.481762072643,142.0
23127.481824569473,97.0
23127.481887066304,107.0
23127.481949563135,92.0
23127.48201205997,39.0
23127.4820745568,27.0
23127.48213705363,7.0
23127.48219955046,7.0
23127.48226204729,39.0
23127.482324544126,82.0
23127.482387040956,128.0
23127.482449537787,133.0
23127.482512034618,144.0
23127.482574531452,198.0
23127.482637028283,189.0
23127.482699525113,164.0
23127.482762021944,155.0
23127.482824518775,139.0
23127.482887015605,140.0
23127.48294951244,144.0
23127.48301200927,128.0
23127.4830745061,90.0
23127.48313700293,87.0
23127.483199499766,83.0
23127.483261996596,59.0
23127.483324493427,51.0
23127.483386990258,48.0
23127.48344948709,4.0
23127.483511983923,-29.0
23127.483574480753,15.0
23127.483636977584,-21.0
23127.483699474415,-28.0
23127.48376197125,-27.0
23127.48382446808,-66.0
23127.48388696491,-93.0
23127.48394946174,-106.0
23127.48401195857,-88.0
23127.484074455402,-89.0
23127.484136952236,-101.0
23127.484199449067,-80.0
23127.484261945898,-67.0
23127.48432444273,-68.0
23127.484386939563,-65.0
23127.484449436393,-102.0
23127.484511933224,-106.0
23127.484574430055,-57.0
23127.484636926885,-88.0
23127.48469942372,-101.0
23127.48476192055,-75.0
23127.48482441738,-88.0
23127.48488691421,-134.0
23127.484949411046,-147.0
23127.485011907876,-125.0
23127.485074404707,-125.0
23127.485136901538,-126.0
23127.48519939837,-96.0
23127.4852618952,-86.0
23127.485324392033,-89.0
23127.485386888864,-96.0
23127.485449385695,-125.0
23127.485511882525,-130.0
23127.48557437936,-95.0
23127.48563687619,-88.0
23127.48569937302,-87.0
23127.48576186985,-79.0
23127.485824366682,-93.0
23127.485886863516,-104.0
23127.485949360347,-91.0
23127.486011857178,-63.0
23127.48607435401,-61.0
23127.486136850843,-86.0
23127.486199347673,-91.0
23127.486261844504,-69.0
23127.486324341335,-78.0
23127.486386838165,-63.0
23127.486449334996,-48.0
23127.48651183183,-79.0
23127.48657432866,-50.0
23127.48663682549,-48.0
23127.486699322322,-47.0
23127.486761819157,-24.0
23127.486824315987,-24.0
23127.486886812818,-12.0
23127.48694930965,-15.0
23127.48701180648,-34.0
23127.487074303313,-24.0
23127.487136800144,-3.0
23127.487199296975,-8.0
23127.487261793805,-1.0
23127.48732429064,-5.0
23127.48738678747,-15.0
23127.4874492843,-52.0
23127.48751178113,-66.0
23127.487574277962,-13.0
23127.487636774793,-8.0
23127.487699271627,-42.0
23127.487761768458,-57.0
23127.48782426529,-42.0
23127.48788676212,-51.0
23127.487949258953,-57.0
23127.488011755784,-43.0
23127.488074252615,-35.0
23127.488136749445,-28.0
23127.488199246276,-30.0
23127.48826174311,-33.0
23127.48832423994,-42.0
23127.48838673677,-24.0
23127.488449233602,-22.0
23127.488511730437,-53.0
23127.488574227267,-16.0
23127.488636724098,-14.0
23127.48869922093,-29.0
23127.48876171776,-30.0
23127.48882421459,-52.0
23127.488886711424,-46.0
23127.488949208255,-25.0
23127.489011705085,-31.0
23127.489074201916,-37.0
23127.48913669875,-45.0
23127.48919919558,-34.0
23127.48926169241,-16.0
23127.489324189242,-45.0
23127.489386686073,-33.0
23127.489449182907,-19.0
23127.489511679738,-54.0
23127.48957417657,-44.0
23127.4896366734,-45.0
23127.489699170234,-36.0
23127.489761667064,-2.0
23127.489824163895,-24.0
23127.489886660725,-18.0
23127.489949157556,-16.0
23127.490011654387,-32.0
23127.49007415122,9.0
23127.49013664805,-201.0
23127.490199144882,-396.0
23127.490261641713,-297.0
23127.490324138547,-274.0
23127.490386635378,-254.0
23127.49044913221,-233.0
23127.49051162904,-240.0
23127.49057412587,-208.0
23127.490636622704,-210.0
23127.490699119535,-204.0
23127.490761616365,-188.0
23127.490824113196,-203.0
23127.49088661003,-217.0
23127.49094910686,-198.0
23127.49101160369,-197.0
23127.491074100522,-208.0
23127.491136597353,-175.0
23127.491199094184,-161.0
23127.491261591018,-173.0
23127.49132408785,-178.0
23127.49138658468,-161.0
23127.49144908151,-152.0
23127.491511578344,-157.0
23127.491574075175,-123.0
23127.491636572006,-117.0
23127.491699068836,-132.0
23127.491761565667,-155.0
23127.4918240625,-174.0
23127.49188655933,-173.0
23127.491949056162,-127.0
23127.492011552993,-91.0
23127.492074049827,-72.0
23127.492136546658,-29.0
23127.49219904349,-23.0
23127.49226154032,-58.0
23127.49232403715,-108.0
23127.49238653398,-123.0
23127.492449030815,-176.0
23127.492511527646,-180.0
23127.492574024476,-131.0
23127.492636521307,-175.0
23127.49269901814,-153.0
23127.49276151497,-144.0
23127.492824011802,-163.0
23127.492886508633,-133.0
23127.492949005464,-127.0
23127.493011502298,-92.0
23127.49307399913,-92.0
23127.49313649596,-86.0
23127.49319899279,-50.0
23127.493261489624,-69.0
23127.493323986455,-74.0
23127.493386483286,-36.0
23127.493448980116,-58.0
23127.493511476947,-17.0
23127.493573973778,92.0
23127.49363647061,66.0
23127.493698967442,59.0
23127.493761464273,78.0
23127.493823961104,82.0
23127.493886457938,84.0
23127.49394895477,63.0
23127.4940114516,72.0
23127.49407394843,76.0
23127.49413644526,70.0
23127.494198942095,103.0
23127.494261438926,93.0
23127.494323935756,48.0
23127.494386432587,49.0
23127.49444892942,17.0
23127.494511426252,24.0
23127.494573923082,92.0
23127.494636419913,96.0
23127.494698916744,100.0
23127.494761413574,92.0
23127.49482391041,67.0
23127.49488640724,51.0
23127.49494890407,89.0
23127.4950114009,141.0
23127.495073897735,122.0
23127.495136394566,99.0
23127.495198891396,79.0
23127.495261388227,81.0
23127.495323885058,75.0
23127.495386381892,112.0
23127.495448878723,109.0
23127.495511375553,52.0
23127.495573872384,77.0
23127.495636369218,50.0
23127.49569886605,42.0
23127.49576136288,85.0
23127.49582385971,82.0
23127.49588635654,36.0
23127.49594885337,12.0
23127.496011350206,45.0
23127.496073847036,79.0
23127.496136343867,84.0
23127.496198840698,75.0
23127.496261337532,67.0
23127.496323834363,44.0
23127.496386331193,68.0
23127.496448828024,77.0
23127.496511324855,78.0
23127.49657382169,89.0
23127.49663631852,10.0
23127.49669881535,1.0
23127.49676131218,48.0
23127.496823809015,52.0
23127.496886305846,47.0
23127.496948802676,26.0
23127.497011299507,12.0
23127.497073796338,43.0
23127.49713629317,57.0
23127.497198790003,45.0
23127.497261286833,42.0
23127.497323783664,17.0
23127.497386280495,30.0
23127.49744877733,17.0
23127.49751127416,1.0
23127.49757377099,65.0
23127.49763626782,47.0
23127.49769876465,22.0
23127.497761261486,25.0
23127.497823758316,28.0
23127.497886255147,32.0
23127.497948751978,-4.0
23127.498011248812,17.0
23127.498073745643,34.0
23127.498136242473,12.0
23127.498198739304,41.0
23127.498261236135,48.0
23127.498323732965,50.0
23127.4983862298,54.0
23127.49844872663,27.0
23127.49851122346,28.0
23127.49857372029,78.0
23127.498636217126,68.0
23127.498698713956,35.0
23127.498761210787,48.0
23127.498823707618,33.0
23127.49888620445,27.0
23127.498948701283,35.0
23127.499011198113,28.0
23127.499073694944,32.0
23127.499136191775,29.0
23127.49919868861,23.0
23127.49926118544,26.0
23127.49932368227,23.0
23127.4993861791,37.0
23127.49944867593,6.0
23127.499511172762,-18.0
23127.499573669596,53.0
23127.499636166427,21.0
23127.499698663258,5.0
23127.49976116009,37.0
23127.499823656923,35.0
23127.499886153753,22.0
23127.499948650584,13.0
23127.500011147415,32.0
23127.500073644245,-1.0
23127.50013614108,201.0
23127.50019863791,382.0
23127.50026113474,322.0
23127.50032363157,313.0
23127.500386128406,255.0
23127.500448625236,211.0
23127.500511122067,223.0
23127.500573618898,213.0
23127.50063611573,179.0
23127.50069861256,202.0
23127.500761109393,193.0
23127.500823606224,171.0
23127.500886103055,220.0
23127.500948599885,244.0
23127.50101109672,242.0
23127.50107359355,242.0
23127.50113609038,197.0
23127.50119858721,188.0
23127.501261084042,215.0
23127.501323580876,218.0
23127.501386077707,186.0
23127.501448574538,123.0
23127.50151107137,114.0
23127.501573568203,155.0
23127.501636065033,112.0
23127.501698561864,104.0
23127.501761058695,104.0
23127.501823555525,99.0
23127.501886052356,128.0
23127.50194854919,109.0
23127.50201104602,60.0
23127.50207354285,19.0
23127.502136039682,-12.0
23127.502198536517,5.0
23127.502261033347,48.0
23127.502323530178,69.0
23127.50238602701,104.0
23127.50244852384,112.0
23127.502511020673,122.0
23127.502573517504,171.0
23127.502636014335,125.0
23127.502698511165,111.0
23127.502761008,127.0
23127.50282350483,119.0
23127.50288600166,112.0
23127.50294849849,111.0
23127.503010995322,120.0
23127.503073492153,127.0
23127.503135988987,100.0
23127.503198485818,79.0
23127.50326098265,75.0
23127.50332347948,16.0
23127.503385976313,-12.0
23127.503448473144,-13.0
23127.503510969975,-44.0
23127.503573466805,-26.0
23127.503635963636,-49.0
23127.50369846047,-89.0
23127.5037609573,-88.0
23127.50382345413,-93.0
23127.503885950962,-112.0
23127.503948447797,-130.0
23127.504010944627,-125.0
23127.504073441458,-136.0
23127.50413593829,-157.0
23127.50419843512,-142.0
23127.50426093195,-147.0
23127.504323428784,-139.0
23127.504385925615,-101.0
23127.504448422445,-124.0
23127.504510919276,-106.0
23127.50457341611,-48.0
23127.50463591294,-79.0
23127.50469840977,-95.0
23127.504760906602,-86.0
23127.504823403433,-104.0
23127.504885900267,-125.0
23127.504948397098,-152.0
23127.50501089393,-140.0
23127.50507339076,-135.0
23127.505135887593,-197.0
23127.505198384424,-176.0
23127.505260881255,-135.0
23127.505323378085,-138.0
23127.505385874916,-126.0
23127.505448371747,-123.0
23127.50551086858,-132.0
23127.50557336541,-103.0
23127.505635862242,-100.0
23127.505698359073,-124.0
23127.505760855907,-112.0
23127.505823352738,-114.0
23127.50588584957,-128.0
23127.5059483464,-95.0
23127.50601084323,-92.0
23127.506073340064,-94.0
23127.506135836895,-90.0
23127.506198333725,-116.0
23127.506260830556,-135.0
23127.50632332739,-149.0
23127.50638582422,-116.0
23127.50644832105,-103.0
23127.506510817882,-87.0
23127.506573314713,-84.0
23127.506635811544,-125.0
23127.506698308378,-111.0
23127.50676080521,-86.0
23127.50682330204,-80.0
23127.50688579887,-87.0
23127.506948295704,-63.0
23127.507010792535,-59.0
23127.507073289366,-104.0
23127.507135786196,-81.0
23127.507198283027,-77.0
23127.50726077986,-85.0
23127.50732327669,-57.0
23127.507385773522,-47.0
23127.507448270353,-75.0
23127.507510767187,-76.0
23127.507573264018,-35.0
23127.50763576085,-53.0
23127.50769825768,-50.0
23127.50776075451,-51.0
23127.50782325134,-43.0
23127.507885748175,-48.0
23127.507948245006,-49.0
23127.508010741836,-36.0
23127.508073238667,-50.0
23127.5081357355,-47.0
23127.50819823233,-47.0
23127.508260729162,-80.0
23127.508323225993,-74.0
23127.508385722824,-64.0
23127.508448219658,-110.0
23127.50851071649,-102.0
23127.50857321332,-60.0
23127.50863571015,-68.0
23127.508698206984,-44.0
23127.508760703815,-18.0
23127.508823200646,-43.0
23127.508885697476,-49.0
23127.508948194307,-13.0
23127.509010691138,-13.0
23127.50907318797,-16.0
23127.509135684802,9.0
23127.509198181633,-10.0
23127.509260678464,-18.0
23127.509323175298,-5.0
23127.50938567213,-13.0
23127.50944816896,-31.0
23127.50951066579,-30.0
23127.50957316262,40.0
23127.509635659455,43.0
23127.509698156286,10.0
23127.509760653116,24.0
23127.509823149947,9.0
23127.50988564678,-4.0
23127.509948143612,-3.0
23127.510010640442,-4.0
23127.510073137273,40.0
23127.510135634104,-148.0
23127.510198130934,-330.0
23127.51026062777,-260.0
23127.5103231246,-248.0
23127.51038562143,-223.0
23127.51044811826,-220.0
23127.510510615095,-237.0
23127.510573111926,-161.0
23127.510635608756,-194.0
23127.510698105587,-239.0
23127.510760602418,-249.0
23127.510823099252,-228.0
23127.510885596083,-167.0
23127.510948092913,-206.0
23127.511010589744,-244.0
23127.511073086578,-224.0
23127.51113558341,-190.0
23127.51119808024,-190.0
23127.51126057707,-183.0
23127.5113230739,-159.0
23127.51138557073,-166.0
23127.511448067566,-188.0
23127.511510564396,-154.0
23127.511573061227,-90.0
23127.511635558058,-117.0
23127.511698054892,-132.0
23127.511760551723,-100.0
23127.511823048553,-69.0
23127.511885545384,-85.0
23127.511948042214,-91.0
23127.51201053905,-28.0
23127.51207303588,-25.0
23127.51213553271,3.0
23127.51219802954,33.0
23127.512260526375,0.0
23127.512323023206,-44.0
23127.512385520036,-87.0
23127.512448016867,-136.0
23127.512510513698,-159.0
23127.51257301053,-122.0
23127.512635507363,-136.0
23127.512698004193,-153.0
23127.512760501024,-150.0
23127.512822997855,-152.0
23127.51288549469,-139.0
23127.51294799152,-127.0
23127.51301048835,-117.0
23127.51307298518,-135.0
23127.51313548201,-155.0
23127.513197978846,-116.0
23127.513260475676,-52.0
23127.513322972507,-44.0
23127.513385469338,-21.0
23127.513447966172,10.0
23127.513510463003,-7.0
23127.513572959833,16.0
23127.513635456664,34.0
23127.513697953495,29.0
23127.513760450325,26.0
23127.51382294716,35.0
23127.51388544399,47.0
23127.51394794082,10.0
23127.51401043765,18.0
23127.514072934486,50.0
23127.514135431316,46.0
23127.514197928147,47.0
23127.514260424978,58.0
23127.51432292181,67.0
23127.514385418643,89.0
23127.514447915473,73.0
23127.514510412304,41.0
23127.514572909135,53.0
23127.51463540597,22.0
23127.5146979028,44.0
23127.51476039963,58.0
23127.51482289646,48.0
23127.51488539329,88.0
23127.514947890122,73.0
23127.515010386956,84.0
23127.515072883787,102.0
23127.515135380618,65.0
23127.51519787745,26.0
23127.515260374283,25.0
23127.515322871113,61.0
23127.515385367944,99.0
23127.515447864775,93.0
23127.515510361605,90.0
23127.51557285844,154.0
23127.51563535527,124.0
23127.5156978521,89.0
23127.51576034893,97.0
23127.515822845766,87.0
23127.515885342596,108.0
23127.515947839427,115.0
23127.516010336258,109.0
23127.51607283309,112.0
23127.51613532992,92.0
23127.516197826753,80.0
23127.516260323584,98.0
23127.516322820415,109.0
23127.516385317245,129.0
23127.51644781408,112.0
23127.51651031091,106.0
23127.51657280774,108.0
23127.51663530457,40.0
23127.516697801402,40.0
23127.516760298236,65.0
23127.516822795067,74.0
23127.516885291898,62.0
23127.51694778873,42.0
23127.517010285563,58.0
23127.517072782393,55.0
23127.517135279224,23.0
23127.517197776055,43.0
23127.517260272885,54.0
23127.517322769716,38.0
23127.51738526655,44.0
23127.51744776338,4.0
23127.51751026021,1.0
23127.517572757042,89.0
23127.517635253877,61.0
23127.517697750707,29.0
23127.517760247538,31.0
23127.51782274437,19.0
23127.5178852412,52.0
23127.517947738033,47.0
23127.518010234864,45.0
23127.518072731695,35.0
23127.518135228525,6.0
23127.51819772536,39.0
23127.51826022219,46.0
23127.51832271902,12.0
23127.51838521585,38.0
23127.518447712682,19.0
23127.518510209513,3.0
23127.518572706347,54.0
23127.518635203178,47.0
23127.51869770001,14.0
23127.51876019684,18.0
23127.518822693673,29.0
23127.518885190504,0.0
23127.518947687335,11.0
23127.519010184165,12.0
23127.519072680996,-4.0
23127.51913517783,2.0
23127.51919767466,-22.0
23127.51926017149,-22.0
23127.519322668322,-11.0
23127.519385165157,3.0
23127.519447661987,-8.0
23127.519510158818,-10.0
23127.51957265565,47.0
23127.51963515248,13.0
23127.51969764931,-10.0
23127.519760146144,29.0
23127.519822642975,39.0
23127.519885139805,7.0
23127.519947636636,25.0
23127.52001013347,38.0
23127.5200726303,-2.0
23127.52013512713,214.0
23127.520197623962,350.0
23127.520260120793,252.0
23127.520322617627,274.0
23127.520385114458,286.0
23127.52044761129,231.0
23127.52051010812,210.0
23127.520572604953,232.0
23127.520635101784,173.0
23127.520697598615,133.0
23127.520760095445,196.0
23127.520822592276,184.0
23127.520885089107,177.0
23127.52094758594,235.0
23127.52101008277,235.0
23127.521072579602,219.0
23127.521135076433,182.0
23127.521197573267,161.0
23127.521260070098,160.0
23127.52132256693,168.0
23127.52138506376,197.0
23127.52144756059,190.0
23127.521510057424,166.0
23127.521572554255,192.0
23127.521635051085,140.0
23127.521697547916,108.0
23127.52176004475,120.0
23127.52182254158,103.0
23127.52188503841,111.0
23127.521947535242,86.0
23127.522010032073,61.0
23127.522072528904,70.0
23127.522135025738,58.0
23127.52219752257,73.0
23127.5222600194,102.0
23127.52232251623,130.0
23127.522385013064,156.0
23127.522447509895,148.0
23127.522510006725,166.0
23127.522572503556,195.0
23127.522635000387,168.0
23127.52269749722,158.0
23127.52275999405,122.0
23127.522822490882,124.0
23127.522884987713,138.0
23127.522947484547,154.0
23127.523009981378,176.0
23127.52307247821,161.0
23127.52313497504,157.0
23127.52319747187,144.0
23127.5232599687,135.0
23127.523322465535,113.0
23127.523384962366,85.0
23127.523447459196,59.0
23127.523509956027,37.0
23127.52357245286,53.0
23127.52363494969,6.0
23127.523697446522,-8.0
23127.523759943353,-7.0
23127.523822440184,-51.0
23127.523884937018,-41.0
23127.52394743385,-23.0
23127.52400993068,-44.0
23127.52407242751,-50.0
23127.524134924344,-47.0
23127.524197421175,-54.0
23127.524259918006,-28.0
23127.524322414836,-20.0
23127.524384911667,-24.0
23127.524447408498,-76.0
23127.52450990533,-67.0
23127.524572402162,13.0
23127.524634898993,-47.0
23127.524697395824,-77.0
23127.524759892658,-64.0
23127.52482238949,-103.0
23127.52488488632,-105.0
23127.52494738315,-126.0
23127.52500987998,-119.0
23127.525072376815,-90.0
23127.525134873646,-103.0
23127.525197370476,-85.0
23127.525259867307,-86.0
23127.52532236414,-107.0
23127.525384860972,-93.0
23127.525447357802,-97.0
23127.525509854633,-115.0
23127.525572351464,-67.0
23127.525634848294,-75.0
23127.52569734513,-105.0
23127.52575984196,-96.0
23127.52582233879,-108.0
23127.52588483562,-128.0
23127.525947332455,-117.0
23127.526009829286,-94.0
23127.526072326116,-106.0
23127.526134822947,-115.0
23127.526197319778,-122.0
23127.526259816612,-129.0
23127.526322313443,-97.0
23127.526384810273,-76.0
23127.526447307104,-106.0
23127.526509803938,-100.0
23127.52657230077,-73.0
23127.5266347976,-96.0
23127.52669729443,-83.0
23127.52675979126,-79.0
23127.52682228809,-77.0
23127.526884784926,-44.0
23127.526947281756,-43.0
23127.527009778587,-53.0
23127.527072275418,-31.0
23127.527134772252,-34.0
23127.527197269083,-57.0
23127.527259765913,-42.0
23127.527322262744,-28.0
23127.527384759574,-27.0
23127.52744725641,-23.0
23127.52750975324,-23.0
23127.52757225007,6.0
23127.5276347469,-6.0
23127.527697243735,-21.0
23127.527759740566,4.0
23127.527822237396,6.0
23127.527884734227,8.0
23127.527947231058,15.0
23127.52800972789,12.0
23127.528072224723,14.0
23127.528134721553,15.0
23127.528197218384,21.0
23127.528259715215,28.0
23127.52832221205,13.0
23127.52838470888,0.0
23127.52844720571,-15.0
23127.52850970254,-2.0
23127.52857219937,62.0
23127.528634696206,35.0
23127.528697193036,5.0
23127.528759689867,16.0
23127.528822186698,4.0
23127.528884683532,-2.0
23127.528947180363,14.0
23127.529009677193,25.0
23127.529072174024,31.0
23127.529134670855,25.0
23127.529197167685,16.0
23127.52925966452,22.0
23127.52932216135,20.0
23127.52938465818,24.0
23127.52944715501,4.0
23127.529509651846,6.0
23127.529572148676,63.0
23127.529634645507,35.0
23127.529697142338,26.0
23127.52975963917,41.0
23127.529822136003,5.0
23127.529884632833,-3.0
23127.529947129664,-10.0
23127.530009626495,-12.0
23127.53007212333,24.0
23127.53013462016,-169.0
23127.53019711699,-365.0
23127.53025961382,-325.0
23127.53032211065,-308.0
23127.530384607482,-265.0
23127.530447104316,-245.0
23127.530509601147,-253.0
23127.530572097978,-189.0
23127.53063459481,-216.0
23127.530697091643,-247.0
23127.530759588473,-241.0
23127.530822085304,-244.0
23127.530884582135,-243.0
23127.530947078965,-230.0
23127.5310095758,-218.0
23127.53107207263,-234.0
23127.53113456946,-203.0
23127.53119706629,-187.0
23127.531259563122,-178.0
23127.531322059956,-180.0
23127.531384556787,-188.0
23127.531447053618,-183.0
23127.53150955045,-221.0
23127.53157204728,-170.0
23127.531634544113,-159.0
23127.531697040944,-178.0
23127.531759537775,-169.0
23127.531822034605,-193.0
23127.53188453144,-162.0
23127.53194702827,-117.0
23127.5320095251,-78.0
23127.53207202193,-61.0
23127.532134518762,-30.0
23127.532197015596,-11.0
23127.532259512427,-31.0
23127.532322009258,-98.0
23127.53238450609,-147.0
23127.53244700292,-175.0
23127.532509499753,-195.0
23127.532571996584,-164.0
23127.532634493415,-155.0
23127.532696990245,-131.0
23127.532759487076,-156.0
23127.53282198391,-165.0
23127.53288448074,-134.0
23127.53294697757,-130.0
23127.533009474402,-162.0
23127.533071971236,-165.0
23127.533134468067,-151.0
23127.533196964898,-166.0
23127.53325946173,-122.0
23127.53332195856,-79.0
23127.533384455393,-67.0
23127.533446952224,-66.0
23127.533509449055,-74.0
23127.533571945885,-37.0
23127.533634442716,6.0
23127.53369693955,13.0
23127.53375943638,5.0
23127.53382193321,0.0
23127.533884430042,10.0
23127.533946926873,29.0
23127.534009423707,31.0
23127.534071920538,32.0
23127.53413441737,40.0
23127.5341969142,44.0
23127.534259411033,45.0
23127.534321907864,64.0
23127.534384404695,58.0
23127.534446901525,29.0
23127.534509398356,38.0
23127.53457189519,60.0
23127.53463439202,32.0
23127.53469688885,52.0
23127.534759385682,76.0
23127.534821882513,63.0
23127.534884379347,58.0
23127.534946876178,36.0
23127.53500937301,44.0
23127.53507186984,42.0
23127.53513436667,48.0
23127.535196863504,65.0
23127.535259360335,54.0
23127.535321857165,78.0
23127.535384353996,116.0
23127.53544685083,75.0
23127.53550934766,78.0
23127.53557184449,133.0
23127.535634341322,78.0
23127.535696838153,53.0
23127.535759334987,70.0
23127.535821831818,65.0
23127.53588432865,54.0
23127.53594682548,54.0
23127.53600932231,69.0
23127.536071819144,100.0
23127.536134315975,116.0
23127.536196812805,119.0
23127.536259309636,117.0
23127.536321806467,90.0
23127.5363843033,100.0
23127.53644680013,63.0
23127.536509296962,29.0
23127.536571793793,73.0
23127.536634290627,45.0
23127.536696787458,43.0
23127.53675928429,90.0
23127.53682178112,93.0
23127.53688427795,80.0
23127.536946774784,85.0
23127.537009271615,86.0
23127.537071768445,73.0
23127.537134265276,72.0
23127.537196762107,64.0
23127.53725925894,57.0
23127.53732175577,53.0
23127.537384252602,57.0
23127.537446749433,21.0
23127.537509246264,22.0
23127.537571743098,92.0
23127.53763423993,26.0
23127.53769673676,-2.0
23127.53775923359,31.0
23127.537821730424,11.0
23127.537884227255,17.0
23127.537946724085,5.0
23127.538009220916,-10.0
23127.538071717747,-1.0
23127.53813421458,15.0
23127.53819671141,17.0
23127.538259208242,7.0
23127.538321705073,-10.0
23127.538384201904,3.0
23127.538446698738,-26.0
23127.53850919557,-38.0
23127.5385716924,18.0
23127.53863418923,9.0
23127.53869668606,-15.0
23127.538759182895,-15.0
23127.538821679726,-23.0
23127.538884176556,-42.0
23127.538946673387,-25.0
23127.53900917022,-8.0
23127.53907166705,-4.0
23127.539134163882,8.0
23127.539196660713,-8.0
23127.539259157544,-1.0
23127.539321654378,-5.0
23127.53938415121,-10.0
23127.53944664804,-2.0
23127.53950914487,-18.0
23127.5395716417,15.0
23127.539634138535,-3.0
23127.539696635366,-16.0
23127.539759132196,-10.0
23127.539821629027,-33.0
23127.539884125857,-26.0
23127.53994662269,-8.0
23127.540009119522,-38.0
23127.540071616353,-52.0
23127.540134113184,163.0
23127.540196610018,326.0
23127.54025910685,263.0
23127.54032160368,212.0
23127.54038410051,192.0
23127.54044659734,157.0
23127.540509094175,183.0
23127.540571591006,216.0
23127.540634087836,164.0
23127.540696584667,119.0
23127.540759081498,110.0
23127.54082157833,123.0
23127.540884075162,140.0
23127.540946571993,173.0
23127.541009068824,176.0
23127.541071565654,138.0
23127.54113406249,79.0
23127.54119655932,99.0
23127.54125905615,123.0
23127.54132155298,136.0
23127.541384049815,157.0
23127.541446546646,83.0
23127.541509043476,67.0
23127.541571540307,132.0
23127.541634037138,96.0
23127.541696533972,104.0
23127.541759030802,138.0
23127.541821527633,113.0
23127.541884024464,77.0
23127.541946521294,18.0
23127.54200901813,-30.0
23127.54207151496,-48.0
23127.54213401179,-28.0
23127.54219650862,-5.0
23127.54225900545,0.0
23127.542321502286,24.0
23127.542383999116,56.0
23127.542446495947,83.0
23127.542508992778,105.0
23127.542571489612,144.0
23127.542633986443,111.0
23127.542696483273,108.0
23127.542758980104,140.0
23127.542821476934,122.0
23127.54288397377,92.0
23127.5429464706,90.0
23127.54300896743,101.0
23127.54307146426,81.0
23127.54313396109,73.0
23127.543196457926,81.0
23127.543258954756,60.0
23127.543321451587,25.0
23127.543383948418,44.0
23127.54344644525,11.0
23127.543508942083,-35.0
23127.543571438913,14.0
23127.543633935744,-33.0
23127.543696432575,-91.0
23127.54375892941,-88.0
23127.54382142624,-109.0
23127.54388392307,-112.0
23127.5439464199,-116.0
23127.54400891673,-129.0
23127.544071413566,-92.0
23127.544133910396,-58.0
23127.544196407227,-41.0
23127.544258904058,-31.0
23127.54432140089,-37.0
23127.544383897723,-22.0
23127.544446394553,-63.0
23127.544508891384,-96.0
23127.544571388215,-31.0
23127.544633885045,-49.0
23127.54469638188,-106.0
23127.54475887871,-100.0
23127.54482137554,-116.0
23127.54488387237,-147.0
23127.544946369206,-133.0
23127.545008866036,-140.0
23127.545071362867,-144.0
23127.545133859698,-130.0
23127.54519635653,-150.0
23127.545258853363,-160.0
23127.545321350193,-146.0
23127.545383847024,-145.0
23127.545446343855,-149.0
23127.545508840685,-134.0
23127.54557133752,-113.0
23127.54563383435,-113.0
23127.54569633118,-114.0
23127.54575882801,-96.0
23127.545821324842,-98.0
23127.545883821676,-119.0
23127.545946318507,-116.0
23127.546008815338,-88.0
23127.54607131217,-76.0
23127.546133809003,-76.0
23127.546196305833,-92.0
23127.546258802664,-99.0
23127.546321299495,-93.0
23127.546383796325,-64.0
23127.54644629316,-89.0
23127.54650878999,-110.0
23127.54657128682,-21.0
23127.54663378365,-35.0
23127.546696280482,-53.0
23127.546758777316,-43.0
23127.546821274147,-39.0
23127.546883770978,-29.0
23127.54694626781,-63.0
23127.54700876464,-46.0
23127.547071261473,-25.0
23127.547133758304,-31.0
23127.547196255135,-17.0
23127.547258751965,-11.0
23127.5473212488,6.0
23127.54738374563,23.0
23127.54744624246,18.0
23127.54750873929,5.0
23127.547571236122,-1.0
23127.547633732956,3.0
23127.547696229787,-10.0
23127.547758726618,-36.0
23127.54782122345,7.0
23127.54788372028,26.0
23127.547946217113,-7.0
23127.548008713944,7.0
23127.548071210775,0.0
23127.548133707605,4.0
23127.548196204436,7.0
23127.54825870127,0.0
23127.5483211981,21.0
23127.54838369493,34.0
23127.548446191762,27.0
23127.548508688596,9.0
23127.548571185427,57.0
23127.548633682258,39.0
23127.54869617909,32.0
23127.54875867592,43.0
23127.548821172753,21.0
23127.548883669584,4.0
23127.548946166415,-11.0
23127.549008663245,3.0
23127.549071160076,18.0
23127.54913365691,17.0
23127.54919615374,2.0
23127.54925865057,-2.0
23127.549321147402,-2.0
23127.549383644233,15.0
23127.549446141067,2.0
23127.549508637898,4.0
23127.54957113473,37.0
23127.54963363156,9.0
23127.549696128393,5.0
23127.549758625224,23.0
23127.549821122055,29.0
23127.549883618885,21.0
23127.549946115716,8.0
23127.55000861255,7.0
23127.55007110938,36.0
23127.55013360621,-206.0
23127.550196103042,-404.0
23127.550258599873,-296.0
23127.550321096707,-256.0
23127.550383593538,-243.0
23127.55044609037,-250.0
23127.5505085872,-256.0
23127.55057108403,-201.0
23127.550633580864,-214.0
23127.550696077695,-216.0
23127.550758574525,-188.0
23127.550821071356,-209.0
23127.55088356819,-221.0
23127.55094606502,-222.0
23127.55100856185,-232.0
23127.551071058682,-224.0
23127.551133555513,-222.0
23127.551196052347,-221.0
23127.551258549178,-185.0
23127.55132104601,-205.0
23127.55138354284,-165.0
23127.55144603967,-158.0
23127.551508536504,-209.0
23127.551571033335,-122.0
23127.551633530165,-105.0
23127.551696026996,-118.0
23127.551758523827,-96.0
23127.55182102066,-119.0
23127.55188351749,-133.0
23127.551946014322,-110.0
23127.552008511153,-62.0
23127.552071007987,-39.0
23127.552133504818,13.0
23127.55219600165,9.0
23127.55225849848,-16.0
23127.55232099531,-12.0
23127.552383492144,-46.0
23127.552445988975,-108.0
23127.552508485805,-152.0
23127.552570982636,-136.0
23127.552633479467,-126.0
23127.5526959763,-132.0
23127.55275847313,-106.0
23127.552820969962,-112.0
23127.552883466793,-126.0
23127.552945963624,-82.0
23127.553008460458,-58.0
23127.55307095729,-60.0
23127.55313345412,-32.0
23127.55319595095,-24.0
23127.553258447784,-18.0
23127.553320944615,16.0
23127.553383441445,24.0
23127.553445938276,11.0
23127.553508435107,19.0
23127.55357093194,91.0
23127.55363342877,64.0
23127.553695925602,71.0
23127.553758422433,122.0
23127.553820919264,101.0
23127.553883416098,117.0
23127.55394591293,122.0
23127.55400840976,129.0
23127.55407090659,150.0
23127.55413340342,133.0
23127.554195900255,172.0
23127.554258397086,162.0
23127.554320893916,132.0
23127.554383390747,184.0
23127.55444588758,169.0
23127.55450838441,144.0
23127.554570881242,182.0
23127.554633378073,163.0
23127.554695874904,152.0
23127.554758371738,181.0
23127.55482086857,163.0
23127.5548833654,163.0
23127.55494586223,184.0
23127.55500835906,174.0
23127.555070855895,186.0
23127.555133352726,204.0
23127.555195849556,200.0
23127.555258346387,192.0
23127.555320843217,184.0
23127.55538334005,193.0
23127.555445836882,159.0
23127.555508333713,139.0
23127.555570830544,198.0
23127.555633327378,167.0
23127.55569582421,118.0
23127.55575832104,129.0
23127.55582081787,116.0
23127.5558833147,111.0
23127.555945811535,106.0
23127.556008308366,113.0
23127.556070805196,129.0
23127.556133302027,101.0
23127.556195798858,94.0
23127.55625829569,119.0
23127.556320792522,106.0
23127.556383289353,119.0
23127.556445786184,124.0
23127.556508283014,83.0
23127.55657077985,139.0
23127.55663327668,142.0
23127.55669577351,88.0
23127.55675827034,105.0
23127.556820767175,105.0
23127.556883264006,109.0
23127.556945760836,106.0
23127.557008257667,91.0
23127.557070754498,87.0
23127.557133251332,82.0
23127.557195748162,67.0
23127.557258244993,76.0
23127.557320741824,70.0
23127.557383238654,66.0
23127.55744573549,60.0
23127.55750823232,48.0
23127.55757072915,99.0
23127.55763322598,83.0
23127.55769572281,62.0
23127.557758219646,62.0
23127.557820716476,60.0
23127.557883213307,63.0
23127.557945710138,46.0
23127.558008206972,35.0
23127.558070703803,40.0
23127.558133200633,49.0
23127.558195697464,38.0
23127.558258194294,52.0
23127.55832069113,52.0
23127.55838318796,36.0
23127.55844568479,28.0
23127.55850818162,23.0
23127.55857067845,65.0
23127.558633175286,47.0
23127.558695672116,37.0
23127.558758168947,34.0
23127.558820665778,23.0
23127.55888316261,40.0
23127.558945659443,31.0
23127.559008156273,29.0
23127.559070653104,24.0
23127.559133149934,31.0
23127.55919564677,19.0
23127.5592581436,-1.0
23127.55932064043,-22.0
23127.55938313726,-7.0
23127.55944563409,-15.0
23127.559508130926,-32.0
23127.559570627756,36.0
23127.559633124587,9.0
23127.559695621418,-8.0
23127.55975811825,19.0
23127.559820615083,27.0
23127.559883111913,18.0
23127.559945608744,22.0
23127.560008105575,15.0
23127.560070602405,20.0
23127.56013309924,247.0
23127.56019559607,366.0
23127.5602580929,319.0
23127.56032058973,320.0
23127.560383086566,256.0
23127.560445583396,201.0
23127.560508080227,224.0
23127.560570577058,261.0
23127.56063307389,243.0
23127.560695570723,221.0
23127.560758067553,201.0
23127.560820564384,177.0
23127.560883061215,204.0
23127.560945558045,246.0
23127.56100805488,237.0
23127.56107055171,201.0
23127.56113304854,175.0
23127.56119554537,198.0
23127.561258042202,221.0
23127.561320539036,187.0
23127.561383035867,165.0
23127.561445532698,149.0
23127.56150802953,150.0
23127.561570526363,215.0
23127.561633023193,183.0
23127.561695520024,121.0
23127.561758016855,112.0
23127.561820513685,136.0
23127.56188301052,171.0
23127.56194550735,153.0
23127.56200800418,119.0
23127.56207050101,66.0
23127.562132997842,11.0
23127.562195494676,47.0
23127.562257991507,85.0
23127.562320488338,104.0
23127.56238298517,163.0
23127.562445482,147.0
23127.562507978833,119.0
23127.562570475664,189.0
23127.562632972495,197.0
23127.562695469325,161.0
23127.56275796616,147.0
23127.56282046299,110.0
23127.56288295982,109.0
23127.56294545665,149.0
23127.563007953482,169.0
23127.563070450316,179.0
23127.563132947147,150.0
23127.563195443978,101.0
23127.56325794081,88.0
23127.56332043764,64.0
23127.563382934473,62.0
23127.563445431304,45.0
23127.563507928135,27.0
23127.563570424965,35.0
23127.563632921796,-26.0
23127.56369541863,-60.0
23127.56375791546,-90.0
23127.56382041229,-110.0
23127.563882909122,-99.0
23127.563945405956,-76.0
23127.564007902787,-45.0
23127.564070399618,-31.0
23127.56413289645,-71.0
23127.56419539328,-100.0
23127.564257890113,-97.0
23127.564320386944,-125.0
23127.564382883775,-111.0
23127.564445380605,-120.0
23127.564507877436,-102.0
23127.56457037427,-15.0
23127.5646328711,-52.0
23127.56469536793,-83.0
23127.564757864762,-87.0
23127.564820361593,-121.0
23127.564882858427,-115.0
23127.564945355258,-137.0
23127.56500785209,-154.0
23127.56507034892,-130.0
23127.565132845753,-116.0
23127.565195342584,-117.0
23127.565257839415,-98.0
23127.565320336245,-120.0
23127.565382833076,-134.0
23127.56544532991,-123.0
23127.56550782674,-139.0
23127.56557032357,-87.0
23127.565632820402,-105.0
23127.565695317233,-134.0
23127.565757814067,-113.0
23127.565820310898,-122.0
23127.56588280773,-128.0
23127.56594530456,-135.0
23127.56600780139,-114.0
23127.566070298224,-86.0
23127.566132795055,-86.0
23127.566195291885,-92.0
23127.566257788716,-93.0
23127.56632028555,-94.0
23127.56638278238,-86.0
23127.56644527921,-87.0
23127.566507776042,-100.0
23127.566570272873,-67.0
23127.566632769707,-73.0
23127.566695266538,-104.0
23127.56675776337,-82.0
23127.5668202602,-88.0
23127.56688275703,-81.0
23127.566945253864,-52.0
23127.567007750695,-65.0
23127.567070247525,-65.0
23127.567132744356,-79.0
23127.567195241187,-77.0
23127.56725773802,-63.0
23127.56732023485,-74.0
23127.567382731682,-67.0
23127.567445228513,-83.0
23127.567507725347,-87.0
23127.567570222178,-32.0
23127.56763271901,-32.0
23127.56769521584,-80.0
23127.56775771267,-106.0
23127.567820209504,-105.0
23127.567882706335,-90.0
23127.567945203165,-76.0
23127.568007699996,-62.0
23127.568070196827,-70.0
23127.56813269366,-93.0
23127.56819519049,-70.0
23127.568257687322,-54.0
23127.568320184153,-90.0
23127.568382680984,-67.0
23127.568445177818,-80.0
23127.56850767465,-93.0
23127.56857017148,-22.0
23127.56863266831,-62.0
23127.568695165144,-92.0
23127.568757661975,-72.0
23127.568820158805,-72.0
23127.568882655636,-70.0
23127.568945152467,-87.0
23127.5690076493,-115.0
23127.56907014613,-113.0
23127.569132642962,-102.0
23127.569195139793,-105.0
23127.569257636624,-115.0
23127.569320133458,-110.0
23127.56938263029,-102.0
23127.56944512712,-108.0
23127.56950762395,-109.0
23127.56957012078,-48.0
23127.569632617615,-43.0
23127.569695114445,-72.0
23127.569757611276,-59.0
23127.569820108107,-65.0
23127.56988260494,-99.0
23127.56994510177,-102.0
23127.570007598602,-84.0
23127.570070095433,-68.0
23127.570132592264,-264.0
23127.570195089098,-400.0
23127.57025758593,-330.0
23127.57032008276,-330.0
23127.57038257959,-309.0
23127.57044507642,-303.0
23127.570507573255,-302.0
23127.570570070086,-249.0
23127.570632566916,-233.0
23127.570695063747,-239.0
23127.570757560577,-215.0
23127.57082005741,-189.0
23127.570882554242,-204.0
23127.570945051073,-242.0
23127.571007547904,-233.0
23127.571070044738,-231.0
23127.57113254157,-227.0
23127.5711950384,-183.0
23127.57125753523,-169.0
23127.57132003206,-168.0
23127.571382528895,-126.0
23127.571445025726,-146.0
23127.571507522556,-174.0
23127.571570019387,-112.0
23127.571632516218,-103.0
23127.57169501305,-95.0
23127.571757509882,-87.0
23127.571820006713,-109.0
23127.571882503544,-109.0
23127.571945000374,-67.0
23127.57200749721,-7.0
23127.57206999404,23.0
23127.57213249087,36.0
23127.5721949877,31.0
23127.572257484535,4.0
23127.572319981366,-66.0
23127.572382478196,-83.0
23127.572444975027,-71.0
23127.572507471858,-94.0
23127.572569968692,-88.0
23127.572632465522,-90.0
23127.572694962353,-95.0
23127.572757459184,-109.0
23127.572819956014,-91.0
23127.57288245285,-70.0
23127.57294494968,-72.0
23127.57300744651,-79.0
23127.57306994334,-72.0
23127.57313244017,-84.0
23127.573194937006,-69.0
23127.573257433836,-53.0
23127.573319930667,-42.0
23127.573382427498,24.0
23127.573444924332,39.0
23127.573507421163,37.0
23127.573569917993,92.0
23127.573632414824,99.0
23127.573694911654,89.0
23127.57375740849,78.0
23127.57381990532,94.0
23127.57388240215,118.0
23127.57394489898,97.0
23127.57400739581,117.0
23127.574069892646,143.0
23127.574132389476,115.0
23127.574194886307,106.0
23127.574257383138,123.0
23127.57431987997,102.0
23127.574382376803,89.0
23127.574444873633,43.0
23127.574507370464,22.0
23127.574569867294,71.0
23127.57463236413,58.0
23127.57469486096,84.0
23127.57475735779,129.0
23127.57481985462,107.0
23127.57488235145,110.0
23127.574944848286,140.0
23127.575007345116,151.0
23127.575069841947,152.0
23127.575132338778,131.0
23127.57519483561,115.0
23127.575257332443,113.0
23127.575319829273,96.0
23127.575382326104,106.0
23127.575444822935,87.0
23127.575507319765,65.0
23127.5755698166,91.0
23127.57563231343,61.0
23127.57569481026,65.0
23127.57575730709,96.0
23127.575819803926,37.0
23127.575882300756,29.0
23127.575944797587,38.0
23127.576007294418,7.0
23127.57606979125,31.0
23127.576132288083,32.0
23127.576194784913,27.0
23127.576257281744,58.0
23127.576319778575,60.0
23127.576382275405,28.0
23127.57644477224,-9.0
23127.57650726907,-19.0
23127.5765697659,23.0
23127.57663226273,-11.0
23127.576694759562,-43.0
23127.576757256396,-18.0
23127.576819753227,-23.0
23127.576882250058,-31.0
23127.57694474689,-8.0
23127.577007243723,-29.0
23127.577069740553,-50.0
23127.577132237384,-40.0
23127.577194734215,-15.0
23127.577257231045,-24.0
23127.57731972788,-45.0
23127.57738222471,-38.0
23127.57744472154,-41.0
23127.57750721837,-26.0
23127.577569715202,12.0
23127.577632212036,-20.0
23127.577694708867,-34.0
23127.577757205698,14.0
23127.57781970253,17.0
23127.57788219936,27.0
23127.577944696193,27.0
23127.578007193024,13.0
23127.578069689855,22.0
23127.578132186685,11.0
23127.57819468352,19.0
23127.57825718035,32.0
23127.57831967718,4.0
23127.57838217401,13.0
23127.578444670842,16.0
23127.578507167676,2.0
23127.578569664507,56.0
23127.578632161338,41.0
23127.57869465817,2.0
23127.578757155,26.0
23127.578819651833,32.0
23127.578882148664,28.0
23127.578944645495,32.0
23127.579007142325,24.0
23127.579069639156,52.0
23127.57913213599,47.0
23127.57919463282,14.0
23127.57925712965,45.0
23127.579319626482,50.0
23127.579382123316,66.0
23127.579444620147,55.0
23127.579507116978,8.0
23127.57956961381,54.0
23127.57963211064,48.0
23127.579694607473,42.0
23127.579757104304,76.0
23127.579819601135,69.0
23127.579882097965,40.0
23127.579944594796,44.0
23127.58000709163,36.0
23127.58006958846,46.0
23127.58013208529,278.0
23127.580194582122,360.0
23127.580257078953,288.0
23127.580319575787,304.0
23127.580382072618,315.0
23127.58044456945,278.0
23127.58050706628,257.0
23127.580569563113,299.0
23127.580632059944,263.0
23127.580694556775,222.0
23127.580757053605,220.0
23127.580819550436,200.0
23127.58088204727,202.0
23127.5809445441,222.0
23127.58100704093,199.0
23127.581069537762,164.0
23127.581132034593,159.0
23127.581194531427,166.0
23127.581257028258,198.0
23127.58131952509,227.0
23127.58138202192,181.0
23127.58144451875,116.0
23127.581507015584,118.0
23127.581569512415,177.0
23127.581632009245,158.0
23127.581694506076,150.0
23127.58175700291,157.0
23127.58181949974,133.0
23127.58188199657,114.0
23127.581944493402,78.0
23127.582006990233,79.0
23127.582069487067,69.0
23127.582131983898,26.0
23127.58219448073,11.0
23127.58225697756,19.0
23127.58231947439,76.0
23127.582381971224,145.0
23127.582444468055,129.0
23127.582506964885,88.0
23127.582569461716,133.0
23127.582631958547,148.0
23127.58269445538,144.0
23127.58275695221,120.0
23127.582819449042,91.0
23127.582881945873,78.0
23127.582944442707,100.0
23127.583006939538,136.0
23127.58306943637,110.0
23127.5831319332,55.0
23127.58319443003,25.0
23127.583256926864,51.0
23127.583319423695,79.0
23127.583381920525,40.0
23127.583444417356,-29.0
23127.583506914187,-79.0
23127.58356941102,-85.0
23127.58363190785,-69.0
23127.583694404682,-54.0
23127.583756901513,-93.0
23127.583819398344,-131.0
23127.583881895178,-169.0
23127.58394439201,-161.0
23127.58400688884,-118.0
23127.58406938567,-111.0
23127.584131882504,-75.0
23127.584194379335,-105.0
23127.584256876165,-144.0
23127.584319372996,-118.0
23127.584381869827,-126.0
23127.58444436666,-109.0
23127.58450686349,-69.0
23127.584569360322,-52.0
23127.584631857153,-99.0
23127.584694353984,-125.0
23127.584756850818,-142.0
23127.58481934765,-153.0
23127.58488184448,-141.0
23127.58494434131,-152.0
23127.58500683814,-165.0
23127.585069334975,-197.0
23127.585131831805,-196.0
23127.585194328636,-181.0
23127.585256825467,-156.0
23127.5853193223,-121.0
23127.58538181913,-136.0
23127.585444315962,-134.0
23127.585506812793,-140.0
23127.585569309624,-122.0
23127.585631806458,-146.0
23127.58569430329,-171.0
23127.58575680012,-164.0
23127.58581929695,-154.0
23127.58588179378,-109.0
23127.585944290615,-100.0
23127.586006787446,-110.0
23127.586069284276,-113.0
23127.586131781107,-109.0
23127.586194277937,-125.0
23127.58625677477,-129.0
23127.586319271602,-122.0
23127.586381768433,-121.0
23127.586444265264,-121.0
23127.586506762098,-130.0
23127.58656925893,-63.0
23127.58663175576,-42.0
23127.58669425259,-67.0
23127.58675674942,-66.0
23127.586819246255,-93.0
23127.586881743086,-94.0
23127.586944239916,-91.0
23127.587006736747,-98.0
23127.587069233577,-74.0
23127.58713173041,-52.0
23127.587194227242,-46.0
23127.587256724073,-73.0
23127.587319220904,-66.0
23127.587381717734,-52.0
23127.58744421457,-83.0
23127.5875067114,-87.0
23127.58756920823,-51.0
23127.58763170506,-63.0
23127.587694201895,-54.0
23127.587756698726,-50.0
23127.587819195556,-67.0
23127.587881692387,-53.0
23127.587944189218,-60.0
23127.58800668605,-65.0
23127.588069182882,-71.0
23127.588131679713,-77.0
23127.588194176544,-66.0
23127.588256673374,-78.0
23127.58831917021,-75.0
23127.58838166704,-55.0
23127.58844416387,-61.0
23127.5885066607,-54.0
23127.58856915753,-28.0
23127.588631654366,-43.0
23127.588694151196,-64.0
23127.588756648027,-42.0
23127.588819144858,-50.0
23127.588881641692,-52.0
23127.588944138522,-21.0
23127.589006635353,-27.0
23127.589069132184,-45.0
23127.589131629014,-40.0
23127.58919412585,-48.0
23127.58925662268,-52.0
23127.58931911951,-42.0
23127.58938161634,-27.0
23127.58944411317,-52.0
23127.589506610006,-72.0
23127.589569106836,-21.0
23127.589631603667,-39.0
23127.589694100498,-53.0
23127.58975659733,-26.0
23127.589819094163,-38.0
23127.589881590993,-35.0
23127.589944087824,-40.0
23127.590006584654,-5.0
23127.59006908149,14.0
23127.59013157832,-232.0
23127.59019407515,-381.0
23127.59025657198,-305.0
23127.59031906881,-301.0
23127.590381565646,-249.0
23127.590444062476,-253.0
23127.590506559307,-321.0
23127.590569056138,-235.0
23127.59063155297,-233.0
23127.590694049803,-267.0
23127.590756546633,-242.0
23127.590819043464,-253.0
23127.590881540295,-230.0
23127.590944037125,-212.0
23127.59100653396,-229.0
23127.59106903079,-221.0
23127.59113152762,-196.0
23127.59119402445,-179.0
23127.591256521286,-167.0
23127.591319018116,-185.0
23127.591381514947,-146.0
23127.591444011778,-139.0
23127.59150650861,-175.0
23127.591569005443,-137.0
23127.591631502273,-148.0
23127.591693999104,-167.0
23127.591756495935,-132.0
23127.591818992765,-118.0
23127.5918814896,-110.0
23127.59194398643,-77.0
23127.59200648326,-59.0
23127.59206898009,-41.0
23127.592131476922,-8.0
23127.592193973756,-26.0
23127.592256470587,-48.0
23127.592318967418,-69.0
23127.59238146425,-107.0
23127.592443961083,-133.0
23127.592506457913,-143.0
23127.592568954744,-113.0
23127.592631451575,-136.0
23127.592693948405,-146.0
23127.59275644524,-119.0
23127.59281894207,-111.0
23127.5928814389,-121.0
23127.59294393573,-132.0
23127.593006432562,-140.0
23127.593068929396,-140.0
23127.593131426227,-91.0
23127.593193923058,-80.0
23127.59325641989,-53.0
23127.59331891672,-24.0
23127.593381413553,-35.0
23127.593443910384,-32.0
23127.593506407215,5.0
23127.593568904045,57.0
23127.59363140088,68.0
23127.59369389771,78.0
23127.59375639454,88.0
23127.59381889137,46.0
23127.593881388202,35.0
23127.593943885036,67.0
23127.594006381867,87.0
23127.594068878698,88.0
23127.59413137553,97.0
23127.59419387236,101.0
23127.594256369193,50.0
23127.594318866024,22.0
23127.594381362855,51.0
23127.594443859685,36.0
23127.594506356516,53.0
23127.59456885335,126.0
23127.59463135018,74.0
23127.59469384701,36.0
23127.594756343842,60.0
23127.594818840676,37.0
23127.594881337507,47.0
23127.594943834338,95.0
23127.59500633117,98.0
23127.595068828,105.0
23127.595131324833,120.0
23127.595193821664,108.0
23127.595256318495,110.0
23127.595318815325,105.0
23127.595381312156,106.0
23127.59544380899,83.0
23127.59550630582,70.0
23127.59556880265,128.0
23127.595631299482,114.0
23127.595693796313,112.0
23127.595756293147,130.0
23127.595818789978,96.0
23127.59588128681,79.0
23127.59594378364,103.0
23127.596006280473,99.0
23127.596068777304,85.0
23127.596131274135,87.0
23127.596193770965,89.0
23127.596256267796,109.0
23127.59631876463,94.0
23127.59638126146,85.0
23127.59644375829,93.0
23127.596506255122,96.0
23127.596568751953,122.0
23127.596631248787,89.0
23127.596693745618,90.0
23127.59675624245,86.0
23127.59681873928,55.0
23127.59688123611,64.0
23127.596943732944,49.0
23127.597006229775,65.0
23127.597068726605,65.0
23127.597131223436,28.0
23127.59719372027,35.0
23127.5972562171,33.0
23127.59731871393,28.0
23127.597381210762,38.0
23127.597443707593,19.0
23127.597506204427,0.0
23127.597568701258,59.0
23127.59763119809,51.0
23127.59769369492,21.0
23127.59775619175,33.0
23127.597818688584,23.0
23127.597881185415,9.0
23127.597943682245,10.0
23127.598006179076,21.0
23127.598068675907,34.0
23127.59813117274,29.0
23127.59819366957,63.0
23127.598256166402,73.0
23127.598318663233,-4.0
23127.598381160067,47.0
23127.598443656898,46.0
23127.59850615373,-7.0
23127.59856865056,45.0
23127.59863114739,27.0
23127.598693644224,39.0
23127.598756141055,61.0
23127.598818637885,44.0
23127.598881134716,27.0
23127.598943631547,27.0
23127.59900612838,19.0
23127.59906862521,28.0
23127.599131122042,65.0
23127.599193618873,55.0
23127.599256115704,54.0
23127.599318612538,50.0
23127.59938110937,49.0
23127.5994436062,34.0
23127.59950610303,11.0
23127.599568599864,87.0
23127.599631096695,98.0
23127.599693593525,56.0
23127.599756090356,59.0
23127.599818587187,72.0
23127.59988108402,38.0
23127.59994358085,37.0
23127.600006077682,39.0
23127.600068574513,66.0
23127.600131071344,285.0
23127.600193568178,383.0
23127.60025606501,325.0
23127.60031856184,287.0
23127.60038105867,277.0
23127.6004435555,247.0
23127.600506052335,212.0
23127.600568549165,238.0
23127.600631045996,241.0
23127.600693542827,226.0
23127.60075603966,258.0
23127.60081853649,255.0
23127.600881033322,234.0
23127.600943530153,230.0
23127.601006026984,218.0
23127.601068523818,191.0
23127.60113102065,156.0
23127.60119351748,168.0
23127.60125601431,203.0
23127.60131851114,201.0
23127.601381007975,184.0
23127.601443504806,145.0
23127.601506001636,125.0
23127.601568498467,149.0
23127.601630995297,120.0
23127.60169349213,112.0
23127.601755988962,97.0
23127.601818485793,127.0
23127.601880982624,153.0
23127.601943479458,79.0
23127.60200597629,55.0
23127.60206847312,15.0
23127.60213096995,-25.0
23127.60219346678,5.0
23127.602255963615,31.0
23127.602318460446,85.0
23127.602380957276,109.0
23127.602443454107,72.0
23127.602505950937,81.0
23127.60256844777,159.0
23127.602630944602,123.0
23127.602693441433,102.0
23127.602755938264,133.0
23127.602818435094,99.0
23127.60288093193,89.0
23127.60294342876,101.0
23127.60300592559,97.0
23127.60306842242,103.0
23127.603130919255,103.0
23127.603193416086,77.0
23127.603255912916,45.0
23127.603318409747,22.0
23127.603380906578,53.0
23127.60344340341,26.0
23127.603505900242,-31.0
23127.603568397073,5.0
23127.603630893904,-63.0
23127.603693390734,-98.0
23127.60375588757,-25.0
23127.6038183844,-29.0
23127.60388088123,-65.0
23127.60394337806,-48.0
23127.60400587489,-51.0
23127.604068371726,-57.0
23127.604130868556,-6.0
23127.604193365387,-3.0
23127.604255862218,-60.0
23127.604318359052,-66.0
23127.604380855882,-41.0
23127.604443352713,-14.0
23127.604505849544,-11.0
23127.604568346374,-22.0
23127.60463084321,-66.0
23127.60469334004,-83.0
23127.60475583687,-46.0
23127.6048183337,-56.0
23127.60488083053,-103.0
23127.604943327366,-112.0
23127.605005824196,-91.0
23127.605068321027,-85.0
23127.605130817858,-72.0
23127.60519331469,-82.0
23127.605255811523,-109.0
23127.605318308353,-111.0
23127.605380805184,-110.0
23127.605443302014,-87.0
23127.60550579885,-52.0
23127.60556829568,-31.0
23127.60563079251,-58.0
23127.60569328934,-82.0
23127.60575578617,-95.0
23127.605818283006,-73.0
23127.605880779836,-43.0
23127.605943276667,-63.0
23127.606005773498,-45.0
23127.60606827033,-39.0
23127.606130767163,-79.0
23127.606193263993,-88.0
23127.606255760824,-92.0
23127.606318257654,-65.0
23127.606380754485,-13.0
23127.60644325132,-12.0
23127.60650574815,-25.0
23127.60656824498,-25.0
23127.60663074181,-55.0
23127.606693238646,-47.0
23127.606755735476,-33.0
23127.606818232307,-39.0
23127.606880729138,-6.0
23127.60694322597,-26.0
23127.607005722803,-34.0
23127.607068219633,-11.0
23127.607130716464,-20.0
23127.607193213295,-29.0
23127.607255710125,-25.0
23127.60731820696,-22.0
23127.60738070379,-15.0
23127.60744320062,-13.0
23127.60750569745,-34.0
23127.607568194282,-1.0
23127.607630691116,9.0
23127.607693187947,-2.0
23127.607755684778,18.0
23127.60781818161,-15.0
23127.607880678443,-36.0
23127.607943175273,8.0
23127.608005672104,-17.0
23127.608068168935,-18.0
23127.608130665765,3.0
23127.6081931626,-42.0
23127.60825565943,-25.0
23127.60831815626,4.0
23127.60838065309,5.0
23127.608443149922,0.0
23127.608505646756,-21.0
23127.608568143587,3.0
23127.608630640418,-2.0
23127.60869313725,-2.0
23127.60875563408,18.0
23127.608818130913,2.0
23127.608880627744,-11.0
23127.608943124575,12.0
23127.609005621405,15.0
23127.60906811824,3.0
23127.60913061507,12.0
23127.6091931119,9.0
23127.60925560873,-3.0
23127.609318105562,-18.0
23127.609380602396,6.0
23127.609443099227,-24.0
23127.609505596058,-48.0
23127.60956809289,31.0
23127.60963058972,14.0
23127.609693086553,-4.0
23127.609755583384,10.0
23127.609818080215,13.0
23127.609880577045,18.0
23127.609943073876,16.0
23127.61000557071,28.0
23127.61006806754,19.0
23127.61013056437,-232.0
23127.610193061202,-350.0
23127.610255558036,-253.0
23127.610318054867,-269.0
23127.610380551698,-242.0
23127.61044304853,-221.0
23127.61050554536,-232.0
23127.610568042193,-156.0
23127.610630539024,-164.0
23127.610693035855,-190.0
23127.610755532685,-197.0
23127.610818029516,-175.0
23127.61088052635,-151.0
23127.61094302318,-203.0
23127.61100552001,-197.0
23127.611068016842,-171.0
23127.611130513673,-180.0
23127.611193010507,-171.0
23127.611255507338,-132.0
23127.61131800417,-160.0
23127.611380501,-139.0
23127.611442997833,-108.0
23127.611505494664,-159.0
23127.611567991495,-113.0
23127.611630488325,-106.0
23127.611692985156,-128.0
23127.61175548199,-82.0
23127.61181797882,-77.0
23127.61188047565,-83.0
23127.611942972482,-55.0
23127.612005469313,-18.0
23127.612067966147,0.0
23127.612130462978,19.0
23127.61219295981,42.0
23127.61225545664,37.0
23127.61231795347,-32.0
23127.612380450304,-56.0
23127.612442947135,-63.0
23127.612505443965,-106.0
23127.612567940796,-60.0
23127.61263043763,-49.0
23127.61269293446,-71.0
23127.61275543129,-60.0
23127.612817928122,-50.0
23127.612880424953,-48.0
23127.612942921787,-35.0
23127.613005418618,-6.0
23127.61306791545,-6.0
23127.61313041228,-17.0
23127.61319290911,-15.0
23127.613255405944,-18.0
23127.613317902775,-13.0
23127.613380399605,39.0
23127.613442896436,53.0
23127.613505393267,51.0
23127.6135678901,135.0
23127.61363038693,149.0
23127.613692883762,117.0
23127.613755380593,112.0
23127.613817877427,129.0
23127.613880374258,123.0
23127.61394287109,109.0
23127.61400536792,135.0
23127.61406786475,150.0
23127.614130361584,134.0
23127.614192858415,107.0
23127.614255355245,91.0
23127.614317852076,88.0
23127.614380348907,115.0
23127.61444284574,84.0
23127.61450534257,77.0
23127.614567839402,144.0
23127.614630336233,133.0
23127.614692833064,94.0
23127.614755329898,97.0
23127.61481782673,132.0
23127.61488032356,138.0
23127.61494282039,139.0
23127.615005317224,146.0
23127.615067814055,104.0
23127.615130310885,71.0
23127.615192807716,100.0
23127.615255304547,98.0
23127.61531780138,84.0
23127.61538029821,129.0
23127.615442795042,105.0
23127.615505291873,41.0
23127.615567788704,92.0
23127.615630285538,92.0
23127.61569278237,89.0
23127.6157552792,126.0
23127.61581777603,124.0
23127.61588027286,80.0
23127.615942769695,56.0
23127.616005266525,78.0
23127.616067763356,75.0
23127.616130260187,85.0
23127.61619275702,95.0
23127.61625525385,105.0
23127.616317750682,79.0
23127.616380247513,64.0
23127.616442744344,59.0
23127.616505241178,22.0
23127.61656773801,71.0
23127.61663023484,63.0
23127.61669273167,35.0
23127.6167552285,73.0
23127.616817725335,66.0
23127.616880222165,18.0
23127.616942718996,12.0
23127.617005215827,50.0
23127.617067712657,36.0
23127.61713020949,17.0
23127.617192706322,38.0
23127.617255203153,50.0
23127.617317699984,42.0
23127.617380196818,55.0
23127.61744269365,47.0
23127.61750519048,-3.0
23127.61756768731,57.0
23127.61763018414,33.0
23127.617692680975,-2.0
23127.617755177806,31.0
23127.617817674636,6.0
23127.617880171467,19.0
23127.617942668297,41.0
23127.61800516513,14.0
23127.618067661962,11.0
23127.618130158793,-3.0
23127.618192655624,-34.0
23127.618255152454,-8.0
23127.61831764929,15.0
23127.61838014612,55.0
23127.61844264295,50.0
23127.61850513978,1.0
23127.618567636615,45.0
23127.618630133446,36.0
23127.618692630276,13.0
23127.618755127107,26.0
23127.618817623938,3.0
23127.61888012077,-7.0
23127.618942617602,-1.0
23127.619005114433,-12.0
23127.619067611264,-1.0
23127.619130108094,25.0
23127.61919260493,6.0
23127.61925510176,-15.0
23127.61931759859,0.0
23127.61938009542,15.0
23127.61944259225,-12.0
23127.619505089086,-15.0
23127.619567585916,47.0
23127.619630082747,20.0
23127.619692579578,-11.0
23127.619755076412,-1.0
23127.619817573242,-3.0
23127.619880070073,-18.0
23127.619942566904,-17.0
23127.620005063734,-49.0
23127.62006756057,-18.0
23127.6201300574,234.0
23127.62019255423,284.0
23127.62025505106,234.0
23127.62031754789,218.0
23127.620380044726,185.0
23127.620442541556,153.0
23127.620505038387,121.0
23127.620567535218,162.0
23127.62063003205,134.0
23127.620692528883,129.0
23127.620755025713,150.0
23127.620817522544,128.0
23127.620880019374,142.0
23127.62094251621,169.0
23127.62100501304,154.0
23127.62106750987,139.0
23127.6211300067,147.0
23127.62119250353,155.0
23127.621255000366,166.0
23127.621317497196,126.0
23127.621379994027,108.0
23127.621442490858,113.0
23127.62150498769,89.0
23127.621567484523,129.0
23127.621629981353,97.0
23127.621692478184,65.0
23127.621754975014,68.0
23127.621817471845,66.0
23127.62187996868,74.0
23127.62194246551,50.0
23127.62200496234,37.0
23127.62206745917,17.0
23127.622129956006,-10.0
23127.622192452836,-3.0
23127.622254949667,-9.0
23127.622317446498,27.0
23127.62237994333,87.0
23127.622442440163,90.0
23127.622504936993,105.0
23127.622567433824,160.0
23127.622629930655,135.0
23127.622692427485,131.0
23127.62275492432,143.0
23127.62281742115,110.0
23127.62287991798,79.0
23127.62294241481,82.0
23127.623004911642,99.0
23127.623067408476,80.0
23127.623129905307,66.0
23127.623192402138,86.0
23127.62325489897,92.0
23127.623317395803,40.0
23127.623379892633,14.0
23127.623442389464,-13.0
23127.623504886295,-76.0
23127.623567383125,-34.0
23127.62362987996,-11.0
23127.62369237679,-33.0
23127.62375487362,-24.0
23127.62381737045,-59.0
23127.623879867282,-106.0
23127.623942364116,-94.0
23127.624004860947,-78.0
23127.624067357778,-57.0
23127.62412985461,-14.0
23127.62419235144,-21.0
23127.624254848273,-26.0
23127.624317345104,-67.0
23127.624379841935,-90.0
23127.624442338765,-56.0
23127.6245048356,-59.0
23127.62456733243,-16.0
23127.62462982926,-50.0
23127.62469232609,-98.0
23127.624754822922,-100.0
23127.624817319756,-100.0
23127.624879816587,-83.0
23127.624942313418,-83.0
23127.62500481025,-77.0
23127.62506730708,-100.0
23127.625129803913,-115.0
23127.625192300744,-89.0
23127.625254797575,-68.0
23127.625317294405,-101.0
23127.625379791236,-141.0
23127.62544228807,-132.0
23127.6255047849,-101.0
23127.62556728173,-81.0
23127.625629778562,-104.0
23127.625692275396,-120.0
23127.625754772227,-101.0
23127.625817269058,-69.0
23127.62587976589,-49.0
23127.62594226272,-102.0
23127.626004759553,-146.0
23127.626067256384,-93.0
23127.626129753215,-65.0
23127.626192250045,-60.0
23127.626254746876,-79.0
23127.62631724371,-107.0
23127.62637974054,-93.0
23127.62644223737,-118.0
23127.626504734202,-99.0
23127.626567231033,-18.0
23127.626629727867,-36.0
23127.626692224698,-98.0
23127.62675472153,-93.0
23127.62681721836,-90.0
23127.626879715193,-93.0
23127.626942212024,-61.0
23127.627004708855,-44.0
23127.627067205685,-87.0
23127.627129702516,-124.0
23127.62719219935,-126.0
23127.62725469618,-104.0
23127.62731719301,-71.0
23127.627379689842,-59.0
23127.627442186673,-88.0
23127.627504683507,-103.0
23127.627567180338,-73.0
23127.62762967717,-81.0
23127.627692174,-72.0
23127.62775467083,-50.0
23127.627817167664,-70.0
23127.627879664495,-94.0
23127.627942161325,-104.0
23127.628004658156,-90.0
23127.62806715499,-89.0
23127.62812965182,-97.0
23127.62819214865,-86.0
23127.628254645482,-86.0
23127.628317142313,-64.0
23127.628379639147,-54.0
23127.628442135978,-69.0
23127.62850463281,-90.0
23127.62856712964,-87.0
23127.62862962647,-68.0
23127.628692123304,-55.0
23127.628754620135,-75.0
23127.628817116965,-85.0
23127.628879613796,-93.0
23127.628942110627,-82.0
23127.62900460746,-61.0
23127.62906710429,-82.0
23127.629129601122,-87.0
23127.629192097953,-72.0
23127.629254594787,-54.0
23127.629317091618,-27.0
23127.62937958845,-28.0
23127.62944208528,-32.0
23127.62950458211,-44.0
23127.629567078944,-21.0
23127.629629575775,-14.0
23127.629692072605,-21.0
23127.629754569436,0.0
23127.629817066267,-17.0
23127.6298795631,-12.0
23127.62994205993,-15.0
23127.630004556762,3.0
23127.630067053593,-10.0
23127.630129550424,-250.0
23127.630192047258,-335.0
23127.63025454409,-284.0
23127.63031704092,-319.0
23127.63037953775,-270.0
23127.630442034584,-253.0
23127.630504531415,-276.0
23127.630567028245,-230.0
23127.630629525076,-238.0
23127.630692021907,-220.0
23127.63075451874,-219.0
23127.63081701557,-205.0
23127.630879512402,-150.0
23127.630942009233,-177.0
23127.631004506064,-190.0
23127.631067002898,-179.0
23127.63112949973,-160.0
23127.63119199656,-134.0
23127.63125449339,-126.0
23127.63131699022,-133.0
23127.631379487055,-107.0
23127.631441983885,-101.0
23127.631504480716,-125.0
23127.631566977547,-46.0
23127.63162947438,-75.0
23127.63169197121,-128.0
23127.631754468042,-69.0
23127.631816964873,-64.0
23127.631879461704,-66.0
23127.631941958538,-31.0
23127.63200445537,8.0
23127.6320669522,37.0
23127.63212944903,44.0
23127.63219194586,35.0
23127.632254442695,14.0
23127.632316939525,-31.0
23127.632379436356,-47.0
23127.632441933187,-77.0
23127.632504430017,-117.0
23127.63256692685,-71.0
23127.632629423682,-65.0
23127.632691920513,-105.0
23127.632754417344,-112.0
23127.632816914178,-104.0
23127.63287941101,-72.0
23127.63294190784,-72.0
23127.63300440467,-90.0
23127.6330669015,-101.0
23127.633129398335,-110.0
23127.633191895166,-88.0
23127.633254391996,-70.0
23127.633316888827,-51.0
23127.633379385657,-18.0
23127.63344188249,-13.0
23127.633504379322,-3.0
23127.633566876153,45.0
23127.633629372984,56.0
23127.633691869814,70.0
23127.63375436665,63.0
23127.63381686348,72.0
23127.63387936031,100.0
23127.63394185714,72.0
23127.634004353975,99.0
23127.634066850806,116.0
23127.634129347636,78.0
23127.634191844467,63.0
23127.634254341297,65.0
23127.63431683813,39.0
23127.634379334962,38.0
23127.634441831793,17.0
23127.634504328624,9.0
23127.634566825454,99.0
23127.63462932229,77.0
23127.63469181912,58.0
23127.63475431595,106.0
23127.63481681278,95.0
23127.63487930961,84.0
23127.634941806446,67.0
23127.635004303276,71.0
23127.635066800107,86.0
23127.635129296938,71.0
23127.63519179377,84.0
23127.635254290602,100.0
23127.635316787433,94.0
23127.635379284264,106.0
23127.635441781094,76.0
23127.63550427793,33.0
23127.63556677476,69.0
23127.63562927159,66.0
23127.63569176842,50.0
23127.63575426525,83.0
23127.635816762086,81.0
23127.635879258916,37.0
23127.635941755747,38.0
23127.636004252578,59.0
23127.63606674941,61.0
23127.636129246242,77.0
23127.636191743073,100.0
23127.636254239904,107.0
23127.636316736734,65.0
23127.63637923357,39.0
23127.6364417304,43.0
23127.63650422723,51.0
23127.63656672406,103.0
23127.63662922089,64.0
23127.636691717726,46.0
23127.636754214556,64.0
23127.636816711387,54.0
23127.636879208218,69.0
23127.63694170505,67.0
23127.637004201883,54.0
23127.637066698713,41.0
23127.637129195544,50.0
23127.637191692374,51.0
23127.637254189205,57.0
23127.63731668604,55.0
23127.63737918287,52.0
23127.6374416797,46.0
23127.63750417653,34.0
23127.637566673366,96.0
23127.637629170196,78.0
23127.637691667027,41.0
23127.637754163858,60.0
23127.63781666069,72.0
23127.637879157523,77.0
23127.637941654353,48.0
23127.638004151184,31.0
23127.638066648015,55.0
23127.638129144845,69.0
23127.63819164168,36.0
23127.63825413851,41.0
23127.63831663534,59.0
23127.63837913217,61.0
23127.638441629002,58.0
23127.638504125836,28.0
23127.638566622667,50.0
23127.638629119498,51.0
23127.63869161633,25.0
23127.638754113163,33.0
23127.638816609993,54.0
23127.638879106824,39.0
23127.638941603655,57.0
23127.639004100485,72.0
23127.63906659732,35.0
23127.63912909415,14.0
23127.63919159098,36.0
23127.63925408781,50.0
23127.639316584642,40.0
23127.639379081476,37.0
23127.639441578307,16.0
23127.639504075138,32.0
23127.63956657197,113.0
23127.6396290688,90.0
23127.639691565633,49.0
23127.639754062464,45.0
23127.639816559295,46.0
23127.639879056125,37.0
23127.63994155296,45.0
23127.64000404979,25.0
23127.64006654662,37.0
23127.64012904345,298.0
23127.640191540282,357.0
23127.640254037116,275.0
23127.640316533947,293.0
23127.640379030778,246.0
23127.64044152761,207.0
23127.64050402444,207.0
23127.640566521273,260.0
23127.640629018104,238.0
23127.640691514935,208.0
23127.640754011765,236.0
23127.640816508596,200.0
23127.64087900543,203.0
23127.64094150226,223.0
23127.64100399909,223.0
23127.641066495922,200.0
23127.641128992756,191.0
23127.641191489587,198.0
23127.641253986418,172.0
23127.64131648325,174.0
23127.64137898008,176.0
23127.641441476913,137.0
23127.641503973744,101.0
23127.641566470575,146.0
23127.641628967405,131.0
23127.641691464236,113.0
23127.64175396107,152.0
23127.6418164579,132.0
23127.64187895473,141.0
23127.641941451562,119.0
23127.642003948393,62.0
23127.642066445227,54.0
23127.642128942058,45.0
23127.64219143889,60.0
23127.64225393572,95.0
23127.642316432553,128.0
23127.642378929384,158.0
23127.642441426215,163.0
23127.642503923045,172.0
23127.642566419876,207.0
23127.64262891671,191.0
23127.64269141354,166.0
23127.64275391037,160.0
23127.642816407202,142.0
23127.642878904033,137.0
23127.642941400867,134.0
23127.643003897698,118.0
23127.64306639453,102.0
23127.64312889136,97.0
23127.64319138819,86.0
23127.643253885024,83.0
23127.643316381855,80.0
23127.643378878685,78.0
23127.643441375516,40.0
23127.64350387235,-8.0
23127.64356636918,20.0
23127.64362886601,-33.0
23127.643691362842,-80.0
23127.643753859673,-64.0
23127.643816356507,-95.0
23127.643878853338,-82.0
23127.64394135017,-27.0
23127.644003847,-11.0
23127.64406634383,-19.0
23127.644128840664,-22.0
23127.644191337495,-40.0
23127.644253834325,-77.0
23127.644316331156,-94.0
23127.644378827987,-88.0
23127.64444132482,-84.0
23127.64450382165,-66.0
23127.644566318482,-44.0
23127.644628815313,-66.0
23127.644691312147,-59.0
23127.644753808978,-78.0
23127.64481630581,-129.0
23127.64487880264,-138.0
23127.64494129947,-106.0
23127.645003796304,-84.0
23127.645066293135,-97.0
23127.645128789965,-102.0
23127.645191286796,-114.0
23127.645253783627,-143.0
23127.64531628046,-172.0
23127.64537877729,-163.0
23127.645441274122,-140.0
23127.645503770953,-112.0
23127.645566267784,-82.0
23127.645628764618,-117.0
23127.64569126145,-143.0
23127.64575375828,-136.0
23127.64581625511,-121.0
23127.645878751944,-75.0
23127.645941248775,-83.0
23127.646003745605,-111.0
23127.646066242436,-122.0
23127.646128739267,-128.0
23127.6461912361,-119.0
23127.64625373293,-112.0
23127.646316229762,-95.0
23127.646378726593,-66.0
23127.646441223424,-88.0
23127.646503720258,-116.0
23127.64656621709,-97.0
23127.64662871392,-91.0
23127.64669121075,-76.0
23127.64675370758,-52.0
23127.646816204415,-61.0
23127.646878701245,-80.0
23127.646941198076,-79.0
23127.647003694907,-83.0
23127.64706619174,-69.0
23127.64712868857,-58.0
23127.647191185402,-75.0
23127.647253682233,-60.0
23127.647316179064,-81.0
23127.647378675898,-81.0
23127.64744117273,-102.0
23127.64750366956,-120.0
23127.64756616639,-64.0
23127.64762866322,-67.0
23127.647691160055,-65.0
23127.647753656885,-62.0
23127.647816153716,-52.0
23127.647878650547,-43.0
23127.647941147377,-48.0
23127.64800364421,-36.0
23127.648066141042,-9.0
23127.648128637873,-6.0
23127.648191134704,-17.0
23127.648253631538,-17.0
23127.64831612837,-17.0
23127.6483786252,-5.0
23127.64844112203,-30.0
23127.64850361886,-40.0
23127.648566115695,32.0
23127.648628612525,28.0
23127.648691109356,1.0
23127.648753606187,13.0
23127.648816103017,-8.0
23127.64887859985,12.0
23127.648941096682,15.0
23127.649003593513,-5.0
23127.649066090344,19.0
23127.649128587174,12.0
23127.64919108401,19.0
23127.64925358084,43.0
23127.64931607767,2.0
23127.6493785745,12.0
23127.649441071335,21.0
23127.649503568166,-12.0
23127.649566064996,60.0
23127.649628561827,51.0
23127.649691058657,21.0
23127.64975355549,53.0
23127.649816052322,19.0
23127.649878549153,21.0
23127.649941045984,42.0
23127.650003542814,56.0
23127.65006603965,23.0
23127.65012853648,-223.0
23127.65019103331,-335.0
23127.65025353014,-278.0
23127.65031602697,-252.0
23127.650378523806,-190.0
23127.650441020636,-195.0
23127.650503517467,-219.0
23127.650566014298,-155.0
23127.65062851113,-151.0
23127.650691007962,-180.0
23127.650753504793,-189.0
23127.650816001624,-168.0
23127.650878498454,-180.0
23127.65094099529,-188.0
23127.65100349212,-181.0
23127.65106598895,-187.0
23127.65112848578,-176.0
23127.65119098261,-153.0
23127.651253479446,-147.0
23127.651315976276,-165.0
23127.651378473107,-96.0
23127.651440969938,-110.0
23127.65150346677,-161.0
23127.651565963602,-114.0
23127.651628460433,-129.0
23127.651690957264,-134.0
23127.651753454094,-127.0
23127.65181595093,-136.0
23127.65187844776,-89.0
23127.65194094459,-56.0
23127.65200344142,-55.0
23127.65206593825,-22.0
23127.652128435086,15.0
23127.652190931916,14.0
23127.652253428747,-1.0
23127.652315925578,-39.0
23127.65237842241,-53.0
23127.652440919243,-86.0
23127.652503416073,-131.0
23127.652565912904,-87.0
23127.652628409734,-90.0
23127.652690906565,-90.0
23127.6527534034,-85.0
23127.65281590023,-120.0
23127.65287839706,-118.0
23127.65294089389,-91.0
23127.653003390726,-97.0
23127.653065887556,-99.0
23127.653128384387,-111.0
23127.653190881218,-124.0
23127.65325337805,-70.0
23127.653315874883,-45.0
23127.653378371713,-40.0
23127.653440868544,-12.0
23127.653503365374,4.0
23127.653565862205,93.0
23127.65362835904,83.0
23127.65369085587,52.0
23127.6537533527,79.0
23127.65381584953,47.0
23127.653878346362,70.0
23127.653940843196,88.0
23127.654003340027,53.0
23127.654065836858,49.0
23127.65412833369,69.0
23127.654190830523,55.0
23127.654253327353,51.0
23127.654315824184,71.0
23127.654378321015,67.0
23127.654440817845,32.0
23127.65450331468,4.0
23127.65456581151,75.0
23127.65462830834,78.0
23127.65469080517,75.0
23127.654753302002,109.0
23127.654815798836,114.0
23127.654878295667,96.0
23127.654940792498,95.0
23127.65500328933,135.0
23127.65506578616,114.0
23127.655128282993,83.0
23127.655190779824,77.0
23127.655253276655,62.0
23127.655315773485,48.0
23127.65537827032,72.0
23127.65544076715,58.0
23127.65550326398,34.0
23127.65556576081,102.0
23127.655628257642,97.0
23127.655690754476,78.0
23127.655753251307,105.0
23127.655815748138,105.0
23127.65587824497,92.0
23127.6559407418,83.0
23127.656003238633,91.0
23127.656065735464,89.0
23127.656128232295,89.0
23127.656190729125,101.0
23127.656253225956,91.0
23127.65631572279,83.0
23127.65637821962,112.0
23127.65644071645,125.0
23127.656503213282,77.0
23127.656565710116,95.0
23127.656628206947,86.0
23127.656690703778,49.0
23127.65675320061,70.0
23127.65681569744,74.0
23127.656878194273,69.0
23127.656940691104,72.0
23127.657003187935,62.0
23127.657065684765,55.0
23127.657128181596,52.0
23127.65719067843,57.0
23127.65725317526,75.0
23127.65731567209,80.0
23127.657378168922,89.0
23127.657440665753,72.0
23127.657503162587,55.0
23127.657565659418,89.0
23127.65762815625,83.0
23127.65769065308,52.0
23127.657753149913,69.0
23127.657815646744,91.0
23127.657878143575,65.0
23127.657940640405,45.0
23127.658003137236,48.0
23127.65806563407,56.0
23127.6581281309,56.0
23127.65819062773,55.0
23127.658253124562,50.0
23127.658315621393,44.0
23127.658378118227,57.0
23127.658440615058,42.0
23127.65850311189,21.0
23127.65856560872,78.0
23127.65862810555,63.0
23127.658690602384,23.0
23127.658753099215,26.0
23127.658815596045,25.0
23127.658878092876,53.0
23127.65894058971,52.0
23127.65900308654,49.0
23127.65906558337,34.0
23127.659128080202,19.0
23127.659190577033,27.0
23127.659253073867,40.0
23127.659315570698,36.0
23127.65937806753,32.0
23127.65944056436,15.0
23127.65950306119,-21.0
23127.659565558024,46.0
23127.659628054855,48.0
23127.659690551685,18.0
23127.659753048516,19.0
23127.659815545347,12.0
23127.65987804218,35.0
23127.65994053901,35.0
23127.660003035842,-5.0
23127.660065532673,64.0
23127.660128029507,302.0
23127.660190526338,343.0
23127.66025302317,308.0
23127.66031552,291.0
23127.66037801683,271.0
23127.660440513664,266.0
23127.660503010495,209.0
23127.660565507325,232.0
23127.660628004156,237.0
23127.660690500987,224.0
23127.66075299782,199.0
23127.66081549465,183.0
23127.660877991482,207.0
23127.660940488313,209.0
23127.661002985144,203.0
23127.661065481978,200.0
23127.66112797881,192.0
23127.66119047564,203.0
23127.66125297247,221.0
23127.661315469304,192.0
23127.661377966135,199.0
23127.661440462965,185.0
23127.661502959796,149.0
23127.661565456627,181.0
23127.66162795346,147.0
23127.66169045029,137.0
23127.661752947122,110.0
23127.661815443953,105.0
23127.661877940784,123.0
23127.661940437618,64.0
23127.66200293445,61.0
23127.66206543128,30.0
23127.66212792811,-5.0
23127.66219042494,11.0
23127.662252921775,40.0
23127.662315418605,93.0
23127.662377915436,144.0
23127.662440412267,179.0
23127.6625029091,165.0
23127.66256540593,203.0
23127.662627902762,178.0
23127.662690399593,138.0
23127.662752896424,163.0
23127.662815393258,147.0
23127.66287789009,130.0
23127.66294038692,135.0
23127.66300288375,150.0
23127.66306538058,119.0
23127.663127877415,99.0
23127.663190374245,117.0
23127.663252871076,67.0
23127.663315367907,28.0
23127.663377864737,62.0
23127.66344036157,21.0
23127.663502858402,-8.0
23127.663565355233,51.0
23127.663627852064,6.0
23127.663690348898,-25.0
23127.66375284573,-29.0
23127.66381534256,-62.0
23127.66387783939,-74.0
23127.66394033622,-65.0
23127.664002833055,-63.0
23127.664065329885,-81.0
23127.664127826716,-76.0
23127.664190323547,-89.0
23127.664252820377,-89.0
23127.66431531721,-80.0
23127.664377814042,-84.0
23127.664440310873,-96.0
23127.664502807704,-91.0
23127.664565304534,-42.0
23127.66462780137,-54.0
23127.6646902982,-104.0
23127.66475279503,-99.0
23127.66481529186,-104.0
23127.664877788695,-150.0
23127.664940285526,-143.0
23127.665002782356,-146.0
23127.665065279187,-163.0
23127.665127776017,-139.0
23127.66519027285,-117.0
23127.665252769682,-106.0
23127.665315266513,-117.0
23127.665377763344,-115.0
23127.665440260174,-100.0
23127.66550275701,-130.0
23127.66556525384,-87.0
23127.66562775067,-97.0
23127.6656902475,-132.0
23127.66575274433,-114.0
23127.665815241166,-111.0
23127.665877737996,-100.0
23127.665940234827,-67.0
23127.666002731657,-51.0
23127.66606522849,-56.0
23127.666127725322,-76.0
23127.666190222153,-99.0
23127.666252718984,-98.0
23127.666315215814,-112.0
23127.66637771265,-99.0
23127.66644020948,-101.0
23127.66650270631,-97.0
23127.66656520314,-29.0
23127.66662769997,-35.0
23127.666690196806,-50.0
23127.666752693636,-48.0
23127.666815190467,-77.0
23127.666877687298,-53.0
23127.666940184128,-42.0
23127.667002680962,-67.0
23127.667065177793,-73.0
23127.667127674624,-68.0
23127.667190171454,-77.0
23127.66725266829,-68.0
23127.66731516512,-64.0
23127.66737766195,-70.0
23127.66744015878,-75.0
23127.66750265561,-101.0
23127.667565152446,-69.0
23127.667627649276,-44.0
23127.667690146107,-55.0
23127.667752642938,-71.0
23127.66781513977,-69.0
23127.667877636602,-62.0
23127.667940133433,-88.0
23127.668002630264,-84.0
23127.668065127094,-49.0
23127.668127623925,-64.0
23127.66819012076,-68.0
23127.66825261759,-28.0
23127.66831511442,-30.0
23127.66837761125,-59.0
23127.668440108086,-57.0
23127.668502604916,-43.0
23127.668565101747,-19.0
23127.668627598578,-14.0
23127.66869009541,-34.0
23127.668752592243,-48.0
23127.668815089073,-40.0
23127.668877585904,-57.0
23127.668940082734,-42.0
23127.669002579565,-28.0
23127.6690650764,-61.0
23127.66912757323,-17.0
23127.66919007006,-17.0
23127.66925256689,-43.0
23127.669315063722,-46.0
23127.669377560556,-29.0
23127.669440057387,-25.0
23127.669502554218,-43.0
23127.66956505105,-10.0
23127.669627547883,-19.0
23127.669690044713,-53.0
23127.669752541544,-42.0
23127.669815038375,-15.0
23127.669877535205,-13.0
23127.66994003204,-31.0
23127.67000252887,18.0
23127.6700650257,-41.0
23127.67012752253,-292.0
23127.670190019362,-336.0
23127.670252516196,-290.0
23127.670315013027,-319.0
23127.670377509858,-295.0
23127.67044000669,-265.0
23127.67050250352,-245.0
23127.670565000353,-198.0
23127.670627497184,-204.0
23127.670689994015,-233.0
23127.670752490845,-244.0
23127.67081498768,-201.0
23127.67087748451,-179.0
23127.67093998134,-190.0
23127.67100247817,-162.0
23127.671064975002,-168.0
23127.671127471836,-221.0
23127.671189968667,-212.0
23127.671252465498,-198.0
23127.67131496233,-189.0
23127.67137745916,-109.0
23127.671439955993,-117.0
23127.671502452824,-153.0
23127.671564949655,-85.0
23127.671627446485,-121.0
23127.671689943316,-152.0
23127.67175244015,-101.0
23127.67181493698,-109.0
23127.67187743381,-103.0
23127.671939930642,-48.0
23127.672002427476,-3.0
23127.672064924307,23.0
23127.672127421138,21.0
23127.67218991797,-20.0
23127.6722524148,-43.0
23127.672314911633,-101.0
23127.672377408464,-134.0
23127.672439905295,-175.0
23127.672502402125,-215.0
23127.672564898956,-145.0
23127.67262739579,-134.0
23127.67268989262,-129.0
23127.67275238945,-92.0
23127.672814886282,-148.0
23127.672877383113,-177.0
23127.672939879947,-144.0
23127.673002376778,-146.0
23127.67306487361,-150.0
23127.67312737044,-167.0
23127.673189867273,-130.0
23127.673252364104,-86.0
23127.673314860935,-90.0
23127.673377357765,-45.0
23127.673439854596,-20.0
23127.67350235143,-6.0
23127.67356484826,66.0
23127.67362734509,61.0
23127.673689841922,28.0
23127.673752338753,46.0
23127.673814835587,72.0
23127.673877332418,46.0
23127.67393982925,48.0
23127.67400232608,68.0
23127.67406482291,20.0
23127.674127319744,1.0
23127.674189816575,35.0
23127.674252313405,28.0
23127.674314810236,0.0
23127.67437730707,13.0
23127.6744398039,7.0
23127.67450230073,-12.0
23127.674564797562,31.0
23127.674627294393,34.0
23127.674689791227,29.0
23127.674752288058,85.0
23127.67481478489,99.0
23127.67487728172,76.0
23127.67493977855,73.0
23127.675002275384,58.0
23127.675064772215,57.0
23127.675127269045,68.0
23127.675189765876,48.0
23127.675252262707,68.0
23127.67531475954,62.0
23127.67537725637,63.0
23127.675439753202,45.0
23127.675502250033,-2.0
23127.675564746867,54.0
23127.675627243698,66.0
23127.67568974053,48.0
23127.67575223736,35.0
23127.67581473419,41.0
23127.675877231024,35.0
23127.675939727855,12.0
23127.676002224685,23.0
23127.676064721516,59.0
23127.676127218347,79.0
23127.67618971518,84.0
23127.67625221201,103.0
23127.676314708842,86.0
23127.676377205673,96.0
23127.676439702504,84.0
23127.676502199338,40.0
23127.67656469617,105.0
23127.676627193,94.0
23127.67668968983,22.0
23127.676752186664,9.0
23127.676814683495,5.0
23127.676877180325,1.0
23127.676939677156,-13.0
23127.677002173987,17.0
23127.67706467082,38.0
23127.67712716765,13.0
23127.677189664482,5.0
23127.677252161313,24.0
23127.677314658144,28.0
23127.677377154978,35.0
23127.67743965181,28.0
23127.67750214864,-16.0
23127.67756464547,19.0
23127.6776271423,17.0
23127.677689639135,-4.0
23127.677752135965,18.0
23127.677814632796,6.0
23127.677877129627,-14.0
23127.67793962646,-2.0
23127.67800212329,-5.0
23127.678064620122,-14.0
23127.678127116953,-11.0
23127.678189613784,7.0
23127.678252110618,-14.0
23127.67831460745,-9.0
23127.67837710428,25.0
23127.67843960111,-6.0
23127.67850209794,-46.0
23127.678564594775,-14.0
23127.678627091605,-29.0
23127.678689588436,-59.0
23127.678752085267,-23.0
23127.678814582097,-4.0
23127.67887707893,-14.0
23127.678939575762,0.0
23127.679002072593,-11.0
23127.679064569424,-4.0
23127.679127066258,2.0
23127.67918956309,-42.0
23127.67925205992,-38.0
23127.67931455675,-42.0
23127.67937705358,-48.0
23127.679439550415,-35.0
23127.679502047245,-40.0
23127.679564544076,8.0
23127.679627040907,-13.0
23127.679689537737,-47.0
23127.67975203457,-19.0
23127.679814531402,4.0
23127.679877028233,-21.0
23127.679939525064,-29.0
23127.680002021894,-56.0
23127.68006451873,28.0
23127.68012701556,269.0
23127.68018951239,287.0
23127.68025200922,265.0
23127.680314506055,246.0
23127.680377002886,171.0
23127.680439499716,160.0
23127.680501996547,185.0
23127.680564493377,220.0
23127.68062699021,196.0
23127.680689487042,188.0
23127.680751983873,198.0
23127.680814480704,188.0
23127.680876977534,194.0
23127.68093947437,153.0
23127.6810019712,141.0
23127.68106446803,145.0
23127.68112696486,155.0
23127.68118946169,167.0
23127.681251958526,174.0
23127.681314455356,165.0
23127.681376952187,118.0
23127.681439449017,97.0
23127.68150194585,67.0
23127.681564442682,93.0
23127.681626939513,88.0
23127.681689436344,59.0
23127.681751933174,78.0
23127.68181443001,83.0
23127.68187692684,82.0
23127.68193942367,50.0
23127.6820019205,27.0
23127.68206441733,3.0
23127.682126914166,-7.0
23127.682189410996,-9.0
23127.682251907827,11.0
23127.682314404658,53.0
23127.682376901488,74.0
23127.682439398322,98.0
23127.682501895153,81.0
23127.682564391984,135.0
23127.682626888814,124.0
23127.68268938565,46.0
23127.68275188248,86.0
23127.68281437931,88.0
23127.68287687614,68.0
23127.68293937297,83.0
23127.683001869806,99.0
23127.683064366636,96.0
23127.683126863467,61.0
23127.683189360298,48.0
23127.68325185713,55.0
23127.683314353962,11.0
23127.683376850793,-23.0
23127.683439347624,-39.0
23127.683501844454,-73.0
23127.683564341285,-47.0
23127.68362683812,-73.0
23127.68368933495,-123.0
23127.68375183178,-131.0
23127.68381432861,-132.0
23127.683876825446,-141.0
23127.683939322276,-145.0
23127.684001819107,-141.0
23127.684064315938,-140.0
23127.68412681277,-129.0
23127.684189309603,-113.0
23127.684251806433,-94.0
23127.684314303264,-123.0
23127.684376800094,-137.0
23127.684439296925,-103.0
23127.68450179376,-125.0
23127.68456429059,-101.0
23127.68462678742,-97.0
23127.68468928425,-133.0
23127.684751781082,-110.0
23127.684814277916,-130.0
23127.684876774747,-147.0
23127.684939271578,-158.0
23127.68500176841,-162.0
23127.685064265243,-155.0
23127.685126762073,-193.0
23127.685189258904,-191.0
23127.685251755734,-180.0
23127.685314252565,-175.0
23127.6853767494,-192.0
23127.68543924623,-217.0
23127.68550174306,-190.0
23127.68556423989,-132.0
23127.685626736722,-118.0
23127.685689233556,-122.0
23127.685751730387,-140.0
23127.685814227218,-115.0
23127.68587672405,-96.0
23127.68593922088,-122.0
23127.686001717713,-86.0
23127.686064214544,-80.0
23127.686126711375,-117.0
23127.686189208205,-127.0
23127.68625170504,-132.0
23127.68631420187,-140.0
23127.6863766987,-161.0
23127.68643919553,-181.0
23127.686501692362,-173.0
23127.686564189196,-113.0
23127.686626686027,-107.0
23127.686689182858,-134.0
23127.68675167969,-114.0
23127.68681417652,-111.0
23127.686876673353,-126.0
23127.686939170184,-100.0
23127.687001667015,-72.0
23127.687064163845,-100.0
23127.687126660676,-90.0
23127.68718915751,-81.0
23127.68725165434,-99.0
23127.68731415117,-78.0
23127.687376648002,-71.0
23127.687439144836,-51.0
23127.687501641667,-56.0
23127.687564138498,-39.0
23127.68762663533,-41.0
23127.68768913216,-71.0
23127.687751628993,-57.0
23127.687814125824,-47.0
23127.687876622655,-59.0
23127.687939119485,-50.0
23127.688001616316,-34.0
23127.68806411315,-62.0
23127.68812660998,-66.0
23127.68818910681,-45.0
23127.688251603642,-47.0
23127.688314100473,-42.0
23127.688376597307,-64.0
23127.688439094138,-75.0
23127.68850159097,-88.0
23127.6885640878,-54.0
23127.688626584633,-34.0
23127.688689081464,-67.0
23127.688751578295,-60.0
23127.688814075125,-71.0
23127.688876571956,-81.0
23127.68893906879,-57.0
23127.68900156562,-43.0
23127.68906406245,-42.0
23127.689126559282,-49.0
23127.689189056113,-52.0
23127.689251552947,-37.0
23127.689314049778,-53.0
23127.68937654661,-48.0
23127.68943904344,-56.0
23127.68950154027,-104.0
23127.689564037104,-67.0
23127.689626533935,-85.0
23127.689689030765,-102.0
23127.689751527596,-51.0
23127.68981402443,-51.0
23127.68987652126,-44.0
23127.68993901809,-66.0
23127.690001514922,-25.0
23127.690064011753,-75.0
23127.690126508587,-341.0
23127.690189005418,-344.0
23127.69025150225,-296.0
23127.69031399908,-328.0
23127.69037649591,-319.0
23127.690438992744,-338.0
23127.690501489575,-296.0
23127.690563986405,-254.0
23127.690626483236,-285.0
23127.690688980067,-300.0
23127.6907514769,-283.0
23127.69081397373,-209.0
23127.690876470562,-212.0
23127.690938967393,-239.0
23127.691001464227,-244.0
23127.691063961058,-270.0
23127.69112645789,-243.0
23127.69118895472,-210.0
23127.69125145155,-173.0
23127.691313948384,-193.0
23127.691376445215,-197.0
23127.691438942045,-156.0
23127.691501438876,-160.0
23127.691563935707,-102.0
23127.69162643254,-88.0
23127.69168892937,-121.0
23127.691751426202,-106.0
23127.691813923033,-100.0
23127.691876419864,-118.0
23127.691938916698,-61.0
23127.69200141353,4.0
23127.69206391036,-16.0
23127.69212640719,-22.0
23127.692188904024,-27.0
23127.692251400855,-78.0
23127.692313897685,-108.0
23127.692376394516,-102.0
23127.692438891347,-138.0
23127.69250138818,-183.0
23127.69256388501,-139.0
23127.692626381842,-134.0
23127.692688878673,-144.0
23127.692751375504,-124.0
23127.692813872338,-123.0
23127.69287636917,-96.0
23127.692938866,-66.0
23127.69300136283,-83.0
23127.69306385966,-94.0
23127.693126356495,-91.0
23127.693188853325,-81.0
23127.693251350156,-51.0
23127.693313846987,-13.0
23127.69337634382,32.0
23127.69343884065,40.0
23127.693501337482,34.0
23127.693563834313,84.0
23127.693626331144,89.0
23127.693688827978,74.0
23127.69375132481,86.0
23127.69381382164,104.0
23127.69387631847,131.0
23127.6939388153,138.0
23127.694001312135,133.0
23127.694063808965,148.0
23127.694126305796,142.0
23127.694188802627,122.0
23127.694251299457,115.0
23127.69431379629,126.0
23127.694376293122,102.0
23127.694438789953,82.0
23127.694501286784,69.0
23127.694563783618,98.0
23127.69462628045,123.0
23127.69468877728,131.0
23127.69475127411,141.0
23127.69481377094,143.0
23127.694876267775,149.0
23127.694938764605,138.0
23127.695001261436,153.0
23127.695063758267,160.0
23127.695126255097,137.0
23127.69518875193,136.0
23127.695251248762,127.0
23127.695313745593,89.0
23127.695376242424,100.0
23127.695438739254,108.0
23127.69550123609,73.0
23127.69556373292,111.0
23127.69562622975,104.0
23127.69568872658,66.0
23127.695751223415,87.0
23127.695813720245,63.0
23127.695876217076,39.0
23127.695938713907,101.0
23127.696001210737,107.0
23127.69606370757,78.0
23127.696126204402,116.0
23127.696188701233,115.0
23127.696251198064,102.0
23127.696313694894,117.0
23127.69637619173,108.0
23127.69643868856,59.0
23127.69650118539,44.0
23127.69656368222,91.0
23127.69662617905,91.0
23127.696688675886,73.0
23127.696751172716,71.0
23127.696813669547,62.0
23127.696876166377,58.0
23127.69693866321,56.0
23127.697001160042,81.0
23127.697063656873,86.0
23127.697126153704,68.0
23127.697188650534,58.0
23127.69725114737,53.0
23127.6973136442,57.0
23127.69737614103,53.0
23127.69743863786,58.0
23127.69750113469,60.0
23127.697563631526,110.0
23127.697626128356,113.0
23127.697688625187,66.0
23127.697751122018,86.0
23127.697813618848,93.0
23127.697876115682,77.0
23127.697938612513,78.0
23127.698001109344,83.0
23127.698063606174,91.0
23127.69812610301,86.0
23127.69818859984,67.0
23127.69825109667,59.0
23127.6983135935,42.0
23127.69837609033,58.0
23127.698438587166,52.0
23127.698501083996,19.0
23127.698563580827,93.0
23127.698626077658,64.0
23127.69868857449,26.0
23127.698751071322,66.0
23127.698813568153,81.0
23127.698876064984,67.0
23127.698938561814,66.0
23127.699001058645,83.0
23127.69906355548,70.0
23127.69912605231,59.0
23127.69918854914,60.0
23127.69925104597,57.0
23127.699313542806,46.0
23127.699376039636,45.0
23127.699438536467,25.0
23127.699501033298,17.0
23127.69956353013,86.0
23127.699626026963,81.0
23127.699688523793,39.0
23127.699751020624,62.0
23127.699813517454,55.0
23127.699876014285,31.0
23127.69993851112,64.0
23127.70000100795,34.0
23127.70006350478,90.0
23127.70012600161,341.0
23127.700188498442,365.0
23127.700250995276,312.0
23127.700313492107,300.0
23127.700375988938,263.0
23127.70043848577,244.0
23127.700500982603,207.0
23127.700563479433,293.0
23127.700625976264,294.0
23127.700688473094,248.0
23127.700750969925,262.0
23127.70081346676,231.0
23127.70087596359,253.0
23127.70093846042,269.0
23127.70100095725,259.0
23127.701063454082,238.0
23127.701125950916,245.0
23127.701188447747,232.0
23127.701250944578,184.0
23127.70131344141,186.0
23127.70137593824,186.0
23127.701438435073,169.0
23127.701500931904,139.0
23127.701563428735,171.0
23127.701625925565,132.0
23127.7016884224,99.0
23127.70175091923,146.0
23127.70181341606,161.0
23127.70187591289,151.0
23127.701938409722,108.0
23127.702000906556,56.0
23127.702063403387,-4.0
23127.702125900218,-33.0
23127.70218839705,-7.0
23127.70225089388,29.0
23127.702313390713,83.0
23127.702375887544,117.0
23127.702438384375,119.0
23127.702500881205,114.0
23127.702563378036,147.0
23127.70262587487,123.0
23127.7026883717,91.0
23127.70275086853,98.0
23127.702813365362,91.0
23127.702875862196,129.0
23127.702938359027,104.0
23127.703000855858,66.0
23127.70306335269,98.0
23127.70312584952,66.0
23127.703188346353,48.0
23127.703250843184,54.0
23127.703313340015,15.0
23127.703375836845,-17.0
23127.703438333676,-59.0
23127.70350083051,-93.0
23127.70356332734,-46.0
23127.70362582417,-63.0
23127.703688321002,-96.0
23127.703750817833,-94.0
23127.703813314667,-109.0
23127.703875811498,-100.0
23127.70393830833,-116.0
23127.70400080516,-120.0
23127.704063301993,-132.0
23127.704125798824,-117.0
23127.704188295655,-101.0
23127.704250792485,-117.0
23127.704313289316,-105.0
23127.70437578615,-120.0
23127.70443828298,-134.0
23127.70450077981,-106.0
23127.704563276642,-79.0
23127.704625773473,-101.0
23127.704688270307,-115.0
23127.704750767138,-107.0
23127.70481326397,-114.0
23127.7048757608,-119.0
23127.70493825763,-102.0
23127.705000754464,-90.0
23127.705063251295,-104.0
23127.705125748125,-106.0
23127.705188244956,-91.0
23127.70525074179,-86.0
23127.70531323862,-105.0
23127.70537573545,-126.0
23127.705438232282,-113.0
23127.705500729113,-121.0
23127.705563225947,-68.0
23127.705625722778,-56.0
23127.70568821961,-107.0
23127.70575071644,-99.0
23127.70581321327,-92.0
23127.705875710104,-107.0
23127.705938206935,-114.0
23127.706000703765,-131.0
23127.706063200596,-162.0
23127.706125697427,-144.0
23127.70618819426,-122.0
23127.70625069109,-152.0
23127.706313187922,-161.0
23127.706375684753,-119.0
23127.706438181587,-100.0
23127.706500678418,-78.0
23127.70656317525,-13.0
23127.70662567208,-1.0
23127.70668816891,17.0
23127.706750665744,22.0
23127.706813162575,18.0
23127.706875659405,49.0
23127.706938156236,37.0
23127.707000653067,24.0
23127.7070631499,51.0
23127.70712564673,56.0
23127.707188143562,80.0
23127.707250640393,96.0
23127.707313137224,82.0
23127.707375634058,89.0
23127.70743813089,77.0
23127.70750062772,79.0
23127.70756312455,120.0
23127.707625621384,121.0
23127.707688118215,105.0
23127.707750615045,89.0
23127.707813111876,78.0
23127.707875608707,77.0
23127.70793810554,66.0
23127.70800060237,65.0
23127.708063099202,71.0
23127.708125596033,65.0
23127.708188092864,96.0
23127.708250589698,105.0
23127.70831308653,83.0
23127.70837558336,98.0
23127.70843808019,81.0
23127.70850057702,59.0
23127.708563073855,94.0
23127.708625570685,88.0
23127.708688067516,78.0
23127.708750564347,69.0
23127.70881306118,57.0
23127.70887555801,60.0
23127.708938054842,49.0
23127.709000551673,57.0
23127.709063048504,50.0
23127.709125545338,20.0
23127.70918804217,-5.0
23127.709250539,-12.0
23127.70931303583,-29.0
23127.70937553266,-24.0
23127.709438029495,-20.0
23127.709500526325,-46.0
23127.709563023156,-1.0
23127.709625519987,-10.0
23127.709688016817,-38.0
23127.70975051365,-2.0
23127.709813010482,11.0
23127.709875507313,8.0
23127.709938004144,2.0
23127.710000500978,50.0
23127.71006299781,-36.0
23127.71012549464,-311.0
23127.71018799147,-321.0
23127.7102504883,-273.0
23127.710312985135,-332.0
23127.710375481965,-327.0
23127.710437978796,-321.0
23127.710500475627,-302.0
23127.710562972457,-210.0
23127.71062546929,-218.0
23127.710687966122,-280.0
23127.710750462953,-293.0
23127.710812959784,-238.0
23127.710875456614,-211.0
23127.71093795345,-196.0
23127.71100045028,-203.0
23127.71106294711,-221.0
23127.71112544394,-209.0
23127.711187940775,-202.0
23127.711250437605,-167.0
23127.711312934436,-159.0
23127.711375431267,-109.0
23127.711437928097,-127.0
23127.71150042493,-156.0
23127.711562921762,-74.0
23127.711625418593,-52.0
23127.711687915424,-62.0
23127.711750412254,-81.0
23127.71181290909,-72.0
23127.71187540592,-63.0
23127.71193790275,2.0
23127.71200039958,44.0
23127.71206289641,30.0
23127.712125393246,51.0
23127.712187890076,68.0
23127.712250386907,66.0
23127.712312883737,28.0
23127.71237538057,-43.0
23127.712437877402,-100.0
23127.712500374233,-97.0
23127.712562871064,-44.0
23127.712625367894,-49.0
23127.71268786473,-42.0
23127.71275036156,-55.0
23127.71281285839,-98.0
23127.71287535522,-85.0
23127.71293785205,-57.0
23127.713000348886,-57.0
23127.713062845716,-61.0
23127.713125342547,-49.0
23127.713187839377,-44.0
23127.713250336208,-19.0
23127.713312833042,10.0
23127.713375329873,43.0
23127.713437826704,59.0
23127.713500323534,43.0
23127.71356282037,84.0
23127.7136253172,73.0
23127.71368781403,75.0
23127.71375031086,128.0
23127.71381280769,136.0
23127.713875304526,109.0
23127.713937801356,116.0
23127.714000298187,106.0
23127.714062795018,52.0
23127.714125291848,101.0
23127.714187788682,152.0
23127.714250285513,128.0
23127.714312782344,122.0
23127.714375279174,111.0
23127.714437776005,55.0
23127.71450027284,47.0
23127.71456276967,94.0
23127.7146252665,88.0
23127.71468776333,112.0
23127.714750260166,144.0
23127.714812756996,150.0
23127.714875253827,136.0
23127.714937750658,101.0
23127.71500024749,99.0
23127.715062744322,78.0
23127.715125241153,63.0
23127.715187737984,100.0
23127.715250234814,149.0
23127.715312731645,148.0
23127.71537522848,147.0
23127.71543772531,116.0
23127.71550022214,81.0
23127.71556271897,123.0
23127.715625215802,118.0
23127.715687712636,93.0
23127.715750209467,115.0
23127.715812706298,103.0
23127.71587520313,87.0
23127.715937699963,125.0
23127.716000196793,157.0
23127.716062693624,126.0
23127.716125190454,121.0
23127.716187687285,145.0
23127.71625018412,146.0
23127.71631268095,125.0
23127.71637517778,103.0
23127.71643767461,95.0
23127.716500171442,77.0
23127.716562668276,108.0
23127.716625165107,109.0
23127.716687661938,96.0
23127.71675015877,98.0
23127.7168126556,84.0
23127.716875152433,86.0
23127.716937649264,103.0
23127.717000146095,105.0
23127.717062642925,71.0
23127.71712513976,80.0
23127.71718763659,113.0
23127.71725013342,121.0
23127.71731263025,94.0
23127.717375127082,69.0
23127.717437623916,59.0
23127.717500120747,22.0
23127.717562617578,84.0
23127.71762511441,82.0
23127.71768761124,23.0
23127.717750108073,43.0
23127.717812604904,69.0
23127.717875101735,92.0
23127.717937598565,106.0
23127.718000095396,93.0
23127.71806259223,77.0
23127.71812508906,71.0
23127.71818758589,68.0
23127.718250082722,86.0
23127.718312579556,103.0
23127.718375076387,105.0
23127.718437573218,72.0
23127.71850007005,51.0
23127.71856256688,103.0
23127.718625063713,90.0
23127.718687560544,31.0
23127.718750057375,30.0
23127.718812554205,27.0
23127.718875051036,21.0
23127.71893754787,25.0
23127.7190000447,29.0
23127.71906254153,28.0
23127.719125038362,37.0
23127.719187535193,53.0
23127.719250032027,56.0
23127.719312528858,49.0
23127.71937502569,51.0
23127.71943752252,30.0
23127.719500019353,20.0
23127.719562516184,79.0
23127.719625013015,70.0
23127.719687509845,32.0
23127.719750006676,13.0
23127.71981250351,13.0
23127.71987500034,10.0
23127.71993749717,22.0
23127.719999994002,-21.0
23127.720062490833,63.0
23127.720124987667,304.0
23127.720187484498,302.0
23127.72024998133,274.0
23127.72031247816,254.0
23127.72037497499,226.0
23127.720437471824,188.0
23127.720499968655,130.0
23127.720562465485,193.0
23127.720624962316,170.0
23127.72068745915,156.0
23127.72074995598,173.0
23127.72081245281,152.0
23127.720874949642,180.0
23127.720937446473,170.0
23127.720999943307,167.0
23127.721062440138,140.0
23127.72112493697,100.0
23127.7211874338,91.0
23127.72124993063,116.0
23127.721312427464,108.0
23127.721374924295,93.0
23127.721437421125,84.0
23127.721499917956,91.0
23127.721562414787,119.0
23127.72162491162,73.0
23127.72168740845,45.0
23127.721749905282,43.0
23127.721812402113,62.0
23127.721874898947,93.0
23127.721937395778,86.0
23127.72199989261,28.0
23127.72206238944,-73.0
23127.72212488627,-74.0
23127.722187383104,-42.0
23127.722249879935,-15.0
23127.722312376765,61.0
23127.722374873596,108.0
23127.722437370427,100.0
23127.72249986726,76.0
23127.72256236409,126.0
23127.722624860922,119.0
23127.722687357753,103.0
23127.722749854584,139.0
23127.722812351418,119.0
23127.72287484825,101.0
23127.72293734508,95.0
23127.72299984191,91.0
23127.723062338744,86.0
23127.723124835575,116.0
23127.723187332405,120.0
23127.723249829236,64.0
23127.723312326067,26.0
23127.7233748229,41.0
23127.72343731973,15.0
23127.723499816562,-37.0
23127.723562313393,11.0
23127.723624810224,0.0
23127.723687307058,-72.0
23127.72374980389,-52.0
23127.72381230072,-67.0
23127.72387479755,-125.0
23127.72393729438,-101.0
23127.723999791215,-53.0
23127.724062288045,-54.0
23127.724124784876,-29.0
23127.724187281707,-20.0
23127.72424977854,-62.0
23127.72431227537,-50.0
23127.724374772202,-49.0
23127.724437269033,-95.0
23127.724499765864,-104.0
23127.724562262698,-51.0
23127.72462475953,-63.0
23127.72468725636,-91.0
23127.72474975319,-66.0
23127.72481225002,-78.0
23127.724874746855,-90.0
23127.724937243685,-77.0
23127.724999740516,-94.0
23127.725062237347,-105.0
23127.725124734177,-96.0
23127.72518723101,-103.0
23127.725249727842,-111.0
23127.725312224673,-126.0
23127.725374721504,-116.0
23127.725437218338,-102.0
23127.72549971517,-109.0
23127.725562212,-52.0
23127.72562470883,-44.0
23127.72568720566,-56.0
23127.725749702495,-61.0
23127.725812199325,-80.0
23127.725874696156,-79.0
23127.725937192987,-87.0
23127.725999689817,-70.0
23127.72606218665,-70.0
23127.726124683482,-93.0
23127.726187180313,-118.0
23127.726249677144,-111.0
23127.726312173974,-123.0
23127.72637467081,-126.0
23127.72643716764,-137.0
23127.72649966447,-153.0
23127.7265621613,-75.0
23127.726624658135,-62.0
23127.726687154965,-63.0
23127.726749651796,-50.0
23127.726812148627,-74.0
23127.726874645457,-55.0
23127.72693714229,-57.0
23127.726999639122,-64.0
23127.727062135953,-54.0
23127.727124632784,-75.0
23127.727187129614,-66.0
23127.72724962645,-59.0
23127.72731212328,-56.0
23127.72737462011,-46.0
23127.72743711694,-43.0
23127.72749961377,-57.0
23127.727562110606,-46.0
23127.727624607436,-59.0
23127.727687104267,-105.0
23127.727749601097,-102.0
23127.72781209793,-82.0
23127.727874594762,-80.0
23127.727937091593,-81.0
23127.727999588424,-82.0
23127.728062085254,-97.0
23127.72812458209,-70.0
23127.72818707892,-65.0
23127.72824957575,-68.0
23127.72831207258,-48.0
23127.72837456941,-39.0
23127.728437066246,-62.0
23127.728499563076,-98.0
23127.728562059907,-48.0
23127.728624556737,-41.0
23127.728687053568,-52.0
23127.728749550402,-48.0
23127.728812047233,-47.0
23127.728874544064,-38.0
23127.728937040894,-52.0
23127.72899953773,-62.0
23127.72906203456,-65.0
23127.72912453139,-46.0
23127.72918702822,-33.0
23127.72924952505,-50.0
23127.729312021886,-39.0
23127.729374518716,-36.0
23127.729437015547,-49.0
23127.729499512378,-39.0
23127.729562009208,-5.0
23127.729624506042,-20.0
23127.729687002873,-37.0
23127.729749499704,-23.0
23127.729811996534,-55.0
23127.729874493365,-37.0
23127.7299369902,-45.0
23127.72999948703,5.0
23127.73006198386,-57.0
23127.73012448069,-343.0
23127.730186977526,-367.0
23127.730249474356,-307.0
23127.730311971187,-296.0
23127.730374468018,-276.0
23127.73043696485,-258.0
23127.730499461682,-244.0
23127.730561958513,-217.0
23127.730624455344,-195.0
23127.730686952174,-234.0
23127.730749449005,-235.0
23127.73081194584,-219.0
23127.73087444267,-240.0
23127.7309369395,-241.0
23127.73099943633,-209.0
23127.731061933162,-168.0
23127.731124429996,-173.0
23127.731186926827,-175.0
23127.731249423658,-190.0
23127.73131192049,-197.0
23127.731374417323,-157.0
23127.731436914153,-146.0
23127.731499410984,-138.0
23127.731561907814,-93.0
23127.731624404645,-100.0
23127.73168690148,-140.0
23127.73174939831,-154.0
23127.73181189514,-162.0
23127.73187439197,-126.0
23127.731936888802,-61.0
23127.731999385636,-50.0
23127.732061882467,-45.0
23127.732124379298,-50.0
23127.73218687613,-85.0
23127.73224937296,-97.0
23127.732311869793,-105.0
23127.732374366624,-121.0
23127.732436863454,-182.0
23127.732499360285,-238.0
23127.73256185712,-148.0
23127.73262435395,-114.0
23127.73268685078,-140.0
23127.73274934761,-112.0
23127.732811844442,-145.0
23127.732874341276,-147.0
23127.732936838107,-109.0
23127.732999334938,-79.0
23127.73306183177,-79.0
23127.7331243286,-103.0
23127.733186825433,-75.0
23127.733249322264,-55.0
23127.733311819095,-19.0
23127.733374315925,25.0
23127.733436812756,1.0
23127.73349930959,-20.0
23127.73356180642,61.0
23127.73362430325,108.0
23127.733686800082,99.0
23127.733749296916,89.0
23127.733811793747,66.0
23127.733874290578,47.0
23127.73393678741,54.0
23127.73399928424,113.0
23127.734061781073,133.0
23127.734124277904,95.0
23127.734186774735,91.0
23127.734249271565,113.0
23127.734311768396,102.0
23127.73437426523,130.0
23127.73443676206,108.0
23127.73449925889,44.0
23127.734561755722,105.0
23127.734624252553,124.0
23127.734686749387,128.0
23127.734749246218,163.0
23127.73481174305,146.0
23127.73487423988,107.0
23127.734936736713,102.0
23127.734999233544,127.0
23127.735061730375,156.0
23127.735124227205,166.0
23127.735186724036,168.0
23127.73524922087,152.0
23127.7353117177,122.0
23127.73537421453,134.0
23127.735436711362,116.0
23127.735499208193,78.0
23127.735561705027,153.0
23127.735624201858,165.0
23127.73568669869,113.0
23127.73574919552,100.0
23127.73581169235,85.0
23127.735874189184,100.0
23127.735936686015,133.0
23127.735999182845,136.0
23127.736061679676,129.0
23127.73612417651,158.0
23127.73618667334,173.0
23127.73624917017,149.0
23127.736311667002,115.0
23127.736374163833,103.0
23127.736436660667,108.0
23127.736499157498,82.0
23127.73656165433,112.0
23127.73662415116,139.0
23127.73668664799,107.0
23127.736749144824,110.0
23127.736811641655,129.0
23127.736874138485,103.0
23127.736936635316,90.0
23127.736999132147,87.0
23127.73706162898,90.0
23127.73712412581,96.0
23127.737186622642,74.0
23127.737249119473,65.0
23127.737311616307,75.0
23127.737374113138,97.0
23127.73743660997,91.0
23127.7374991068,86.0
23127.73756160363,138.0
23127.737624100464,140.0
23127.737686597295,108.0
23127.737749094125,100.0
23127.737811590956,117.0
23127.737874087787,132.0
23127.73793658462,115.0
23127.73799908145,87.0
23127.738061578282,100.0
23127.738124075113,101.0
23127.738186571944,85.0
23127.738249068778,107.0
23127.73831156561,114.0
23127.73837406244,103.0
23127.73843655927,68.0
23127.738499056104,60.0
23127.738561552935,125.0
23127.738624049765,101.0
23127.738686546596,64.0
23127.738749043427,81.0
23127.73881154026,76.0
23127.73887403709,50.0
23127.738936533922,52.0
23127.738999030753,61.0
23127.739061527584,49.0
23127.739124024418,29.0
23127.73918652125,32.0
23127.73924901808,37.0
23127.73931151491,29.0
23127.73937401174,57.0
23127.739436508575,45.0
23127.739499005405,18.0
23127.739561502236,57.0
23127.739623999067,47.0
23127.7396864959,12.0
23127.73974899273,34.0
23127.739811489562,31.0
23127.739873986393,4.0
23127.739936483224,48.0
23127.739998980058,-2.0
23127.74006147689,80.0
23127.74012397372,312.0
23127.74018647055,281.0
23127.74024896738,255.0
23127.740311464215,254.0
23127.740373961045,216.0
23127.740436457876,201.0
23127.740498954707,159.0
23127.740561451537,238.0
23127.74062394837,207.0
23127.740686445202,162.0
23127.740748942033,184.0
23127.740811438864,133.0
23127.740873935698,171.0
23127.74093643253,203.0
23127.74099892936,216.0
23127.74106142619,205.0
23127.74112392302,158.0
23127.741186419855,165.0
23127.741248916685,183.0
23127.741311413516,151.0
23127.741373910347,132.0
23127.741436407177,132.0
23127.74149890401,104.0
23127.741561400842,128.0
23127.741623897673,124.0
23127.741686394504,94.0
23127.741748891334,109.0
23127.74181138817,121.0
23127.741873885,113.0
23127.74193638183,89.0
23127.74199887866,63.0
23127.742061375495,49.0
23127.742123872325,27.0
23127.742186369156,16.0
23127.742248865987,32.0
23127.742311362817,63.0
23127.74237385965,118.0
23127.742436356482,124.0
23127.742498853313,114.0
23127.742561350144,180.0
23127.742623846974,174.0
23127.74268634381,124.0
23127.74274884064,111.0
23127.74281133747,114.0
23127.7428738343,119.0
23127.74293633113,95.0
23127.742998827965,64.0
23127.743061324796,57.0
23127.743123821627,85.0
23127.743186318457,83.0
23127.74324881529,53.0
23127.743311312122,25.0
23127.743373808953,-11.0
23127.743436305784,-22.0
23127.743498802614,-36.0
23127.74356129945,-37.0
23127.74362379628,-30.0
23127.74368629311,-41.0
23127.74374878994,-52.0
23127.74381128677,-99.0
23127.743873783606,-88.0
23127.743936280436,-53.0
23127.743998777267,-59.0
23127.744061274097,-38.0
23127.744123770928,-50.0
23127.744186267762,-76.0
23127.744248764593,-52.0
23127.744311261424,-42.0
23127.744373758254,-40.0
23127.74443625509,-59.0
23127.74449875192,-94.0
23127.74456124875,-96.0
23127.74462374558,-77.0
23127.74468624241,-93.0
23127.744748739246,-105.0
23127.744811236076,-99.0
23127.744873732907,-126.0
23127.744936229738,-139.0
23127.744998726568,-145.0
23127.745061223402,-146.0
23127.745123720233,-161.0
23127.745186217064,-204.0
23127.745248713894,-126.0
23127.745311210725,-84.0
23127.74537370756,-139.0
23127.74543620439,-147.0
23127.74549870122,-149.0
23127.74556119805,-123.0
23127.745623694886,-112.0
23127.745686191716,-114.0
23127.745748688547,-105.0
23127.745811185378,-100.0
23127.74587368221,-117.0
23127.745936179042,-106.0
23127.745998675873,-87.0
23127.746061172704,-121.0
23127.746123669534,-143.0
23127.746186166365,-98.0
23127.7462486632,-116.0
23127.74631116003,-122.0
23127.74637365686,-65.0
23127.74643615369,-58.0
23127.746498650522,-100.0
23127.746561147356,-95.0
23127.746623644187,-73.0
23127.746686141018,-84.0
23127.74674863785,-85.0
23127.746811134683,-64.0
23127.746873631513,-53.0
23127.746936128344,-81.0
23127.746998625174,-84.0
23127.747061122005,-67.0
23127.74712361884,-62.0
23127.74718611567,-73.0
23127.7472486125,-66.0
23127.74731110933,-56.0
23127.747373606162,-70.0
23127.747436102996,-80.0
23127.747498599827,-92.0
23127.747561096658,-49.0
23127.74762359349,-50.0
23127.74768609032,-69.0
23127.747748587153,-44.0
23127.747811083984,-45.0
23127.747873580814,-65.0
23127.747936077645,-60.0
23127.74799857448,-49.0
23127.74806107131,-48.0
23127.74812356814,-70.0
23127.74818606497,-73.0
23127.748248561802,-45.0
23127.748311058636,-65.0
23127.748373555467,-47.0
23127.748436052298,-52.0
23127.74849854913,-74.0
23127.74856104596,-50.0
23127.748623542793,-53.0
23127.748686039624,-45.0
23127.748748536455,-42.0
23127.748811033285,-46.0
23127.748873530116,-62.0
23127.74893602695,-65.0
23127.74899852378,-26.0
23127.74906102061,-16.0
23127.749123517442,-43.0
23127.749186014276,-61.0
23127.749248511107,-43.0
23127.749311007938,-50.0
23127.74937350477,-35.0
23127.7494360016,-20.0
23127.749498498433,-44.0
23127.749560995264,-15.0
23127.749623492095,3.0
23127.749685988925,-18.0
23127.749748485756,-20.0
23127.74981098259,-2.0
23127.74987347942,-13.0
23127.74993597625,-34.0
23127.749998473082,14.0
23127.750060969913,-96.0
23127.750123466747,-352.0
23127.750185963578,-363.0
23127.75024846041,-327.0
23127.75031095724,-302.0
23127.750373454073,-239.0
23127.750435950904,-249.0
23127.750498447735,-245.0
23127.750560944565,-181.0
23127.750623441396,-179.0
23127.75068593823,-211.0
23127.75074843506,-214.0
23127.75081093189,-203.0
23127.750873428722,-222.0
23127.750935925553,-208.0
23127.750998422387,-207.0
23127.751060919218,-232.0
23127.75112341605,-203.0
23127.75118591288,-207.0
23127.75124840971,-207.0
23127.751310906544,-148.0
23127.751373403375,-112.0
23127.751435900205,-132.0
23127.751498397036,-167.0
23127.75156089387,-131.0
23127.7516233907,-146.0
23127.75168588753,-179.0
23127.751748384362,-159.0
23127.751810881193,-168.0
23127.751873378027,-142.0
23127.751935874858,-85.0
23127.75199837169,-41.0
23127.75206086852,-21.0
23127.75212336535,-26.0
23127.752185862184,-53.0
23127.752248359015,-101.0
23127.752310855845,-136.0
23127.752373352676,-161.0
23127.752435849507,-162.0
23127.75249834634,-159.0
23127.75256084317,-130.0
23127.752623340002,-161.0
23127.752685836833,-207.0
23127.752748333667,-165.0
23127.752810830498,-142.0
23127.75287332733,-128.0
23127.75293582416,-121.0
23127.75299832099,-130.0
23127.753060817824,-111.0
23127.753123314655,-134.0
23127.753185811485,-129.0
23127.753248308316,-68.0
23127.753310805147,-40.0
23127.75337330198,-6.0
23127.75343579881,35.0
23127.753498295642,-2.0
23127.753560792473,29.0
23127.753623289304,71.0
23127.753685786138,87.0
23127.75374828297,124.0
23127.7538107798,126.0
23127.75387327663,127.0
23127.753935773464,105.0
23127.753998270295,93.0
23127.754060767125,106.0
23127.754123263956,121.0
23127.754185760787,109.0
23127.75424825762,79.0
23127.75431075445,72.0
23127.754373251282,82.0
23127.754435748113,103.0
23127.754498244944,94.0
23127.754560741778,107.0
23127.75462323861,90.0
23127.75468573544,92.0
23127.75474823227,134.0
23127.7548107291,145.0
23127.754873225935,139.0
23127.754935722765,122.0
23127.754998219596,120.0
23127.755060716427,131.0
23127.75512321326,160.0
23127.75518571009,130.0
23127.755248206922,115.0
23127.755310703753,130.0
23127.755373200584,149.0
23127.755435697418,143.0
23127.75549819425,110.0
23127.75556069108,122.0
23127.75562318791,81.0
23127.75568568474,70.0
23127.755748181575,106.0
23127.755810678405,112.0
23127.755873175236,113.0
23127.755935672067,80.0
23127.755998168897,70.0
23127.75606066573,106.0
23127.756123162562,151.0
23127.756185659393,175.0
23127.756248156224,130.0
23127.756310653058,68.0
23127.75637314989,69.0
23127.75643564672,70.0
23127.75649814355,69.0
23127.75656064038,112.0
23127.756623137215,98.0
23127.756685634045,76.0
23127.756748130876,67.0
23127.756810627707,43.0
23127.756873124537,49.0
23127.75693562137,49.0
23127.756998118202,52.0
23127.757060615033,68.0
23127.757123111864,52.0
23127.757185608694,62.0
23127.75724810553,76.0
23127.75731060236,70.0
23127.75737309919,65.0
23127.75743559602,67.0
23127.757498092855,38.0
23127.757560589685,87.0
23127.757623086516,104.0
23127.757685583347,56.0
23127.757748080177,55.0
23127.75781057701,46.0
23127.757873073842,20.0
23127.757935570673,41.0
23127.757998067504,78.0
23127.758060564334,74.0
23127.75812306117,60.0
23127.758185558,62.0
23127.75824805483,63.0
23127.75831055166,19.0
23127.75837304849,13.0
23127.758435545325,47.0
23127.758498042156,25.0
23127.758560538987,69.0
23127.758623035817,82.0
23127.75868553265,34.0
23127.758748029482,41.0
23127.758810526313,45.0
23127.758873023144,49.0
23127.758935519974,40.0
23127.75899801681,48.0
23127.75906051364,60.0
23127.75912301047,43.0
23127.7591855073,22.0
23127.75924800413,30.0
23127.759310500966,36.0
23127.759372997796,36.0
23127.759435494627,26.0
23127.759497991457,-5.0
23127.759560488288,71.0
23127.759622985122,63.0
23127.759685481953,5.0
23127.759747978784,17.0
23127.759810475614,-5.0
23127.75987297245,-23.0
23127.75993546928,6.0
23127.75999796611,-49.0
23127.76006046294,58.0
23127.76012295977,300.0
23127.760185456606,258.0
23127.760247953436,218.0
23127.760310450267,214.0
23127.760372947097,209.0
23127.760435443928,205.0
23127.760497940762,164.0
23127.760560437593,220.0
23127.760622934424,196.0
23127.760685431254,175.0
23127.760747928085,200.0
23127.76081042492,176.0
23127.76087292175,197.0
23127.76093541858,209.0
23127.76099791541,219.0
23127.761060412246,200.0
23127.761122909076,192.0
23127.761185405907,199.0
23127.761247902738,164.0
23127.761310399568,132.0
23127.761372896402,129.0
23127.761435393233,116.0
23127.761497890064,82.0
23127.761560386894,113.0
23127.761622883725,121.0
23127.76168538056,87.0
23127.76174787739,54.0
23127.76181037422,83.0
23127.76187287105,66.0
23127.761935367882,1.0
23127.761997864716,-1.0
23127.762060361547,-27.0
23127.762122858378,-43.0
23127.76218535521,-19.0
23127.762247852042,5.0
23127.762310348873,27.0
23127.762372845704,77.0
23127.762435342534,85.0
23127.762497839365,71.0
23127.7625603362,140.0
23127.76262283303,129.0
23127.76268532986,90.0
23127.76274782669,92.0
23127.762810323522,113.0
23127.762872820356,149.0
23127.762935317187,147.0
23127.762997814018,128.0
23127.76306031085,119.0
23127.76312280768,105.0
23127.763185304513,69.0
23127.763247801344,60.0
23127.763310298174,38.0
23127.763372795005,-9.0
23127.76343529184,-67.0
23127.76349778867,-67.0
23127.7635602855,-10.0
23127.76362278233,-27.0
23127.763685279162,-29.0
23127.763747775996,-28.0
23127.763810272827,-99.0
23127.763872769658,-94.0
23127.76393526649,-52.0
23127.76399776332,-120.0
23127.764060260153,-128.0
23127.764122756984,-79.0
23127.764185253815,-82.0
23127.764247750645,-53.0
23127.764310247476,-44.0
23127.76437274431,-47.0
23127.76443524114,-66.0
23127.76449773797,-111.0
23127.764560234802,-77.0
23127.764622731636,-68.0
23127.764685228467,-82.0
23127.764747725298,-92.0
23127.76481022213,-82.0
23127.76487271896,-108.0
23127.764935215793,-143.0
23127.764997712624,-111.0
23127.765060209455,-138.0
23127.765122706285,-129.0
23127.765185203116,-91.0
23127.76524769995,-122.0
23127.76531019678,-127.0
23127.76537269361,-105.0
23127.765435190442,-145.0
23127.765497687273,-172.0
23127.765560184107,-100.0
23127.765622680938,-95.0
23127.76568517777,-116.0
23127.7657476746,-108.0
23127.765810171433,-155.0
23127.765872668264,-138.0
23127.765935165095,-78.0
23127.765997661925,-52.0
23127.766060158756,-47.0
23127.76612265559,-82.0
23127.76618515242,-104.0
23127.76624764925,-114.0
23127.766310146082,-94.0
23127.766372642913,-25.0
23127.766435139747,-19.0
23127.766497636578,-62.0
23127.76656013341,-25.0
23127.76662263024,-15.0
23127.76668512707,-46.0
23127.766747623904,-19.0
23127.766810120735,-38.0
23127.766872617565,-43.0
23127.766935114396,-27.0
23127.76699761123,-31.0
23127.76706010806,-33.0
23127.76712260489,-28.0
23127.767185101722,-4.0
23127.767247598553,-19.0
23127.767310095387,-31.0
23127.767372592218,-12.0
23127.76743508905,-36.0
23127.76749758588,-57.0
23127.76756008271,9.0
23127.767622579544,10.0
23127.767685076375,-5.0
23127.767747573205,35.0
23127.767810070036,25.0
23127.767872566867,18.0
23127.7679350637,13.0
23127.76799756053,31.0
23127.768060057362,38.0
23127.768122554193,8.0
23127.768185051027,20.0
23127.768247547858,42.0
23127.76831004469,31.0
23127.76837254152,54.0
23127.76843503835,57.0
23127.768497535184,12.0
23127.768560032015,62.0
23127.768622528845,56.0
23127.768685025676,12.0
23127.768747522507,39.0
23127.76881001934,29.0
23127.76887251617,21.0
23127.768935013002,42.0
23127.768997509833,29.0
23127.769060006663,9.0
23127.769122503498,1.0
23127.76918500033,10.0
23127.76924749716,-1.0
23127.76930999399,2.0
23127.769372490824,18.0
23127.769434987655,-4.0
23127.769497484485,-22.0
23127.769559981316,36.0
23127.769622478147,30.0
23127.76968497498,-3.0
23127.76974747181,33.0
23127.769809968642,13.0
23127.769872465473,6.0
23127.769934962304,1.0
23127.769997459138,24.0
23127.77005995597,-88.0
23127.7701224528,-332.0
23127.77018494963,-321.0
23127.77024744646,-273.0
23127.770309943295,-266.0
23127.770372440125,-209.0
23127.770434936956,-216.0
23127.770497433787,-253.0
23127.77055993062,-174.0
23127.77062242745,-156.0
23127.770684924282,-224.0
23127.770747421113,-214.0
23127.770809917944,-184.0
23127.770872414778,-237.0
23127.77093491161,-231.0
23127.77099740844,-186.0
23127.77105990527,-199.0
23127.7711224021,-220.0
23127.771184898935,-207.0
23127.771247395765,-179.0
23127.771309892596,-188.0
23127.771372389427,-159.0
23127.771434886257,-139.0
23127.77149738309,-148.0
23127.771559879922,-104.0
23127.771622376753,-104.0
23127.771684873584,-83.0
23127.771747370418,-76.0
23127.77180986725,-106.0
23127.77187236408,-70.0
23127.77193486091,-34.0
23127.77199735774,-28.0
23127.772059854575,-14.0
23127.772122351405,-9.0
23127.772184848236,-10.0
23127.772247345067,-67.0
23127.772309841897,-126.0
23127.77237233873,-140.0
23127.772434835562,-172.0
23127.772497332393,-188.0
23127.772559829224,-126.0
23127.772622326054,-108.0
23127.77268482289,-113.0
23127.77274731972,-90.0
23127.77280981655,-106.0
23127.77287231338,-118.0
23127.772934810215,-107.0
23127.772997307045,-123.0
23127.773059803876,-147.0
23127.773122300707,-95.0
23127.773184797537,-42.0
23127.77324729437,-45.0
23127.773309791202,-16.0
23127.773372288033,39.0
23127.773434784864,40.0
23127.773497281694,19.0
23127.77355977853,47.0
23127.77362227536,48.0
23127.77368477219,40.0
23127.77374726902,78.0
23127.77380976585,112.0
23127.773872262685,105.0
23127.773934759516,113.0
23127.773997256347,120.0
23127.774059753177,112.0
23127.77412225001,103.0
23127.774184746842,83.0
23127.774247243673,59.0
23127.774309740504,83.0
23127.774372237334,120.0
23127.77443473417,97.0
23127.774497231,65.0
23127.77455972783,102.0
23127.77462222466,89.0
23127.77468472149,86.0
23127.774747218326,120.0
23127.774809715156,141.0
23127.774872211987,142.0
23127.774934708817,125.0
23127.774997205648,88.0
23127.775059702482,113.0
23127.775122199313,143.0
23127.775184696144,148.0
23127.775247192974,163.0
23127.77530968981,120.0
23127.77537218664,115.0
23127.77543468347,109.0
23127.7754971803,92.0
23127.77555967713,159.0
23127.775622173966,142.0
23127.775684670796,70.0
23127.775747167627,103.0
23127.775809664457,132.0
23127.775872161288,127.0
23127.775934658122,149.0
23127.775997154953,126.0
23127.776059651784,95.0
23127.776122148614,107.0
23127.776184645445,152.0
23127.77624714228,181.0
23127.77630963911,118.0
23127.77637213594,80.0
23127.77643463277,92.0
23127.776497129606,89.0
23127.776559626436,139.0
23127.776622123267,148.0
23127.776684620098,87.0
23127.776747116928,67.0
23127.776809613762,78.0
23127.776872110593,89.0
23127.776934607424,93.0
23127.776997104254,84.0
23127.777059601085,70.0
23127.77712209792,54.0
23127.77718459475,72.0
23127.77724709158,92.0
23127.77730958841,81.0
23127.777372085242,80.0
23127.777434582076,87.0
23127.777497078907,46.0
23127.777559575738,78.0
23127.77762207257,110.0
23127.777684569402,100.0
23127.777747066233,89.0
23127.777809563064,48.0
23127.777872059894,47.0
23127.777934556725,59.0
23127.77799705356,48.0
23127.77805955039,50.0
23127.77812204722,48.0
23127.77818454405,37.0
23127.778247040882,23.0
23127.778309537716,10.0
23127.778372034547,30.0
23127.778434531378,31.0
23127.77849702821,1.0
23127.77855952504,52.0
23127.778622021873,56.0
23127.778684518704,38.0
23127.778747015534,45.0
23127.778809512365,30.0
23127.7788720092,24.0
23127.77893450603,47.0
23127.77899700286,58.0
23127.77905949969,41.0
23127.779121996522,37.0
23127.779184493356,34.0
23127.779246990187,37.0
23127.779309487018,17.0
23127.77937198385,2.0
23127.77943448068,-2.0
23127.779496977513,-16.0
23127.779559474344,55.0
23127.779621971174,33.0
23127.779684468005,5.0
23127.779746964836,35.0
23127.77980946167,-1.0
23127.7798719585,-1.0
23127.77993445533,45.0
23127.779996952162,3.0
23127.780059448996,131.0
23127.780121945827,345.0
23127.780184442658,285.0
23127.78024693949,269.0
23127.78030943632,255.0
23127.780371933153,217.0
23127.780434429984,228.0
23127.780496926815,201.0
23127.780559423645,234.0
23127.780621920476,257.0
23127.78068441731,250.0
23127.78074691414,223.0
23127.78080941097,219.0
23127.780871907802,214.0
23127.780934404633,206.0
23127.780996901467,224.0
23127.781059398298,195.0
23127.78112189513,177.0
23127.78118439196,174.0
23127.781246888793,165.0
23127.781309385624,137.0
23127.781371882455,136.0
23127.781434379285,163.0
23127.781496876116,111.0
23127.78155937295,124.0
23127.78162186978,129.0
23127.78168436661,112.0
23127.781746863442,114.0
23127.781809360273,105.0
23127.781871857107,120.0
23127.781934353938,61.0
23127.78199685077,24.0
23127.7820593476,27.0
23127.78212184443,19.0
23127.782184341264,36.0
23127.782246838095,66.0
23127.782309334925,84.0
23127.782371831756,128.0
23127.78243432859,145.0
23127.78249682542,115.0
23127.78255932225,151.0
23127.782621819082,131.0
23127.782684315913,100.0
23127.782746812747,119.0
23127.782809309578,120.0
23127.78287180641,114.0
23127.78293430324,146.0
23127.78299680007,148.0
23127.783059296904,126.0
23127.783121793735,116.0
23127.783184290565,94.0
23127.783246787396,75.0
23127.783309284227,53.0
23127.78337178106,45.0
23127.78343427789,23.0
23127.783496774722,-20.0
23127.783559271553,8.0
23127.783621768387,-4.0
23127.783684265218,-50.0
23127.78374676205,-48.0
23127.78380925888,-67.0
23127.78387175571,-101.0
23127.783934252544,-112.0
23127.783996749375,-112.0
23127.784059246205,-131.0
23127.784121743036,-106.0
23127.784184239867,-88.0
23127.7842467367,-102.0
23127.78430923353,-70.0
23127.784371730362,-64.0
23127.784434227193,-70.0
23127.784496724023,-68.0
23127.784559220858,-32.0
23127.78462171769,-19.0
23127.78468421452,-50.0
23127.78474671135,-22.0
23127.784809208184,-41.0
23127.784871705015,-98.0
23127.784934201845,-100.0
23127.784996698676,-104.0
23127.785059195507,-87.0
23127.78512169234,-110.0
23127.78518418917,-99.0
23127.785246686002,-58.0
23127.785309182833,-87.0
23127.785371679664,-45.0
23127.785434176498,-62.0
23127.78549667333,-103.0
23127.78555917016,-46.0
23127.78562166699,-77.0
23127.78568416382,-95.0
23127.785746660655,-65.0
23127.785809157485,-77.0
23127.785871654316,-79.0
23127.785934151147,-58.0
23127.78599664798,-40.0
23127.78605914481,-48.0
23127.786121641642,-77.0
23127.786184138473,-111.0
23127.786246635304,-103.0
23127.786309132138,-81.0
23127.78637162897,-45.0
23127.7864341258,-28.0
23127.78649662263,-94.0
23127.78655911946,-67.0
23127.786621616295,-35.0
23127.786684113125,-55.0
23127.786746609956,-39.0
23127.786809106787,-43.0
23127.786871603617,-60.0
23127.78693410045,-57.0
23127.786996597282,-48.0
23127.787059094113,-43.0
23127.787121590944,-52.0
23127.787184087778,-75.0
23127.78724658461,-58.0
23127.78730908144,-52.0
23127.78737157827,-55.0
23127.7874340751,-36.0
23127.787496571935,-61.0
23127.787559068765,-40.0
23127.787621565596,-36.0
23127.787684062427,-49.0
23127.787746559257,-34.0
23127.78780905609,-39.0
23127.787871552922,-39.0
23127.787934049753,-29.0
23127.787996546584,-45.0
23127.788059043414,-64.0
23127.78812154025,-59.0
23127.78818403708,-47.0
23127.78824653391,-56.0
23127.78830903074,-56.0
23127.788371527575,-51.0
23127.788434024405,-38.0
23127.788496521236,-28.0
23127.788559018067,-13.0
23127.788621514897,2.0
23127.78868401173,-22.0
23127.788746508562,-41.0
23127.788809005393,-40.0
23127.788871502224,-54.0
23127.788933999054,-46.0
23127.78899649589,-21.0
23127.78905899272,-48.0
23127.78912148955,-79.0
23127.78918398638,-99.0
23127.78924648321,-71.0
23127.789308980045,-49.0
23127.789371476876,-55.0
23127.789433973707,-66.0
23127.789496470537,-85.0
23127.78955896737,-42.0
23127.789621464202,-31.0
23127.789683961033,-39.0
23127.789746457864,-33.0
23127.789808954694,-36.0
23127.78987145153,-6.0
23127.78993394836,-25.0
23127.78999644519,-11.0
23127.79005894202,-104.0
23127.79012143885,-335.0
23127.790183935685,-322.0
23127.790246432516,-287.0
23127.790308929347,-296.0
23127.790371426177,-247.0
23127.790433923008,-235.0
23127.790496419842,-245.0
23127.790558916673,-201.0
23127.790621413504,-205.0
23127.790683910334,-245.0
23127.79074640717,-238.0
23127.790808904,-221.0
23127.79087140083,-240.0
23127.79093389766,-233.0
23127.79099639449,-252.0
23127.791058891326,-269.0
23127.791121388156,-238.0
23127.791183884987,-238.0
23127.791246381817,-244.0
23127.791308878648,-231.0
23127.791371375482,-182.0
23127.791433872313,-183.0
23127.791496369144,-197.0
23127.791558865974,-148.0
23127.791621362805,-122.0
23127.79168385964,-143.0
23127.79174635647,-139.0
23127.7918088533,-144.0
23127.79187135013,-138.0
23127.791933846966,-87.0
23127.791996343796,-58.0
23127.792058840627,-36.0
23127.792121337458,-13.0
23127.792183834288,-18.0
23127.792246331122,-51.0
23127.792308827953,-97.0
23127.792371324784,-119.0
23127.792433821614,-127.0
23127.792496318445,-168.0
23127.79255881528,-113.0
23127.79262131211,-85.0
23127.79268380894,-120.0
23127.79274630577,-104.0
23127.792808802602,-115.0
23127.792871299436,-113.0
23127.792933796267,-87.0
23127.792996293098,-76.0
23127.79305878993,-76.0
23127.793121286762,-71.0
23127.793183783593,-39.0
23127.793246280424,-2.0
23127.793308777254,-2.0
23127.793371274085,4.0
23127.79343377092,32.0
23127.79349626775,12.0
23127.79355876458,47.0
23127.79362126141,88.0
23127.793683758242,65.0
23127.793746255076,81.0
23127.793808751907,102.0
23127.793871248738,103.0
23127.79393374557,110.0
23127.7939962424,120.0
23127.794058739233,146.0
23127.794121236064,150.0
23127.794183732894,146.0
23127.794246229725,130.0
23127.79430872656,71.0
23127.79437122339,109.0
23127.79443372022,111.0
23127.79449621705,65.0
23127.794558713882,115.0
23127.794621210716,143.0
23127.794683707547,151.0
23127.794746204378,161.0
23127.79480870121,168.0
23127.79487119804,148.0
23127.794933694873,131.0
23127.794996191704,141.0
23127.795058688534,132.0
23127.795121185365,126.0
23127.795183682196,163.0
23127.79524617903,212.0
23127.79530867586,213.0
23127.79537117269,174.0
23127.795433669522,141.0
23127.795496166356,101.0
23127.795558663187,147.0
23127.795621160018,192.0
23127.79568365685,187.0
23127.79574615368,218.0
23127.795808650513,183.0
23127.795871147344,135.0
23127.795933644175,125.0
23127.795996141005,117.0
23127.796058637836,129.0
23127.79612113467,175.0
23127.7961836315,202.0
23127.79624612833,165.0
23127.796308625162,139.0
23127.796371121993,123.0
23127.796433618827,108.0
23127.796496115658,91.0
23127.79655861249,128.0
23127.79662110932,148.0
23127.796683606153,102.0
23127.796746102984,74.0
23127.796808599815,71.0
23127.796871096645,82.0
23127.796933593476,87.0
23127.79699609031,86.0
23127.79705858714,75.0
23127.79712108397,80.0
23127.797183580802,83.0
23127.797246077633,67.0
23127.797308574467,60.0
23127.797371071298,71.0
23127.79743356813,93.0
23127.79749606496,62.0
23127.79755856179,94.0
23127.797621058624,78.0
23127.797683555455,53.0
23127.797746052285,86.0
23127.797808549116,78.0
23127.79787104595,84.0
23127.79793354278,76.0
23127.79799603961,80.0
23127.798058536442,62.0
23127.798121033273,48.0
23127.798183530107,48.0
23127.798246026938,48.0
23127.79830852377,42.0
23127.7983710206,62.0
23127.79843351743,44.0
23127.798496014264,-11.0
23127.798558511095,39.0
23127.798621007925,37.0
23127.798683504756,42.0
23127.798746001587,80.0
23127.79880849842,60.0
23127.79887099525,39.0
23127.798933492082,29.0
23127.798995988913,34.0
23127.799058485747,37.0
23127.799120982578,35.0
23127.79918347941,46.0
23127.79924597624,43.0
23127.79930847307,13.0
23127.799370969904,6.0
23127.799433466735,10.0
23127.799495963565,-20.0
23127.799558460396,14.0
23127.799620957227,46.0
23127.79968345406,8.0
23127.79974595089,4.0
23127.799808447722,5.0
23127.799870944553,-5.0
23127.799933441383,21.0
23127.799995938218,-40.0
23127.80005843505,106.0
23127.80012093188,342.0
23127.80018342871,301.0
23127.800245925544,265.0
23127.800308422375,231.0
23127.800370919205,179.0
23127.800433416036,162.0
23127.800495912867,166.0
23127.8005584097,215.0
23127.80062090653,206.0
23127.800683403362,204.0
23127.800745900193,210.0
23127.800808397024,170.0
23127.800870893858,155.0
23127.80093339069,138.0
23127.80099588752,178.0
23127.80105838435,170.0
23127.80112088118,165.0
23127.801183378015,198.0
23127.801245874845,223.0
23127.801308371676,193.0
23127.801370868507,157.0
23127.80143336534,178.0
23127.80149586217,115.0
23127.801558359002,133.0
23127.801620855833,125.0
23127.801683352664,88.0
23127.801745849498,141.0
23127.80180834633,124.0
23127.80187084316,114.0
23127.80193333999,97.0
23127.80199583682,77.0
23127.802058333655,35.0
23127.802120830485,3.0
23127.802183327316,17.0
23127.802245824147,37.0
23127.802308320977,92.0
23127.80237081781,133.0
23127.802433314642,135.0
23127.802495811473,133.0
23127.802558308304,183.0
23127.802620805138,198.0
23127.80268330197,159.0
23127.8027457988,154.0
23127.80280829563,170.0
23127.80287079246,147.0
23127.802933289295,136.0
23127.802995786125,167.0
23127.803058282956,162.0
23127.803120779787,108.0
23127.803183276617,80.0
23127.80324577345,84.0
23127.803308270282,47.0
23127.803370767113,15.0
23127.803433263944,-12.0
23127.803495760774,-61.0
23127.80355825761,-32.0
23127.80362075444,-34.0
23127.80368325127,-81.0
23127.8037457481,-67.0
23127.803808244935,-71.0
23127.803870741765,-83.0
23127.803933238596,-81.0
23127.803995735427,-111.0
23127.804058232257,-114.0
23127.80412072909,-90.0
23127.804183225922,-101.0
23127.804245722753,-80.0
23127.804308219584,-87.0
23127.804370716414,-81.0
23127.80443321325,-85.0
23127.80449571008,-121.0
23127.80455820691,-92.0
23127.80462070374,-113.0
23127.80468320057,-133.0
23127.804745697405,-120.0
23127.804808194236,-160.0
23127.804870691067,-155.0
23127.804933187897,-144.0
23127.80499568473,-165.0
23127.805058181562,-143.0
23127.805120678393,-132.0
23127.805183175224,-132.0
23127.805245672054,-124.0
23127.80530816889,-149.0
23127.80537066572,-149.0
23127.80543316255,-116.0
23127.80549565938,-121.0
23127.80555815621,-100.0
23127.805620653045,-95.0
23127.805683149876,-117.0
23127.805745646707,-114.0
23127.805808143537,-110.0
23127.805870640368,-80.0
23127.805933137202,-121.0
23127.805995634033,-125.0
23127.806058130864,-102.0
23127.806120627694,-140.0
23127.80618312453,-139.0
23127.80624562136,-138.0
23127.80630811819,-127.0
23127.80637061502,-103.0
23127.80643311185,-119.0
23127.806495608686,-127.0
23127.806558105516,-85.0
23127.806620602347,-105.0
23127.806683099177,-142.0
23127.806745596008,-107.0
23127.806808092842,-94.0
23127.806870589673,-120.0
23127.806933086504,-97.0
23127.806995583334,-86.0
23127.807058080165,-120.0
23127.807120577,-108.0
23127.80718307383,-108.0
23127.80724557066,-116.0
23127.80730806749,-90.0
23127.807370564326,-88.0
23127.807433061156,-98.0
23127.807495557987,-90.0
23127.807558054817,-45.0
23127.807620551648,-51.0
23127.807683048482,-102.0
23127.807745545313,-75.0
23127.807808042144,-61.0
23127.807870538974,-78.0
23127.807933035805,-83.0
23127.80799553264,-62.0
23127.80805802947,-36.0
23127.8081205263,-37.0
23127.80818302313,-49.0
23127.808245519962,-50.0
23127.808308016796,-59.0
23127.808370513627,-37.0
23127.808433010458,-18.0
23127.808495507288,-63.0
23127.808558004122,-30.0
23127.808620500953,4.0
23127.808682997784,-29.0
23127.808745494614,-38.0
23127.808807991445,-23.0
23127.80887048828,-25.0
23127.80893298511,-27.0
23127.80899548194,1.0
23127.80905797877,-3.0
23127.809120475602,0.0
23127.809182972436,9.0
23127.809245469267,5.0
23127.809307966098,-5.0
23127.80937046293,0.0
23127.80943295976,15.0
23127.809495456593,-32.0
23127.809557953424,0.0
23127.809620450254,19.0
23127.809682947085,-1.0
23127.80974544392,20.0
23127.80980794075,24.0
23127.80987043758,37.0
23127.80993293441,2.0
23127.809995431242,45.0
23127.810057928076,-96.0
23127.810120424907,-350.0
23127.810182921738,-290.0
23127.81024541857,-252.0
23127.8103079154,-263.0
23127.810370412233,-193.0
23127.810432909064,-221.0
23127.810495405894,-246.0
23127.810557902725,-149.0
23127.810620399556,-181.0
23127.81068289639,-240.0
23127.81074539322,-193.0
23127.81080789005,-185.0
23127.810870386882,-207.0
23127.810932883716,-166.0
23127.810995380547,-156.0
23127.811057877378,-145.0
23127.81112037421,-132.0
23127.81118287104,-132.0
23127.811245367873,-121.0
23127.811307864704,-144.0
23127.811370361535,-126.0
23127.811432858365,-129.0
23127.811495355196,-132.0
23127.81155785203,-77.0
23127.81162034886,-116.0
23127.81168284569,-141.0
23127.811745342522,-128.0
23127.811807839353,-119.0
23127.811870336187,-105.0
23127.811932833018,-46.0
23127.81199532985,22.0
23127.81205782668,45.0
23127.812120323513,51.0
23127.812182820344,40.0
23127.812245317175,11.0
23127.812307814005,-37.0
23127.812370310836,-87.0
23127.81243280767,-105.0
23127.8124953045,-125.0
23127.81255780133,-89.0
23127.812620298162,-58.0
23127.812682794993,-108.0
23127.812745291827,-103.0
23127.812807788658,-100.0
23127.81287028549,-113.0
23127.81293278232,-105.0
23127.81299527915,-97.0
23127.813057775984,-82.0
23127.813120272815,-90.0
23127.813182769645,-78.0
23127.813245266476,-36.0
23127.81330776331,-30.0
23127.81337026014,-25.0
23127.81343275697,-4.0
23127.813495253802,-26.0
23127.813557750633,28.0
23127.813620247467,58.0
23127.813682744298,35.0
23127.81374524113,54.0
23127.81380773796,72.0
23127.81387023479,78.0
23127.813932731624,83.0
23127.813995228455,76.0
23127.814057725285,78.0
23127.814120222116,83.0
23127.814182718947,48.0
23127.81424521578,49.0
23127.81430771261,77.0
23127.814370209442,69.0
23127.814432706273,59.0
23127.814495203107,40.0
23127.814557699938,90.0
23127.81462019677,78.0
23127.8146826936,53.0
23127.81474519043,62.0
23127.814807687264,52.0
23127.814870184095,76.0
23127.814932680925,81.0
23127.814995177756,85.0
23127.815057674587,96.0
23127.81512017142,101.0
23127.81518266825,123.0
23127.815245165082,131.0
23127.815307661913,133.0
23127.815370158743,115.0
23127.815432655578,101.0
23127.81549515241,90.0
23127.81555764924,94.0
23127.81562014607,82.0
23127.815682642904,74.0
23127.815745139735,93.0
23127.815807636565,38.0
23127.815870133396,35.0
23127.815932630227,83.0
23127.81599512706,95.0
23127.81605762389,101.0
23127.816120120722,121.0
23127.816182617553,133.0
23127.816245114383,122.0
23127.816307611218,71.0
23127.81637010805,38.0
23127.81643260488,65.0
23127.81649510171,51.0
23127.81655759854,96.0
23127.816620095375,116.0
23127.816682592205,86.0
23127.816745089036,89.0
23127.816807585867,94.0
23127.8168700827,83.0
23127.81693257953,63.0
23127.816995076362,55.0
23127.817057573193,63.0
23127.817120070024,71.0
23127.817182566858,58.0
23127.81724506369,70.0
23127.81730756052,36.0
23127.81737005735,11.0
23127.81743255418,30.0
23127.817495051015,-8.0
23127.817557547845,34.0
23127.817620044676,73.0
23127.817682541507,53.0
23127.817745038337,43.0
23127.81780753517,26.0
23127.817870032002,39.0
23127.817932528833,24.0
23127.817995025664,14.0
23127.818057522498,44.0
23127.81812001933,26.0
23127.81818251616,4.0
23127.81824501299,14.0
23127.81830750982,27.0
23127.818370006655,43.0
23127.818432503485,18.0
23127.818495000316,-1.0
23127.818557497147,58.0
23127.818619993977,52.0
23127.81868249081,23.0
23127.818744987642,33.0
23127.818807484473,32.0
23127.818869981304,36.0
23127.818932478134,44.0
23127.81899497497,44.0
23127.8190574718,34.0
23127.81911996863,19.0
23127.81918246546,26.0
23127.819244962295,34.0
23127.819307459125,26.0
23127.819369955956,38.0
23127.819432452787,26.0
23127.819494949617,-10.0
23127.81955744645,32.0
23127.819619943282,43.0
23127.819682440113,17.0
23127.819744936944,19.0
23127.819807433774,11.0
23127.81986993061,6.0
23127.81993242744,-3.0
23127.81999492427,-40.0
23127.8200574211,151.0
23127.82011991793,337.0
23127.820182414765,246.0
23127.820244911596,235.0
23127.820307408427,237.0
23127.820369905257,242.0
23127.82043240209,241.0
23127.820494898922,171.0
23127.820557395753,195.0
23127.820619892584,184.0
23127.820682389414,188.0
23127.82074488625,214.0
23127.82080738308,178.0
23127.82086987991,184.0
23127.82093237674,191.0
23127.82099487357,176.0
23127.821057370405,166.0
23127.821119867236,191.0
23127.821182364067,200.0
23127.821244860897,188.0
23127.821307357728,151.0
23127.821369854562,136.0
23127.821432351393,133.0
23127.821494848224,106.0
23127.821557345054,163.0
23127.82161984189,192.0
23127.82168233872,132.0
23127.82174483555,105.0
23127.82180733238,122.0
23127.82186982921,79.0
23127.821932326045,63.0
23127.821994822876,83.0
23127.822057319707,64.0
23127.822119816537,54.0
23127.822182313368,33.0
23127.822244810202,64.0
23127.822307307033,113.0
23127.822369803864,137.0
23127.822432300694,167.0
23127.822494797525,172.0
23127.82255729436,213.0
23127.82261979119,216.0
23127.82268228802,165.0
23127.82274478485,169.0
23127.822807281686,156.0
23127.822869778516,125.0
23127.822932275347,120.0
23127.822994772177,124.0
23127.823057269008,126.0
23127.823119765842,131.0
23127.823182262673,108.0
23127.823244759504,115.0
23127.823307256334,90.0
23127.823369753165,51.0
23127.82343225,23.0
23127.82349474683,-24.0
23127.82355724366,-10.0
23127.82361974049,-54.0
23127.823682237322,-73.0
23127.823744734156,-65.0
23127.823807230987,-86.0
23127.823869727818,-70.0
23127.823932224648,-53.0
23127.823994721482,-45.0
23127.824057218313,-34.0
23127.824119715144,1.0
23127.824182211974,3.0
23127.824244708805,-15.0
23127.82430720564,-22.0
23127.82436970247,-29.0
23127.8244321993,-47.0
23127.82449469613,-76.0
23127.824557192962,-52.0
23127.824619689796,-71.0
23127.824682186627,-119.0
23127.824744683458,-115.0
23127.82480718029,-123.0
23127.82486967712,-137.0
23127.824932173953,-133.0
23127.824994670784,-126.0
23127.825057167614,-135.0
23127.825119664445,-119.0
23127.82518216128,-112.0
23127.82524465811,-107.0
23127.82530715494,-118.0
23127.82536965177,-114.0
23127.825432148602,-85.0
23127.825494645436,-112.0
23127.825557142267,-63.0
23127.825619639098,-39.0
23127.82568213593,-61.0
23127.82574463276,-41.0
23127.825807129593,-60.0
23127.825869626424,-72.0
23127.825932123254,-76.0
23127.825994620085,-81.0
23127.826057116916,-71.0
23127.82611961375,-43.0
23127.82618211058,-57.0
23127.82624460741,-109.0
23127.826307104242,-101.0
23127.826369601076,-70.0
23127.826432097907,-70.0
23127.826494594738,-76.0
23127.82655709157,-14.0
23127.8266195884,-6.0
23127.826682085233,-19.0
23127.826744582064,12.0
23127.826807078894,5.0
23127.826869575725,-3.0
23127.826932072556,7.0
23127.82699456939,15.0
23127.82705706622,12.0
23127.82711956305,8.0
23127.827182059882,5.0
23127.827244556713,5.0
23127.827307053547,-7.0
23127.827369550378,0.0
23127.82743204721,6.0
23127.82749454404,-18.0
23127.827557040873,26.0
23127.827619537704,35.0
23127.827682034535,-18.0
23127.827744531365,-24.0
23127.827807028196,4.0
23127.82786952503,-15.0
23127.82793202186,-17.0
23127.82799451869,6.0
23127.828057015522,8.0
23127.828119512353,11.0
23127.828182009187,19.0
23127.828244506018,21.0
23127.82830700285,8.0
23127.82836949968,4.0
23127.82843199651,6.0
23127.828494493344,-15.0
23127.828556990175,36.0
23127.828619487005,35.0
23127.828681983836,-3.0
23127.82874448067,12.0
23127.8288069775,6.0
23127.82886947433,-1.0
23127.828931971162,-23.0
23127.828994467993,7.0
23127.829056964827,15.0
23127.829119461658,-1.0
23127.82918195849,-14.0
23127.82924445532,-16.0
23127.82930695215,0.0
23127.829369448984,-5.0
23127.829431945815,-28.0
23127.829494442645,-33.0
23127.829556939476,18.0
23127.829619436307,17.0
23127.82968193314,-12.0
23127.82974442997,-24.0
23127.829806926802,-21.0
23127.829869423633,12.0
23127.829931920467,9.0
23127.829994417298,33.0
23127.83005691413,-109.0
23127.83011941096,-326.0
23127.83018190779,-293.0
23127.830244404624,-262.0
23127.830306901455,-257.0
23127.830369398285,-252.0
23127.830431895116,-244.0
23127.830494391947,-227.0
23127.83055688878,-169.0
23127.83061938561,-166.0
23127.830681882442,-231.0
23127.830744379273,-207.0
23127.830806876103,-198.0
23127.830869372938,-214.0
23127.83093186977,-200.0
23127.8309943666,-192.0
23127.83105686343,-172.0
23127.831119360264,-183.0
23127.831181857095,-187.0
23127.831244353925,-196.0
23127.831306850756,-195.0
23127.831369347587,-141.0
23127.83143184442,-138.0
23127.83149434125,-158.0
23127.831556838082,-111.0
23127.831619334913,-112.0
23127.831681831743,-163.0
23127.831744328578,-160.0
23127.83180682541,-182.0
23127.83186932224,-161.0
23127.83193181907,-91.0
23127.8319943159,-54.0
23127.832056812735,-42.0
23127.832119309565,-39.0
23127.832181806396,-42.0
23127.832244303227,-84.0
23127.83230680006,-154.0
23127.83236929689,-188.0
23127.832431793722,-194.0
23127.832494290553,-219.0
23127.832556787384,-170.0
23127.832619284218,-155.0
23127.83268178105,-192.0
23127.83274427788,-170.0
23127.83280677471,-178.0
23127.83286927154,-177.0
23127.832931768375,-155.0
23127.832994265205,-160.0
23127.833056762036,-155.0
23127.833119258867,-130.0
23127.833181755697,-117.0
23127.83324425253,-124.0
23127.833306749362,-108.0
23127.833369246193,-72.0
23127.833431743024,-69.0
23127.833494239858,-76.0
23127.83355673669,-23.0
23127.83361923352,-27.0
23127.83368173035,-24.0
23127.83374422718,6.0
23127.833806724015,13.0
23127.833869220845,35.0
23127.833931717676,38.0
23127.833994214507,54.0
23127.834056711337,34.0
23127.83411920817,26.0
23127.834181705002,62.0
23127.834244201833,35.0
23127.834306698664,29.0
23127.834369195494,51.0
23127.83443169233,9.0
23127.83449418916,-11.0
23127.83455668599,53.0
23127.83461918282,63.0
23127.834681679655,37.0
23127.834744176485,61.0
23127.834806673316,72.0
23127.834869170147,80.0
23127.834931666977,108.0
23127.83499416381,100.0
23127.835056660642,74.0
23127.835119157473,84.0
23127.835181654304,78.0
23127.835244151134,63.0
23127.83530664797,76.0
23127.8353691448,94.0
23127.83543164163,69.0
23127.83549413846,25.0
23127.83555663529,74.0
23127.835619132125,63.0
23127.835681628956,27.0
23127.835744125787,54.0
23127.835806622617,53.0
23127.83586911945,17.0
23127.835931616282,8.0
23127.835994113113,29.0
23127.836056609944,17.0
23127.836119106774,31.0
23127.83618160361,53.0
23127.83624410044,52.0
23127.83630659727,30.0
23127.8363690941,32.0
23127.83643159093,19.0
23127.836494087765,-1.0
23127.836556584596,57.0
23127.836619081427,47.0
23127.836681578257,9.0
23127.836744075088,-4.0
23127.836806571922,-4.0
23127.836869068753,24.0
23127.836931565584,12.0
23127.836994062414,5.0
23127.83705655925,8.0
23127.83711905608,-2.0
23127.83718155291,-6.0
23127.83724404974,-17.0
23127.83730654657,-40.0
23127.837369043405,-34.0
23127.837431540236,-30.0
23127.837494037067,-40.0
23127.837556533897,2.0
23127.837619030728,18.0
23127.837681527562,-15.0
23127.837744024393,-27.0
23127.837806521224,-15.0
23127.837869018054,-13.0
23127.837931514885,-20.0
23127.83799401172,-7.0
23127.83805650855,-7.0
23127.83811900538,-4.0
23127.83818150221,-3.0
23127.838243999046,-6.0
23127.838306495876,-14.0
23127.838368992707,-23.0
23127.838431489537,-6.0
23127.838493986368,-32.0
23127.838556483202,-23.0
23127.838618980033,-23.0
23127.838681476864,-26.0
23127.838743973694,-15.0
23127.838806470525,-26.0
23127.83886896736,1.0
23127.83893146419,-1.0
23127.83899396102,-9.0
23127.83905645785,10.0
23127.839118954682,6.0
23127.839181451516,-1.0
23127.839243948347,8.0
23127.839306445177,8.0
23127.839368942008,7.0
23127.839431438842,14.0
23127.839493935673,-19.0
23127.839556432504,18.0
23127.839618929334,17.0
23127.839681426165,-24.0
23127.839743923,2.0
23127.83980641983,-8.0
23127.83986891666,-11.0
23127.83993141349,10.0
23127.839993910322,-14.0
23127.840056407156,145.0
23127.840118903987,329.0
23127.840181400818,292.0
23127.840243897648,271.0
23127.84030639448,226.0
23127.840368891313,183.0
23127.840431388144,202.0
23127.840493884974,182.0
23127.840556381805,223.0
23127.84061887864,209.0
23127.84068137547,167.0
23127.8407438723,182.0
23127.84080636913,199.0
23127.840868865962,231.0
23127.840931362796,190.0
23127.840993859627,165.0
23127.841056356458,182.0
23127.84111885329,206.0
23127.84118135012,226.0
23127.841243846953,195.0
23127.841306343784,135.0
23127.841368840614,126.0
23127.841431337445,171.0
23127.841493834276,155.0
23127.84155633111,166.0
23127.84161882794,132.0
23127.84168132477,89.0
23127.841743821602,130.0
23127.841806318436,148.0
23127.841868815267,157.0
23127.841931312098,111.0
23127.84199380893,54.0
23127.84205630576,14.0
23127.842118802593,32.0
23127.842181299424,90.0
23127.842243796254,122.0
23127.842306293085,162.0
23127.842368789916,181.0
23127.84243128675,168.0
23127.84249378358,168.0
23127.84255628041,214.0
23127.842618777242,223.0
23127.842681274073,172.0
23127.842743770907,123.0
23127.842806267738,111.0
23127.84286876457,136.0
23127.8429312614,169.0
23127.842993758233,180.0
23127.843056255064,169.0
23127.843118751895,149.0
23127.843181248725,111.0
23127.843243745556,72.0
23127.84330624239,43.0
23127.84336873922,52.0
23127.84343123605,31.0
23127.843493732882,-14.0
23127.843556229713,28.0
23127.843618726547,-9.0
23127.843681223378,-81.0
23127.84374372021,-74.0
23127.84380621704,-65.0
23127.84386871387,-80.0
23127.843931210704,-72.0
23127.843993707535,-27.0
23127.844056204365,-23.0
23127.844118701196,-47.0
23127.84418119803,-48.0
23127.84424369486,-63.0
23127.84430619169,-81.0
23127.844368688522,-39.0
23127.844431185353,-29.0
23127.844493682187,-90.0
23127.844556179018,-54.0
23127.84461867585,-27.0
23127.84468117268,-60.0
23127.84474366951,-67.0
23127.844806166344,-109.0
23127.844868663175,-126.0
23127.844931160005,-127.0
23127.844993656836,-135.0
23127.845056153667,-121.0
23127.8451186505,-132.0
23127.84518114733,-122.0
23127.845243644162,-92.0
23127.845306140993,-116.0
23127.845368637827,-136.0
23127.845431134658,-113.0
23127.84549363149,-137.0
23127.84555612832,-113.0
23127.84561862515,-100.0
23127.845681121984,-132.0
23127.845743618815,-134.0
23127.845806115645,-122.0
23127.845868612476,-139.0
23127.845931109307,-132.0
23127.84599360614,-97.0
23127.84605610297,-126.0
23127.846118599802,-128.0
23127.846181096633,-113.0
23127.846243593463,-113.0
23127.846306090298,-135.0
23127.84636858713,-160.0
23127.84643108396,-134.0
23127.84649358079,-129.0
23127.846556077624,-106.0
23127.846618574455,-105.0
23127.846681071285,-112.0
23127.846743568116,-106.0
23127.846806064947,-134.0
23127.84686856178,-124.0
23127.84693105861,-97.0
23127.846993555442,-101.0
23127.847056052273,-118.0
23127.847118549103,-108.0
23127.847181045938,-88.0
23127.84724354277,-50.0
23127.8473060396,-61.0
23127.84736853643,-90.0
23127.84743103326,-66.0
23127.847493530095,-58.0
23127.847556026925,-43.0
23127.847618523756,-34.0
23127.847681020587,-54.0
23127.84774351742,-53.0
23127.84780601425,-63.0
23127.847868511082,-46.0
23127.847931007913,-36.0
23127.847993504743,-60.0
23127.848056001578,-29.0
23127.84811849841,-36.0
23127.84818099524,-52.0
23127.84824349207,-54.0
23127.8483059889,-30.0
23127.848368485735,-36.0
23127.848430982565,-49.0
23127.848493479396,-48.0
23127.848555976227,-23.0
23127.848618473057,-13.0
23127.84868096989,-38.0
23127.848743466722,-32.0
23127.848805963553,-35.0
23127.848868460384,-42.0
23127.848930957218,-14.0
23127.84899345405,-21.0
23127.84905595088,-47.0
23127.84911844771,-31.0
23127.84918094454,-34.0
23127.849243441375,-38.0
23127.849305938205,-34.0
23127.849368435036,-21.0
23127.849430931867,-37.0
23127.849493428697,-86.0
23127.84955592553,-63.0
23127.849618422362,-43.0
23127.849680919193,-50.0
23127.849743416024,-41.0
23127.849805912854,-48.0
23127.84986840969,-25.0
23127.84993090652,-60.0
23127.84999340335,-43.0
23127.85005590018,-160.0
23127.850118397015,-374.0
23127.850180893845,-348.0
23127.850243390676,-328.0
23127.850305887507,-309.0
23127.850368384337,-274.0
23127.85043088117,-264.0
23127.850493378002,-249.0
23127.850555874833,-205.0
23127.850618371664,-200.0
23127.850680868494,-232.0
23127.85074336533,-235.0
23127.85080586216,-219.0
23127.85086835899,-212.0
23127.85093085582,-194.0
23127.85099335265,-197.0
23127.851055849485,-172.0
23127.851118346316,-167.0
23127.851180843147,-179.0
23127.851243339977,-169.0
23127.85130583681,-182.0
23127.851368333642,-146.0
23127.851430830473,-127.0
23127.851493327304,-145.0
23127.851555824134,-123.0
23127.85161832097,-126.0
23127.8516808178,-135.0
23127.85174331463,-99.0
23127.85180581146,-70.0
23127.85186830829,-62.0
23127.851930805125,-57.0
23127.851993301956,-16.0
23127.852055798787,29.0
23127.852118295617,24.0
23127.852180792448,24.0
23127.852243289282,4.0
23127.852305786113,-63.0
23127.852368282944,-73.0
23127.852430779774,-123.0
23127.85249327661,-160.0
23127.85255577344,-78.0
23127.85261827027,-48.0
23127.8526807671,-63.0
23127.85274326393,-70.0
23127.852805760765,-72.0
23127.852868257596,-111.0
23127.852930754427,-104.0
23127.852993251257,-68.0
23127.853055748088,-59.0
23127.853118244922,-42.0
23127.853180741753,-26.0
23127.853243238584,3.0
23127.853305735414,0.0
23127.853368232245,9.0
23127.85343072908,38.0
23127.85349322591,28.0
23127.85355572274,59.0
23127.85361821957,103.0
23127.853680716406,123.0
23127.853743213236,132.0
23127.853805710067,150.0
23127.853868206897,144.0
23127.853930703728,120.0
23127.853993200562,116.0
23127.854055697393,131.0
23127.854118194224,99.0
23127.854180691054,81.0
23127.854243187885,118.0
23127.85430568472,99.0
23127.85436818155,105.0
23127.85443067838,105.0
23127.85449317521,80.0
23127.854555672042,125.0
23127.854618168876,129.0
23127.854680665707,129.0
23127.854743162537,145.0
23127.854805659368,141.0
23127.854868156202,137.0
23127.854930653033,141.0
23127.854993149864,139.0
23127.855055646694,111.0
23127.855118143525,92.0
23127.85518064036,92.0
23127.85524313719,100.0
23127.85530563402,105.0
23127.85536813085,124.0
23127.855430627682,125.0
23127.855493124516,71.0
23127.855555621347,82.0
23127.855618118178,81.0
23127.855680615008,83.0
23127.85574311184,100.0
23127.855805608673,79.0
23127.855868105504,98.0
23127.855930602334,96.0
23127.855993099165,85.0
23127.856055596,84.0
23127.85611809283,75.0
23127.85618058966,101.0
23127.85624308649,125.0
23127.856305583322,84.0
23127.856368080156,84.0
23127.856430576987,81.0
23127.856493073818,26.0
23127.85655557065,83.0
23127.85661806748,101.0
23127.856680564313,54.0
23127.856743061144,41.0
23127.856805557974,5.0
23127.856868054805,14.0
23127.856930551636,48.0
23127.85699304847,7.0
23127.8570555453,6.0
23127.85711804213,25.0
23127.857180538962,13.0
23127.857243035796,25.0
23127.857305532627,11.0
23127.857368029458,14.0
23127.85743052629,26.0
23127.85749302312,-4.0
23127.857555519953,69.0
23127.857618016784,77.0
23127.857680513614,8.0
23127.857743010445,35.0
23127.857805507276,47.0
23127.85786800411,36.0
23127.85793050094,48.0
23127.85799299777,45.0
23127.858055494602,45.0
23127.858117991433,47.0
23127.858180488267,34.0
23127.858242985098,27.0
23127.85830548193,24.0
23127.85836797876,20.0
23127.858430475593,7.0
23127.858492972424,-16.0
23127.858555469254,20.0
23127.858617966085,19.0
23127.858680462916,-1.0
23127.85874295975,5.0
23127.85880545658,-7.0
23127.85886795341,24.0
23127.858930450242,34.0
23127.858992947073,15.0
23127.859055443907,35.0
23127.859117940738,28.0
23127.85918043757,5.0
23127.8592429344,5.0
23127.85930543123,13.0
23127.859367928064,32.0
23127.859430424895,43.0
23127.859492921725,21.0
23127.859555418556,56.0
23127.85961791539,66.0
23127.85968041222,13.0
23127.85974290905,18.0
23127.859805405882,44.0
23127.859867902713,39.0
23127.859930399547,42.0
23127.859992896378,-3.0
23127.86005539321,167.0
23127.86011789004,355.0
23127.86018038687,256.0
23127.860242883704,233.0
23127.860305380535,237.0
23127.860367877365,239.0
23127.860430374196,240.0
23127.860492871027,172.0
23127.86055536786,187.0
23127.86061786469,188.0
23127.860680361522,164.0
23127.860742858353,162.0
23127.860805355187,168.0
23127.860867852018,184.0
23127.86093034885,160.0
23127.86099284568,145.0
23127.86105534251,138.0
23127.861117839344,132.0
23127.861180336175,165.0
23127.861242833005,195.0
23127.861305329836,153.0
23127.861367826667,125.0
23127.8614303235,119.0
23127.86149282033,78.0
23127.861555317162,141.0
23127.861617813993,152.0
23127.861680310823,93.0
23127.861742807658,92.0
23127.86180530449,96.0
23127.86186780132,106.0
23127.86193029815,87.0
23127.861992794984,52.0
23127.862055291815,-4.0
23127.862117788645,-34.0
23127.862180285476,6.0
23127.862242782307,64.0
23127.86230527914,96.0
23127.86236777597,122.0
23127.862430272802,108.0
23127.862492769633,102.0
23127.862555266463,197.0
23127.862617763298,177.0
23127.86268026013,81.0
23127.86274275696,78.0
23127.86280525379,114.0
23127.86286775062,140.0
23127.862930247455,125.0
23127.862992744285,115.0
23127.863055241116,93.0
23127.863117737947,66.0
23127.86318023478,77.0
23127.86324273161,79.0
23127.863305228442,35.0
23127.863367725273,-8.0
23127.863430222103,-47.0
23127.863492718938,-76.0
23127.86355521577,-40.0
23127.8636177126,-18.0
23127.86368020943,-51.0
23127.86374270626,-99.0
23127.863805203095,-112.0
23127.863867699925,-108.0
23127.863930196756,-90.0
23127.863992693587,-57.0
23127.864055190417,-55.0
23127.86411768725,-83.0
23127.864180184082,-116.0
23127.864242680913,-85.0
23127.864305177744,-62.0
23127.864367674578,-72.0
23127.86443017141,-75.0
23127.86449266824,-102.0
23127.86455516507,-96.0
23127.8646176619,-109.0
23127.864680158735,-139.0
23127.864742655565,-127.0
23127.864805152396,-122.0
23127.864867649227,-119.0
23127.864930146057,-126.0
23127.86499264289,-155.0
23127.865055139722,-155.0
23127.865117636553,-139.0
23127.865180133384,-145.0
23127.865242630214,-129.0
23127.86530512705,-131.0
23127.86536762388,-128.0
23127.86543012071,-98.0
23127.86549261754,-132.0
23127.865555114375,-122.0
23127.865617611205,-130.0
23127.865680108036,-150.0
23127.865742604867,-152.0
23127.865805101697,-140.0
23127.86586759853,-89.0
23127.865930095362,-99.0
23127.865992592193,-94.0
23127.866055089024,-88.0
23127.866117585854,-119.0
23127.86618008269,-129.0
23127.86624257952,-134.0
23127.86630507635,-136.0
23127.86636757318,-121.0
23127.86643007001,-112.0
23127.866492566845,-150.0
23127.866555063676,-107.0
23127.866617560507,-84.0
23127.866680057337,-106.0
23127.86674255417,-103.0
23127.866805051002,-107.0
23127.866867547833,-111.0
23127.866930044664,-108.0
23127.866992541494,-87.0
23127.86705503833,-93.0
23127.86711753516,-76.0
23127.86718003199,-80.0
23127.86724252882,-61.0
23127.86730502565,-35.0
23127.867367522485,-68.0
23127.867430019316,-98.0
23127.867492516147,-115.0
23127.867555012977,-65.0
23127.867617509808,-56.0
23127.867680006642,-100.0
23127.867742503473,-86.0
23127.867805000304,-86.0
23127.867867497134,-81.0
23127.86792999397,-82.0
23127.8679924908,-101.0
23127.86805498763,-107.0
23127.86811748446,-101.0
23127.86817998129,-70.0
23127.868242478125,-52.0
23127.868304974956,-109.0
23127.868367471787,-81.0
23127.868429968617,-58.0
23127.868492465448,-102.0
23127.868554962282,-51.0
23127.868617459113,-39.0
23127.868679955944,-55.0
23127.868742452774,-62.0
23127.868804949605,-82.0
23127.86886744644,-61.0
23127.86892994327,-58.0
23127.8689924401,-66.0
23127.86905493693,-50.0
23127.869117433765,-49.0
23127.869179930596,-54.0
23127.869242427427,-61.0
23127.869304924257,-50.0
23127.869367421088,-34.0
23127.869429917922,-50.0
23127.869492414753,-79.0
23127.869554911584,-56.0
23127.869617408414,-42.0
23127.869679905245,-67.0
23127.86974240208,-73.0
23127.86980489891,-51.0
23127.86986739574,-24.0
23127.86992989257,-31.0
23127.869992389402,-31.0
23127.870054886236,-215.0
23127.870117383067,-368.0
23127.870179879897,-304.0
23127.870242376728,-320.0
23127.870304873562,-297.0
23127.870367370393,-261.0
23127.870429867224,-318.0
23127.870492364054,-323.0
23127.870554860885,-250.0
23127.87061735772,-268.0
23127.87067985455,-292.0
23127.87074235138,-234.0
23127.87080484821,-217.0
23127.870867345042,-233.0
23127.870929841876,-231.0
23127.870992338707,-247.0
23127.871054835538,-225.0
23127.871117332368,-194.0
23127.8711798292,-203.0
23127.871242326033,-215.0
23127.871304822864,-200.0
23127.871367319694,-167.0
23127.871429816525,-152.0
23127.87149231336,-173.0
23127.87155481019,-113.0
23127.87161730702,-81.0
23127.87167980385,-117.0
23127.871742300682,-123.0
23127.871804797516,-117.0
23127.871867294347,-88.0
23127.871929791178,-89.0
23127.87199228801,-59.0
23127.87205478484,-2.0
23127.872117281673,-23.0
23127.872179778504,-32.0
23127.872242275334,-48.0
23127.872304772165,-109.0
23127.872367268996,-155.0
23127.87242976583,-192.0
23127.87249226266,-199.0
23127.87255475949,-137.0
23127.872617256322,-110.0
23127.872679753156,-129.0
23127.872742249987,-130.0
23127.872804746818,-126.0
23127.87286724365,-152.0
23127.87292974048,-157.0
23127.872992237313,-93.0
23127.873054734144,-65.0
23127.873117230974,-74.0
23127.873179727805,-82.0
23127.873242224636,-62.0
23127.87330472147,-53.0
23127.8733672183,-20.0
23127.87342971513,21.0
23127.873492211962,20.0
23127.873554708793,47.0
23127.873617205627,59.0
23127.873679702458,67.0
23127.87374219929,70.0
23127.87380469612,82.0
23127.873867192953,96.0
23127.873929689784,102.0
23127.873992186614,77.0
23127.874054683445,47.0
23127.874117180276,74.0
23127.87417967711,63.0
23127.87424217394,101.0
23127.87430467077,107.0
23127.874367167602,69.0
23127.874429664433,69.0
23127.874492161267,4.0
23127.874554658098,41.0
23127.87461715493,79.0
23127.87467965176,54.0
23127.87474214859,79.0
23127.874804645424,100.0
23127.874867142255,121.0
23127.874929639085,130.0
23127.874992135916,113.0
23127.87505463275,94.0
23127.87511712958,93.0
23127.87517962641,102.0
23127.875242123242,113.0
23127.875304620073,112.0
23127.875367116907,133.0
23127.875429613738,127.0
23127.87549211057,105.0
23127.8755546074,153.0
23127.87561710423,138.0
23127.875679601064,106.0
23127.875742097895,117.0
23127.875804594725,94.0
23127.875867091556,63.0
23127.875929588386,75.0
23127.87599208522,105.0
23127.87605458205,87.0
23127.876117078882,96.0
23127.876179575713,119.0
23127.876242072547,100.0
23127.876304569378,97.0
23127.87636706621,110.0
23127.87642956304,85.0
23127.87649205987,59.0
23127.876554556704,93.0
23127.876617053535,94.0
23127.876679550365,82.0
23127.876742047196,88.0
23127.876804544027,82.0
23127.87686704086,88.0
23127.87692953769,73.0
23127.876992034522,61.0
23127.877054531353,68.0
23127.877117028183,77.0
23127.877179525018,82.0
23127.87724202185,74.0
23127.87730451868,75.0
23127.87736701551,86.0
23127.877429512344,79.0
23127.877492009175,48.0
23127.877554506005,90.0
23127.877617002836,90.0
23127.877679499667,52.0
23127.8777419965,67.0
23127.87780449333,80.0
23127.877866990162,81.0
23127.877929486993,78.0
23127.877991983823,62.0
23127.878054480658,61.0
23127.87811697749,97.0
23127.87817947432,88.0
23127.87824197115,62.0
23127.87830446798,79.0
23127.878366964815,86.0
23127.878429461645,80.0
23127.878491958476,67.0
23127.878554455307,104.0
23127.87861695214,105.0
23127.87867944897,57.0
23127.878741945802,74.0
23127.878804442633,93.0
23127.878866939463,80.0
23127.878929436298,62.0
23127.87899193313,46.0
23127.87905442996,25.0
23127.87911692679,38.0
23127.87917942362,71.0
23127.879241920455,73.0
23127.879304417285,32.0
23127.879366914116,27.0
23127.879429410947,45.0
23127.879491907777,30.0
23127.87955440461,79.0
23127.879616901442,80.0
23127.879679398273,45.0
23127.879741895104,50.0
23127.879804391938,33.0
23127.87986688877,49.0
23127.8799293856,66.0
23127.87999188243,37.0
23127.88005437926,249.0
23127.880116876095,401.0
23127.880179372925,319.0
23127.880241869756,289.0
23127.880304366587,216.0
23127.880366863417,207.0
23127.88042936025,210.0
23127.880491857082,172.0
23127.880554353913,269.0
23127.880616850744,281.0
23127.880679347574,234.0
23127.88074184441,239.0
23127.88080434124,224.0
23127.88086683807,211.0
23127.8809293349,213.0
23127.880991831735,205.0
23127.881054328565,170.0
23127.881116825396,186.0
23127.881179322227,208.0
23127.881241819057,240.0
23127.88130431589,222.0
23127.881366812722,177.0
23127.881429309553,129.0
23127.881491806384,91.0
23127.881554303214,139.0
23127.88161680005,121.0
23127.88167929688,100.0
23127.88174179371,120.0
23127.88180429054,123.0
23127.88186678737,133.0
23127.881929284205,80.0
23127.881991781036,15.0
23127.882054277867,14.0
23127.882116774697,60.0
23127.88217927153,84.0
23127.882241768362,101.0
23127.882304265193,140.0
23127.882366762024,159.0
23127.882429258854,141.0
23127.88249175569,111.0
23127.88255425252,160.0
23127.88261674935,185.0
23127.88267924618,143.0
23127.88274174301,130.0
23127.882804239845,104.0
23127.882866736676,105.0
23127.882929233507,138.0
23127.882991730337,158.0
23127.883054227168,147.0
23127.883116724002,108.0
23127.883179220833,64.0
23127.883241717664,62.0
23127.883304214494,96.0
23127.88336671133,82.0
23127.88342920816,32.0
23127.88349170499,-32.0
23127.88355420182,-31.0
23127.88361669865,-20.0
23127.883679195485,-5.0
23127.883741692316,34.0
23127.883804189147,-47.0
23127.883866685977,-130.0
23127.883929182808,-92.0
23127.883991679642,-38.0
23127.884054176473,-48.0
23127.884116673304,-52.0
23127.884179170134,-63.0
23127.884241666965,-94.0
23127.8843041638,-50.0
23127.88436666063,1.0
23127.88442915746,-57.0
23127.88449165429,-111.0
23127.884554151125,-54.0
23127.884616647956,-56.0
23127.884679144787,-61.0
23127.884741641617,-61.0
23127.884804138448,-127.0
23127.884866635282,-141.0
23127.884929132113,-124.0
23127.884991628944,-99.0
23127.885054125774,-74.0
23127.885116622605,-91.0
23127.88517911944,-122.0
23127.88524161627,-121.0
23127.8853041131,-90.0
23127.88536660993,-62.0
23127.885429106762,-65.0
23127.885491603596,-111.0
23127.885554100427,-88.0
23127.885616597257,-74.0
23127.885679094088,-110.0
23127.885741590922,-69.0
23127.885804087753,-53.0
23127.885866584584,-69.0
23127.885929081414,-54.0
23127.885991578245,-96.0
23127.88605407508,-112.0
23127.88611657191,-44.0
23127.88617906874,-50.0
23127.88624156557,-63.0
23127.886304062402,-43.0
23127.886366559236,-28.0
23127.886429056067,-28.0
23127.886491552897,-75.0
23127.886554049728,-47.0
23127.88661654656,-16.0
23127.886679043393,-24.0
23127.886741540224,-8.0
23127.886804037054,-8.0
23127.886866533885,-17.0
23127.88692903072,-11.0
23127.88699152755,-9.0
23127.88705402438,-17.0
23127.88711652121,-27.0
23127.887179018042,-29.0
23127.887241514876,-23.0
23127.887304011707,-29.0
23127.887366508538,-17.0
23127.887429005368,-17.0
23127.8874915022,-30.0
23127.887553999033,17.0
23127.887616495864,18.0
23127.887678992694,1.0
23127.887741489525,6.0
23127.887803986356,-17.0
23127.88786648319,-25.0
23127.88792898002,-34.0
23127.88799147685,-23.0
23127.888053973682,1.0
23127.888116470516,3.0
23127.888178967347,2.0
23127.888241464178,2.0
23127.88830396101,-22.0
23127.88836645784,-27.0
23127.888428954673,-10.0
23127.888491451504,-46.0
23127.888553948334,-17.0
23127.888616445165,-12.0
23127.888678941996,-55.0
23127.88874143883,-29.0
23127.88880393566,-8.0
23127.88886643249,-30.0
23127.888928929322,-27.0
23127.888991426153,-17.0
23127.889053922987,-18.0
23127.889116419818,-26.0
23127.88917891665,-36.0
23127.88924141348,-19.0
23127.889303910313,-44.0
23127.889366407144,-14.0
23127.889428903974,20.0
23127.889491400805,-50.0
23127.889553897636,-34.0
23127.88961639447,-15.0
23127.8896788913,-52.0
23127.88974138813,-36.0
23127.889803884962,-33.0
23127.889866381793,-46.0
23127.889928878627,-46.0
23127.889991375458,-15.0
23127.89005387229,-221.0
23127.89011636912,-420.0
23127.89017886595,-340.0
23127.890241362784,-326.0
23127.890303859615,-323.0
23127.890366356445,-297.0
23127.890428853276,-303.0
23127.89049135011,-315.0
23127.89055384694,-279.0
23127.89061634377,-259.0
23127.890678840602,-302.0
23127.890741337433,-270.0
23127.890803834267,-260.0
23127.890866331098,-319.0
23127.89092882793,-277.0
23127.89099132476,-270.0
23127.89105382159,-277.0
23127.891116318424,-251.0
23127.891178815255,-255.0
23127.891241312085,-254.0
23127.891303808916,-227.0
23127.891366305746,-190.0
23127.89142880258,-194.0
23127.89149129941,-207.0
23127.891553796242,-144.0
23127.891616293073,-143.0
23127.891678789907,-146.0
23127.891741286738,-133.0
23127.89180378357,-143.0
23127.8918662804,-94.0
23127.89192877723,-57.0
23127.891991274064,-46.0
23127.892053770895,-63.0
23127.892116267725,-61.0
23127.892178764556,-79.0
23127.892241261387,-97.0
23127.89230375822,-129.0
23127.89236625505,-155.0
23127.892428751882,-162.0
23127.892491248713,-189.0
23127.892553745543,-118.0
23127.892616242378,-79.0
23127.89267873921,-121.0
23127.89274123604,-127.0
23127.89280373287,-138.0
23127.892866229704,-155.0
23127.892928726535,-139.0
23127.892991223365,-136.0
23127.893053720196,-132.0
23127.893116217027,-97.0
23127.89317871386,-83.0
23127.89324121069,-62.0
23127.893303707522,-32.0
23127.893366204353,-14.0
23127.893428701183,-23.0
23127.893491198018,-49.0
23127.89355369485,16.0
23127.89361619168,42.0
23127.89367868851,51.0
23127.89374118534,105.0
23127.893803682175,132.0
23127.893866179005,95.0
23127.893928675836,79.0
23127.893991172667,67.0
23127.8940536695,47.0
23127.89411616633,85.0
23127.894178663162,89.0
23127.894241159993,84.0
23127.894303656823,79.0
23127.894366153658,74.0
23127.89442865049,45.0
23127.89449114732,16.0
23127.89455364415,82.0
23127.89461614098,131.0
23127.894678637815,109.0
23127.894741134645,96.0
23127.894803631476,103.0
23127.894866128307,100.0
23127.894928625137,114.0
23127.89499112197,129.0
23127.895053618802,110.0
23127.895116115633,109.0
23127.895178612463,77.0
23127.895241109298,63.0
23127.89530360613,84.0
23127.89536610296,109.0
23127.89542859979,103.0
23127.89549109662,55.0
23127.895553593455,78.0
23127.895616090285,72.0
23127.895678587116,37.0
23127.895741083947,63.0
23127.895803580777,69.0
23127.89586607761,70.0
23127.895928574442,99.0
23127.895991071273,107.0
23127.896053568104,102.0
23127.896116064934,104.0
23127.89617856177,98.0
23127.8962410586,91.0
23127.89630355543,46.0
23127.89636605226,74.0
23127.896428549095,115.0
23127.896491045925,62.0
23127.896553542756,89.0
23127.896616039587,88.0
23127.896678536417,42.0
23127.89674103325,49.0
23127.896803530082,46.0
23127.896866026913,54.0
23127.896928523744,54.0
23127.896991020574,56.0
23127.89705351741,50.0
23127.89711601424,46.0
23127.89717851107,55.0
23127.8972410079,25.0
23127.89730350473,-10.0
23127.897366001565,20.0
23127.897428498396,37.0
23127.897490995227,3.0
23127.897553492057,68.0
23127.89761598889,57.0
23127.897678485722,11.0
23127.897740982553,55.0
23127.897803479384,73.0
23127.897865976214,70.0
23127.89792847305,49.0
23127.89799096988,47.0
23127.89805346671,49.0
23127.89811596354,36.0
23127.89817846037,24.0
23127.898240957205,27.0
23127.898303454036,15.0
23127.898365950867,23.0
23127.898428447697,26.0
23127.898490944528,-16.0
23127.898553441362,23.0
23127.898615938193,26.0
23127.898678435024,-9.0
23127.898740931854,-1.0
23127.89880342869,11.0
23127.89886592552,9.0
23127.89892842235,10.0
23127.89899091918,28.0
23127.89905341601,6.0
23127.899115912845,-2.0
23127.899178409676,25.0
23127.899240906507,39.0
23127.899303403337,41.0
23127.899365900168,19.0
23127.899428397002,4.0
23127.899490893833,2.0
23127.899553390664,37.0
23127.899615887494,60.0
23127.899678384325,46.0
23127.89974088116,66.0
23127.89980337799,60.0
23127.89986587482,44.0
23127.89992837165,55.0
23127.899990868485,34.0
23127.900053365316,247.0
23127.900115862147,424.0
23127.900178358977,373.0
23127.900240855808,357.0
23127.900303352642,314.0
23127.900365849473,306.0
23127.900428346304,295.0
23127.900490843134,247.0
23127.900553339965,275.0
23127.9006158368,260.0
23127.90067833363,216.0
23127.90074083046,200.0
23127.90080332729,205.0
23127.900865824122,234.0
23127.900928320956,202.0
23127.900990817787,210.0
23127.901053314617,211.0
23127.901115811448,187.0
23127.901178308282,196.0
23127.901240805113,238.0
23127.901303301944,230.0
23127.901365798774,186.0
23127.901428295605,190.0
23127.90149079244,157.0
23127.90155328927,171.0
23127.9016157861,186.0
23127.90167828293,139.0
23127.901740779762,156.0
23127.901803276596,141.0
23127.901865773427,110.0
23127.901928270257,130.0
23127.901990767088,123.0
23127.90205326392,109.0
23127.902115760753,97.0
23127.902178257584,86.0
23127.902240754414,120.0
23127.902303251245,164.0
23127.90236574808,185.0
23127.90242824491,177.0
23127.90249074174,155.0
23127.90255323857,189.0
23127.902615735402,170.0
23127.902678232236,157.0
23127.902740729067,185.0
23127.902803225898,170.0
23127.902865722728,151.0
23127.90292821956,148.0
23127.902990716393,106.0
23127.903053213224,86.0
23127.903115710054,105.0
23127.903178206885,115.0
23127.903240703716,89.0
23127.90330320055,47.0
23127.90336569738,35.0
23127.90342819421,6.0
23127.903490691042,-66.0
23127.903553187876,-22.0
23127.903615684707,25.0
23127.903678181538,10.0
23127.90374067837,3.0
23127.9038031752,-41.0
23127.903865672033,-53.0
23127.903928168864,-80.0
23127.903990665694,-66.0
23127.904053162525,-22.0
23127.904115659356,-23.0
23127.90417815619,-23.0
23127.90424065302,-44.0
23127.90430314985,-73.0
23127.904365646682,-41.0
23127.904428143513,-11.0
23127.904490640347,-50.0
23127.904553137178,-31.0
23127.90461563401,-57.0
23127.90467813084,-141.0
23127.904740627673,-89.0
23127.904803124504,-25.0
23127.904865621334,-61.0
23127.904928118165,-89.0
23127.904990614996,-99.0
23127.90505311183,-100.0
23127.90511560866,-72.0
23127.90517810549,-46.0
23127.905240602322,-56.0
23127.905303099153,-134.0
23127.905365595987,-117.0
23127.905428092818,-53.0
23127.90549058965,-66.0
23127.90555308648,-40.0
23127.90561558331,-44.0
23127.905678080144,-69.0
23127.905740576974,-67.0
23127.905803073805,-37.0
23127.905865570636,-33.0
23127.90592806747,-82.0
23127.9059905643,-70.0
23127.90605306113,-50.0
23127.906115557962,-36.0
23127.906178054793,-35.0
23127.906240551627,-72.0
23127.906303048458,-63.0
23127.90636554529,-66.0
23127.90642804212,-86.0
23127.90649053895,-77.0
23127.906553035784,5.0
23127.906615532615,16.0
23127.906678029445,-56.0
23127.906740526276,-57.0
23127.906803023106,-54.0
23127.90686551994,-60.0
23127.90692801677,-46.0
23127.906990513602,-33.0
23127.907053010433,-36.0
23127.907115507267,-30.0
23127.907178004098,-31.0
23127.90724050093,-37.0
23127.90730299776,-44.0
23127.90736549459,-61.0
23127.907427991424,-61.0
23127.907490488255,-55.0
23127.907552985085,-49.0
23127.907615481916,-12.0
23127.907677978747,-22.0
23127.90774047558,-49.0
23127.90780297241,-36.0
23127.907865469242,-49.0
23127.907927966073,-44.0
23127.907990462903,-33.0
23127.908052959738,-38.0
23127.90811545657,5.0
23127.9081779534,3.0
23127.90824045023,-36.0
23127.908302947064,-21.0
23127.908365443895,-24.0
23127.908427940725,-40.0
23127.908490437556,-40.0
23127.908552934387,-5.0
23127.90861543122,-18.0
23127.90867792805,-53.0
23127.908740424882,-9.0
23127.908802921713,-27.0
23127.908865418543,-26.0
23127.908927915378,-24.0
23127.90899041221,-39.0
23127.90905290904,-20.0
23127.90911540587,-33.0
23127.9091779027,-27.0
23127.909240399535,-21.0
23127.909302896365,-34.0
23127.909365393196,-33.0
23127.909427890027,-22.0
23127.90949038686,-18.0
23127.90955288369,-23.0
23127.909615380522,13.0
23127.909677877353,16.0
23127.909740374183,-17.0
23127.909802871018,1.0
23127.90986536785,15.0
23127.90992786468,-10.0
23127.90999036151,8.0
23127.91005285834,-183.0
23127.910115355175,-363.0
23127.910177852005,-317.0
23127.910240348836,-304.0
23127.910302845667,-261.0
23127.910365342497,-232.0
23127.91042783933,-269.0
23127.910490336162,-263.0
23127.910552832993,-230.0
23127.910615329823,-247.0
23127.910677826658,-258.0
23127.91074032349,-266.0
23127.91080282032,-273.0
23127.91086531715,-290.0
23127.91092781398,-299.0
23127.910990310815,-285.0
23127.911052807645,-258.0
23127.911115304476,-251.0
23127.911177801307,-232.0
23127.911240298137,-212.0
23127.91130279497,-203.0
23127.911365291802,-178.0
23127.911427788633,-193.0
23127.911490285464,-216.0
23127.911552782294,-179.0
23127.91161527913,-147.0
23127.91167777596,-154.0
23127.91174027279,-166.0
23127.91180276962,-141.0
23127.911865266455,-105.0
23127.911927763285,-79.0
23127.911990260116,-63.0
23127.912052756947,-48.0
23127.912115253777,-20.0
23127.91217775061,-23.0
23127.912240247442,-75.0
23127.912302744273,-133.0
23127.912365241104,-156.0
23127.912427737934,-184.0
23127.91249023477,-219.0
23127.9125527316,-182.0
23127.91261522843,-147.0
23127.91267772526,-153.0
23127.91274022209,-137.0
23127.912802718925,-135.0
23127.912865215756,-147.0
23127.912927712587,-149.0
23127.912990209417,-124.0
23127.91305270625,-104.0
23127.913115203082,-93.0
23127.913177699913,-51.0
23127.913240196744,-24.0
23127.913302693574,-2.0
23127.91336519041,18.0
23127.91342768724,42.0
23127.91349018407,20.0
23127.9135526809,62.0
23127.91361517773,116.0
23127.913677674565,80.0
23127.913740171396,113.0
23127.913802668227,117.0
23127.913865165057,81.0
23127.913927661888,82.0
23127.913990158722,97.0
23127.914052655553,82.0
23127.914115152384,63.0
23127.914177649214,61.0
23127.91424014605,60.0
23127.91430264288,56.0
23127.91436513971,66.0
23127.91442763654,68.0
23127.91449013337,11.0
23127.914552630205,40.0
23127.914615127036,82.0
23127.914677623867,32.0
23127.914740120697,38.0
23127.914802617528,82.0
23127.914865114362,65.0
23127.914927611193,67.0
23127.914990108024,98.0
23127.915052604854,87.0
23127.915115101685,74.0
23127.91517759852,67.0
23127.91524009535,56.0
23127.91530259218,67.0
23127.91536508901,70.0
23127.915427585845,68.0
23127.915490082676,47.0
23127.915552579507,41.0
23127.915615076337,47.0
23127.915677573168,41.0
23127.915740070002,42.0
23127.915802566833,47.0
23127.915865063664,63.0
23127.915927560494,65.0
23127.915990057325,72.0
23127.91605255416,43.0
23127.91611505099,21.0
23127.91617754782,47.0
23127.91624004465,58.0
23127.916302541482,60.0
23127.916365038316,50.0
23127.916427535147,-1.0
23127.916490031977,-32.0
23127.916552528808,30.0
23127.916615025642,39.0
23127.916677522473,-4.0
23127.916740019304,-6.0
23127.916802516134,-32.0
23127.916865012965,-41.0
23127.9169275098,-28.0
23127.91699000663,-15.0
23127.91705250346,-26.0
23127.91711500029,-22.0
23127.917177497122,-31.0
23127.917239993956,-34.0
23127.917302490787,-16.0
23127.917364987617,-21.0
23127.917427484448,-5.0
23127.91748998128,-11.0
23127.917552478113,5.0
23127.917614974944,-12.0
23127.917677471774,-51.0
23127.917739968605,-52.0
23127.91780246544,-42.0
23127.91786496227,-18.0
23127.9179274591,-20.0
23127.91798995593,-40.0
23127.918052452762,-46.0
23127.918114949596,-27.0
23127.918177446427,-29.0
23127.918239943258,-49.0
23127.918302440088,-36.0
23127.91836493692,-37.0
23127.918427433753,-52.0
23127.918489930584,-62.0
23127.918552427414,-14.0
23127.918614924245,-13.0
23127.918677421076,-51.0
23127.91873991791,-31.0
23127.91880241474,-21.0
23127.91886491157,-24.0
23127.918927408402,-47.0
23127.918989905236,-63.0
23127.919052402067,-45.0
23127.919114898898,-54.0
23127.91917739573,-38.0
23127.91923989256,-15.0
23127.919302389393,-38.0
23127.919364886224,-40.0
23127.919427383054,-25.0
23127.919489879885,-48.0
23127.919552376716,-38.0
23127.91961487355,-11.0
23127.91967737038,-6.0
23127.91973986721,-15.0
23127.919802364042,-15.0
23127.919864860873,-1.0
23127.919927357707,-45.0
23127.919989854538,-47.0
23127.92005235137,186.0
23127.9201148482,347.0
23127.920177345033,271.0
23127.920239841864,247.0
23127.920302338694,257.0
23127.920364835525,223.0
23127.920427332356,225.0
23127.92048982919,200.0
23127.92055232602,220.0
23127.92061482285,226.0
23127.920677319682,232.0
23127.920739816513,221.0
23127.920802313347,199.0
23127.920864810178,212.0
23127.92092730701,207.0
23127.92098980384,226.0
23127.92105230067,208.0
23127.921114797504,221.0
23127.921177294334,211.0
23127.921239791165,185.0
23127.921302287996,165.0
23127.92136478483,155.0
23127.92142728166,151.0
23127.92148977849,121.0
23127.921552275322,160.0
23127.921614772153,139.0
23127.921677268987,86.0
23127.921739765818,98.0
23127.92180226265,101.0
23127.92186475948,64.0
23127.92192725631,51.0
23127.921989753144,14.0
23127.922052249975,-46.0
23127.922114746805,-24.0
23127.922177243636,4.0
23127.922239740466,45.0
23127.9223022373,105.0
23127.92236473413,148.0
23127.922427230962,152.0
23127.922489727793,144.0
23127.922552224627,186.0
23127.922614721458,196.0
23127.92267721829,162.0
23127.92273971512,155.0
23127.92280221195,162.0
23127.922864708784,145.0
23127.922927205615,142.0
23127.922989702445,123.0
23127.923052199276,72.0
23127.923114696106,84.0
23127.92317719294,55.0
23127.92323968977,26.0
23127.923302186602,32.0
23127.923364683433,36.0
23127.923427180263,43.0
23127.923489677098,-43.0
23127.92355217393,-5.0
23127.92361467076,20.0
23127.92367716759,-67.0
23127.923739664424,-73.0
23127.923802161255,-92.0
23127.923864658085,-104.0
23127.923927154916,-65.0
23127.923989651747,-33.0
23127.92405214858,7.0
23127.92411464541,-29.0
23127.924177142242,-69.0
23127.924239639073,-52.0
23127.924302135903,-81.0
23127.924364632738,-110.0
23127.92442712957,-117.0
23127.9244896264,-113.0
23127.92455212323,-61.0
23127.92461462006,-49.0
23127.924677116895,-84.0
23127.924739613725,-109.0
23127.924802110556,-138.0
23127.924864607387,-140.0
23127.92492710422,-143.0
23127.92498960105,-132.0
23127.925052097882,-106.0
23127.925114594713,-115.0
23127.925177091543,-130.0
23127.925239588378,-143.0
23127.92530208521,-157.0
23127.92536458204,-135.0
23127.92542707887,-119.0
23127.9254895757,-125.0
23127.925552072535,-88.0
23127.925614569365,-109.0
23127.925677066196,-157.0
23127.925739563027,-115.0
23127.925802059857,-98.0
23127.92586455669,-75.0
23127.925927053522,-57.0
23127.925989550353,-112.0
23127.926052047183,-125.0
23127.926114544018,-102.0
23127.92617704085,-90.0
23127.92623953768,-84.0
23127.92630203451,-80.0
23127.92636453134,-71.0
23127.926427028175,-107.0
23127.926489525005,-136.0
23127.926552021836,-62.0
23127.926614518667,-58.0
23127.926677015497,-77.0
23127.92673951233,-33.0
23127.926802009162,-51.0
23127.926864505993,-68.0
23127.926927002824,-44.0
23127.926989499654,0.0
23127.92705199649,-13.0
23127.92711449332,-25.0
23127.92717699015,3.0
23127.92723948698,-2.0
23127.927301983815,-18.0
23127.927364480645,2.0
23127.927426977476,21.0
23127.927489474307,-33.0
23127.927551971137,2.0
23127.92761446797,35.0
23127.927676964802,15.0
23127.927739461633,29.0
23127.927801958464,28.0
23127.927864455294,27.0
23127.92792695213,29.0
23127.92798944896,37.0
23127.92805194579,26.0
23127.92811444262,22.0
23127.92817693945,41.0
23127.928239436285,51.0
23127.928301933116,59.0
23127.928364429947,57.0
23127.928426926777,42.0
23127.92848942361,4.0
23127.928551920442,47.0
23127.928614417273,52.0
23127.928676914104,32.0
23127.928739410934,60.0
23127.92880190777,53.0
23127.9288644046,38.0
23127.92892690143,22.0
23127.92898939826,35.0
23127.92905189509,47.0
23127.929114391925,20.0
23127.929176888756,24.0
23127.929239385587,50.0
23127.929301882417,21.0
23127.929364379248,35.0
23127.929426876082,40.0
23127.929489372913,-24.0
23127.929551869744,41.0
23127.929614366574,77.0
23127.92967686341,12.0
23127.92973936024,12.0
23127.92980185707,29.0
23127.9298643539,15.0
23127.92992685073,1.0
23127.929989347565,-9.0
23127.930051844396,-197.0
23127.930114341227,-312.0
23127.930176838057,-291.0
23127.930239334888,-290.0
23127.930301831722,-254.0
23127.930364328553,-221.0
23127.930426825384,-204.0
23127.930489322214,-214.0
23127.930551819045,-141.0
23127.93061431588,-102.0
23127.93067681271,-141.0
23127.93073930954,-105.0
23127.93080180637,-114.0
23127.930864303205,-177.0
23127.930926800036,-182.0
23127.930989296867,-161.0
23127.931051793697,-166.0
23127.931114290528,-166.0
23127.931176787362,-129.0
23127.931239284193,-114.0
23127.931301781024,-96.0
23127.931364277854,-59.0
23127.931426774685,-68.0
23127.93148927152,-86.0
23127.93155176835,-21.0
23127.93161426518,-3.0
23127.93167676201,-29.0
23127.931739258842,-35.0
23127.931801755676,-36.0
23127.931864252507,0.0
23127.931926749337,24.0
23127.931989246168,36.0
23127.932051743002,40.0
23127.932114239833,12.0
23127.932176736664,6.0
23127.932239233494,-11.0
23127.932301730325,-67.0
23127.93236422716,-73.0
23127.93242672399,-68.0
23127.93248922082,-109.0
23127.93255171765,-68.0
23127.932614214482,-30.0
23127.932676711316,-48.0
23127.932739208147,-35.0
23127.932801704977,-36.0
23127.932864201808,-40.0
23127.93292669864,-63.0
23127.932989195473,-44.0
23127.933051692304,12.0
23127.933114189134,-7.0
23127.933176685965,-3.0
23127.9332391828,51.0
23127.93330167963,28.0
23127.93336417646,38.0
23127.93342667329,76.0
23127.933489170122,43.0
23127.933551666956,100.0
23127.933614163787,140.0
23127.933676660617,136.0
23127.933739157448,158.0
23127.93380165428,147.0
23127.933864151113,170.0
23127.933926647944,176.0
23127.933989144774,149.0
23127.934051641605,146.0
23127.934114138436,156.0
23127.93417663527,149.0
23127.9342391321,118.0
23127.93430162893,118.0
23127.934364125762,130.0
23127.934426622596,103.0
23127.934489119427,88.0
23127.934551616258,132.0
23127.934614113088,105.0
23127.93467660992,111.0
23127.934739106753,128.0
23127.934801603584,96.0
23127.934864100414,111.0
23127.934926597245,106.0
23127.934989094076,117.0
23127.93505159091,125.0
23127.93511408774,123.0
23127.93517658457,120.0
23127.935239081402,123.0
23127.935301578233,150.0
23127.935364075067,155.0
23127.935426571898,126.0
23127.93548906873,99.0
23127.93555156556,148.0
23127.935614062393,111.0
23127.935676559224,64.0
23127.935739056054,101.0
23127.935801552885,89.0
23127.935864049716,85.0
23127.93592654655,93.0
23127.93598904338,107.0
23127.93605154021,122.0
23127.936114037042,145.0
23127.936176533873,153.0
23127.936239030707,130.0
23127.936301527538,127.0
23127.93636402437,108.0
23127.9364265212,84.0
23127.93648901803,96.0
23127.936551514864,144.0
23127.936614011694,129.0
23127.936676508525,102.0
23127.936739005356,96.0
23127.93680150219,71.0
23127.93686399902,82.0
23127.93692649585,83.0
23127.936988992682,85.0
23127.937051489513,79.0
23127.937113986347,93.0
23127.937176483178,105.0
23127.93723898001,86.0
23127.93730147684,86.0
23127.93736397367,83.0
23127.937426470504,102.0
23127.937488967335,69.0
23127.937551464165,106.0
23127.937613960996,139.0
23127.937676457826,103.0
23127.93773895466,114.0
23127.93780145149,114.0
23127.937863948322,94.0
23127.937926445153,71.0
23127.937988941987,75.0
23127.938051438818,83.0
23127.93811393565,70.0
23127.93817643248,70.0
23127.93823892931,81.0
23127.938301426144,72.0
23127.938363922975,74.0
23127.938426419805,65.0
23127.938488916636,42.0
23127.938551413466,82.0
23127.9386139103,70.0
23127.93867640713,44.0
23127.938738903962,75.0
23127.938801400793,68.0
23127.938863897623,49.0
23127.938926394458,51.0
23127.93898889129,44.0
23127.93905138812,52.0
23127.93911388495,68.0
23127.939176381784,50.0
23127.939238878615,46.0
23127.939301375445,51.0
23127.939363872276,63.0
23127.939426369107,30.0
23127.93948886594,-21.0
23127.93955136277,52.0
23127.939613859602,62.0
23127.939676356433,10.0
23127.939738853263,36.0
23127.939801350098,40.0
23127.93986384693,35.0
23127.93992634376,31.0
23127.93998884059,41.0
23127.94005133742,250.0
23127.940113834255,347.0
23127.940176331085,284.0
23127.940238827916,272.0
23127.940301324747,206.0
23127.94036382158,202.0
23127.94042631841,232.0
23127.940488815242,185.0
23127.940551312073,250.0
23127.940613808903,268.0
23127.940676305738,210.0
23127.94073880257,237.0
23127.9408012994,234.0
23127.94086379623,218.0
23127.94092629306,242.0
23127.940988789895,230.0
23127.941051286725,211.0
23127.941113783556,229.0
23127.941176280387,211.0
23127.941238777217,204.0
23127.94130127405,176.0
23127.941363770882,147.0
23127.941426267713,166.0
23127.941488764543,116.0
23127.941551261378,143.0
23127.94161375821,191.0
23127.94167625504,141.0
23127.94173875187,124.0
23127.9418012487,126.0
23127.941863745535,110.0
23127.941926242365,93.0
23127.941988739196,62.0
23127.942051236027,39.0
23127.942113732857,25.0
23127.94217622969,39.0
23127.942238726522,95.0
23127.942301223353,126.0
23127.942363720183,152.0
23127.942426217014,163.0
23127.94248871385,145.0
23127.94255121068,169.0
23127.94261370751,148.0
23127.94267620434,126.0
23127.942738701175,119.0
23127.942801198005,95.0
23127.942863694836,109.0
23127.942926191667,91.0
23127.942988688497,65.0
23127.94305118533,73.0
23127.943113682162,64.0
23127.943176178993,23.0
23127.943238675824,-30.0
23127.943301172654,-14.0
23127.94336366949,0.0
23127.94342616632,-48.0
23127.94348866315,-101.0
23127.94355115998,-53.0
23127.94361365681,-71.0
23127.943676153645,-118.0
23127.943738650476,-74.0
23127.943801147307,-83.0
23127.943863644137,-101.0
23127.94392614097,-89.0
23127.943988637802,-78.0
23127.944051134633,-93.0
23127.944113631464,-96.0
23127.944176128294,-99.0
23127.94423862513,-117.0
23127.94430112196,-117.0
23127.94436361879,-104.0
23127.94442611562,-129.0
23127.94448861245,-154.0
23127.944551109285,-105.0
23127.944613606116,-115.0
23127.944676102947,-113.0
23127.944738599777,-85.0
23127.944801096608,-104.0
23127.944863593442,-112.0
23127.944926090273,-121.0
23127.944988587104,-123.0
23127.945051083934,-148.0
23127.94511358077,-153.0
23127.9451760776,-169.0
23127.94523857443,-189.0
23127.94530107126,-158.0
23127.94536356809,-133.0
23127.945426064925,-157.0
23127.945488561756,-136.0
23127.945551058587,-95.0
23127.945613555417,-146.0
23127.945676052248,-160.0
23127.945738549082,-149.0
23127.945801045913,-148.0
23127.945863542744,-127.0
23127.945926039574,-100.0
23127.945988536405,-68.0
23127.94605103324,-75.0
23127.94611353007,-86.0
23127.9461760269,-114.0
23127.94623852373,-121.0
23127.946301020565,-128.0
23127.946363517396,-134.0
23127.946426014227,-103.0
23127.946488511057,-132.0
23127.946551007888,-83.0
23127.946613504722,-56.0
23127.946676001553,-97.0
23127.946738498384,-83.0
23127.946800995214,-93.0
23127.946863492045,-80.0
23127.94692598888,-82.0
23127.94698848571,-98.0
23127.94705098254,-111.0
23127.94711347937,-113.0
23127.947175976202,-86.0
23127.947238473036,-77.0
23127.947300969867,-91.0
23127.947363466697,-100.0
23127.947425963528,-88.0
23127.947488460362,-127.0
23127.947550957193,-85.0
23127.947613454024,-79.0
23127.947675950854,-119.0
23127.947738447685,-94.0
23127.94780094452,-86.0
23127.94786344135,-118.0
23127.94792593818,-135.0
23127.94798843501,-123.0
23127.948050931842,-134.0
23127.948113428676,-133.0
23127.948175925507,-105.0
23127.948238422337,-108.0
23127.948300919168,-119.0
23127.948363416,-110.0
23127.948425912833,-111.0
23127.948488409664,-132.0
23127.948550906494,-104.0
23127.948613403325,-94.0
23127.94867590016,-93.0
23127.94873839699,-90.0
23127.94880089382,-112.0
23127.94886339065,-90.0
23127.948925887482,-89.0
23127.948988384316,-91.0
23127.949050881147,-63.0
23127.949113377977,-87.0
23127.949175874808,-103.0
23127.94923837164,-100.0
23127.949300868473,-115.0
23127.949363365304,-97.0
23127.949425862134,-79.0
23127.949488358965,-83.0
23127.949550855796,-72.0
23127.94961335263,-61.0
23127.94967584946,-74.0
23127.94973834629,-96.0
23127.949800843122,-88.0
23127.949863339956,-76.0
23127.949925836787,-62.0
23127.949988333618,-46.0
23127.950050830448,-253.0
23127.95011332728,-385.0
23127.950175824113,-323.0
23127.950238320944,-339.0
23127.950300817774,-353.0
23127.950363314605,-328.0
23127.950425811436,-270.0
23127.95048830827,-270.0
23127.9505508051,-245.0
23127.95061330193,-214.0
23127.950675798762,-291.0
23127.950738295593,-288.0
23127.950800792427,-247.0
23127.950863289258,-267.0
23127.95092578609,-238.0
23127.95098828292,-216.0
23127.951050779753,-232.0
23127.951113276584,-246.0
23127.951175773414,-243.0
23127.951238270245,-257.0
23127.951300767076,-244.0
23127.95136326391,-224.0
23127.95142576074,-202.0
23127.95148825757,-178.0
23127.951550754402,-142.0
23127.951613251233,-159.0
23127.951675748067,-186.0
23127.951738244898,-183.0
23127.95180074173,-185.0
23127.95186323856,-146.0
23127.95192573539,-92.0
23127.951988232224,-72.0
23127.952050729054,-40.0
23127.952113225885,-23.0
23127.952175722716,-23.0
23127.95223821955,-84.0
23127.95230071638,-130.0
23127.95236321321,-133.0
23127.952425710042,-203.0
23127.952488206873,-217.0
23127.952550703707,-142.0
23127.952613200538,-116.0
23127.95267569737,-120.0
23127.9527381942,-97.0
23127.95280069103,-94.0
23127.952863187864,-77.0
23127.952925684694,-73.0
23127.952988181525,-65.0
23127.953050678356,-66.0
23127.953113175186,-85.0
23127.95317567202,-78.0
23127.95323816885,-51.0
23127.953300665682,-45.0
23127.953363162513,-19.0
23127.953425659347,-12.0
23127.953488156178,-29.0
23127.95355065301,28.0
23127.95361314984,57.0
23127.95367564667,52.0
23127.953738143504,44.0
23127.953800640335,55.0
23127.953863137165,66.0
23127.953925633996,90.0
23127.953988130826,106.0
23127.95405062766,58.0
23127.95411312449,44.0
23127.954175621322,58.0
23127.954238118153,51.0
23127.954300614983,37.0
23127.954363111818,81.0
23127.95442560865,74.0
23127.95448810548,11.0
23127.95455060231,61.0
23127.954613099144,107.0
23127.954675595975,76.0
23127.954738092805,85.0
23127.954800589636,119.0
23127.954863086467,103.0
23127.9549255833,102.0
23127.95498808013,122.0
23127.955050576962,108.0
23127.955113073793,115.0
23127.955175570623,130.0
23127.955238067458,111.0
23127.95530056429,112.0
23127.95536306112,118.0
23127.95542555795,114.0
23127.95548805478,63.0
23127.955550551615,78.0
23127.955613048445,123.0
23127.955675545276,53.0
23127.955738042107,53.0
23127.95580053894,77.0
23127.95586303577,64.0
23127.955925532602,78.0
23127.955988029433,74.0
23127.956050526263,58.0
23127.956113023098,76.0
23127.95617551993,100.0
23127.95623801676,47.0
23127.95630051359,11.0
23127.95636301042,24.0
23127.956425507255,6.0
23127.956488004085,-17.0
23127.956550500916,29.0
23127.956612997747,45.0
23127.956675494577,22.0
23127.95673799141,19.0
23127.956800488242,1.0
23127.956862985073,-10.0
23127.956925481903,-15.0
23127.956987978738,-11.0
23127.95705047557,20.0
23127.9571129724,38.0
23127.95717546923,24.0
23127.95723796606,38.0
23127.957300462895,31.0
23127.957362959725,23.0
23127.957425456556,21.0
23127.957487953387,-9.0
23127.957550450217,31.0
23127.95761294705,41.0
23127.957675443882,6.0
23127.957737940713,17.0
23127.957800437543,24.0
23127.957862934374,23.0
23127.95792543121,33.0
23127.95798792804,23.0
23127.95805042487,6.0
23127.9581129217,23.0
23127.958175418535,16.0
23127.958237915365,12.0
23127.958300412196,9.0
23127.958362909027,14.0
23127.958425405857,6.0
23127.95848790269,-32.0
23127.958550399522,-11.0
23127.958612896353,1.0
23127.958675393184,-11.0
23127.958737890014,7.0
23127.95880038685,9.0
23127.95886288368,-9.0
23127.95892538051,-9.0
23127.95898787734,2.0
23127.95905037417,4.0
23127.959112871005,-2.0
23127.959175367836,3.0
23127.959237864667,-7.0
23127.959300361497,-33.0
23127.95936285833,-26.0
23127.959425355162,-17.0
23127.959487851993,-31.0
23127.959550348824,-1.0
23127.959612845654,19.0
23127.95967534249,6.0
23127.95973783932,14.0
23127.95980033615,3.0
23127.95986283298,9.0
23127.95992532981,-8.0
23127.959987826645,4.0
23127.960050323476,250.0
23127.960112820307,325.0
23127.960175317137,278.0
23127.960237813968,316.0
23127.960300310802,259.0
23127.960362807633,249.0
23127.960425304464,276.0
23127.960487801294,197.0
23127.96055029813,208.0
23127.96061279496,213.0
23127.96067529179,189.0
23127.96073778862,185.0
23127.96080028545,194.0
23127.960862782285,213.0
23127.960925279116,209.0
23127.960987775947,223.0
23127.961050272777,208.0
23127.961112769608,204.0
23127.961175266442,185.0
23127.961237763273,170.0
23127.961300260104,168.0
23127.961362756934,173.0
23127.961425253765,165.0
23127.9614877506,123.0
23127.96155024743,177.0
23127.96161274426,170.0
23127.96167524109,117.0
23127.961737737925,144.0
23127.961800234756,121.0
23127.961862731587,70.0
23127.961925228417,29.0
23127.961987725248,20.0
23127.962050222082,5.0
23127.962112718913,-27.0
23127.962175215744,-6.0
23127.962237712574,53.0
23127.962300209405,91.0
23127.96236270624,149.0
23127.96242520307,181.0
23127.9624876999,169.0
23127.96255019673,220.0
23127.962612693562,202.0
23127.962675190396,163.0
23127.962737687227,178.0
23127.962800184057,164.0
23127.962862680888,160.0
23127.962925177722,148.0
23127.962987674553,146.0
23127.963050171384,111.0
23127.963112668214,69.0
23127.963175165045,79.0
23127.96323766188,58.0
23127.96330015871,-3.0
23127.96336265554,-4.0
23127.96342515237,-19.0
23127.963487649202,-78.0
23127.963550146036,-40.0
23127.963612642867,-28.0
23127.963675139697,-92.0
23127.963737636528,-97.0
23127.96380013336,-90.0
23127.963862630193,-100.0
23127.963925127024,-120.0
23127.963987623854,-123.0
23127.964050120685,-102.0
23127.96411261752,-111.0
23127.96417511435,-112.0
23127.96423761118,-84.0
23127.96430010801,-120.0
23127.964362604842,-134.0
23127.964425101676,-98.0
23127.964487598507,-136.0
23127.964550095337,-108.0
23127.964612592168,-86.0
23127.964675089,-124.0
23127.964737585833,-124.0
23127.964800082664,-112.0
23127.964862579494,-116.0
23127.964925076325,-148.0
23127.964987573156,-135.0
23127.96505006999,-108.0
23127.96511256682,-111.0
23127.96517506365,-102.0
23127.965237560482,-103.0
23127.965300057316,-121.0
23127.965362554147,-121.0
23127.965425050978,-107.0
23127.965487547808,-152.0
23127.96555004464,-153.0
23127.965612541473,-109.0
23127.965675038304,-149.0
23127.965737535134,-175.0
23127.965800031965,-155.0
23127.965862528796,-138.0
23127.96592502563,-126.0
23127.96598752246,-105.0
23127.96605001929,-123.0
23127.966112516122,-124.0
23127.966175012953,-103.0
23127.966237509787,-104.0
23127.966300006618,-103.0
23127.96636250345,-94.0
23127.96642500028,-79.0
23127.966487497113,-122.0
23127.966549993944,-77.0
23127.966612490774,-60.0
23127.966674987605,-119.0
23127.966737484436,-103.0
23127.96679998127,-79.0
23127.9668624781,-89.0
23127.96692497493,-98.0
23127.966987471762,-80.0
23127.967049968593,-85.0
23127.967112465427,-86.0
23127.967174962258,-78.0
23127.96723745909,-74.0
23127.96729995592,-78.0
23127.96736245275,-72.0
23127.967424949584,-51.0
23127.967487446414,-89.0
23127.967549943245,-71.0
23127.967612440076,-46.0
23127.96767493691,-80.0
23127.96773743374,-78.0
23127.96779993057,-62.0
23127.967862427402,-65.0
23127.967924924233,-74.0
23127.967987421067,-73.0
23127.968049917898,-75.0
23127.96811241473,-65.0
23127.96817491156,-53.0
23127.96823740839,-58.0
23127.968299905224,-51.0
23127.968362402054,-46.0
23127.968424898885,-48.0
23127.968487395716,-63.0
23127.968549892546,-38.0
23127.96861238938,-13.0
23127.96867488621,-19.0
23127.968737383042,-9.0
23127.968799879873,-26.0
23127.968862376707,-40.0
23127.968924873538,-28.0
23127.96898737037,-9.0
23127.9690498672,-22.0
23127.96911236403,-36.0
23127.969174860864,-7.0
23127.969237357695,-3.0
23127.969299854525,-32.0
23127.969362351356,-15.0
23127.969424848186,1.0
23127.96948734502,-36.0
23127.96954984185,4.0
23127.969612338682,15.0
23127.969674835513,-17.0
23127.969737332343,-4.0
23127.969799829178,12.0
23127.96986232601,1.0
23127.96992482284,-18.0
23127.96998731967,-30.0
23127.970049816504,-245.0
23127.970112313335,-344.0
23127.970174810165,-286.0
23127.970237306996,-313.0
23127.970299803826,-283.0
23127.97036230066,-232.0
23127.97042479749,-224.0
23127.970487294322,-224.0
23127.970549791153,-207.0
23127.970612287983,-232.0
23127.970674784818,-251.0
23127.97073728165,-194.0
23127.97079977848,-195.0
23127.97086227531,-218.0
23127.97092477214,-223.0
23127.970987268975,-223.0
23127.971049765805,-184.0
23127.971112262636,-157.0
23127.971174759467,-188.0
23127.9712372563,-199.0
23127.97129975313,-202.0
23127.971362249962,-194.0
23127.971424746793,-159.0
23127.971487243623,-156.0
23127.971549740458,-108.0
23127.97161223729,-110.0
23127.97167473412,-165.0
23127.97173723095,-155.0
23127.97179972778,-117.0
23127.971862224615,-76.0
23127.971924721445,-47.0
23127.971987218276,-23.0
23127.972049715107,-29.0
23127.972112211937,-54.0
23127.97217470877,-50.0
23127.972237205602,-56.0
23127.972299702433,-71.0
23127.972362199263,-69.0
23127.972424696098,-83.0
23127.97248719293,-124.0
23127.97254968976,-99.0
23127.97261218659,-96.0
23127.97267468342,-131.0
23127.972737180255,-99.0
23127.972799677085,-64.0
23127.972862173916,-72.0
23127.972924670747,-88.0
23127.972987167577,-89.0
23127.97304966441,-79.0
23127.973112161242,-66.0
23127.973174658073,-61.0
23127.973237154903,-25.0
23127.973299651734,-3.0
23127.97336214857,44.0
23127.9734246454,98.0
23127.97348714223,64.0
23127.97354963906,83.0
23127.973612135895,117.0
23127.973674632725,73.0
23127.973737129556,76.0
23127.973799626387,98.0
23127.973862123217,98.0
23127.97392462005,101.0
23127.973987116882,127.0
23127.974049613713,132.0
23127.974112110544,125.0
23127.974174607374,137.0
23127.97423710421,112.0
23127.97429960104,106.0
23127.97436209787,116.0
23127.9744245947,88.0
23127.97448709153,56.0
23127.974549588365,91.0
23127.974612085196,96.0
23127.974674582027,49.0
23127.974737078857,76.0
23127.97479957569,115.0
23127.974862072522,119.0
23127.974924569353,107.0
23127.974987066184,105.0
23127.975049563014,109.0
23127.97511205985,122.0
23127.97517455668,111.0
23127.97523705351,111.0
23127.97529955034,106.0
23127.97536204717,76.0
23127.975424544005,68.0
23127.975487040836,58.0
23127.975549537667,91.0
23127.975612034497,79.0
23127.975674531328,37.0
23127.975737028162,43.0
23127.975799524993,44.0
23127.975862021824,44.0
23127.975924518654,36.0
23127.97598701549,45.0
23127.97604951232,48.0
23127.97611200915,50.0
23127.97617450598,57.0
23127.97623700281,52.0
23127.976299499645,16.0
23127.976361996476,3.0
23127.976424493307,2.0
23127.976486990137,-19.0
23127.976549486968,32.0
23127.976611983802,52.0
23127.976674480633,30.0
23127.976736977464,60.0
23127.976799474294,59.0
23127.976861971125,30.0
23127.97692446796,44.0
23127.97698696479,50.0
23127.97704946162,17.0
23127.97711195845,12.0
23127.977174455285,32.0
23127.977236952116,30.0
23127.977299448947,35.0
23127.977361945777,26.0
23127.977424442608,-12.0
23127.977486939442,-24.0
23127.977549436273,43.0
23127.977611933104,32.0
23127.977674429934,-12.0
23127.977736926765,23.0
23127.9777994236,6.0
23127.97786192043,-13.0
23127.97792441726,4.0
23127.97798691409,21.0
23127.97804941092,25.0
23127.978111907756,16.0
23127.978174404587,4.0
23127.978236901417,14.0
23127.978299398248,47.0
23127.978361895082,35.0
23127.978424391913,-3.0
23127.978486888744,-19.0
23127.978549385574,28.0
23127.978611882405,34.0
23127.97867437924,-3.0
23127.97873687607,8.0
23127.9787993729,17.0
23127.97886186973,3.0
23127.978924366562,-8.0
23127.978986863396,3.0
23127.979049360227,-13.0
23127.979111857057,-19.0
23127.979174353888,-16.0
23127.97923685072,-5.0
23127.979299347553,3.0
23127.979361844384,14.0
23127.979424341214,20.0
23127.979486838045,-21.0
23127.97954933488,12.0
23127.97961183171,45.0
23127.97967432854,5.0
23127.97973682537,4.0
23127.979799322202,-1.0
23127.979861819036,8.0
23127.979924315867,-5.0
23127.979986812697,12.0
23127.980049309528,237.0
23127.98011180636,327.0
23127.980174303193,283.0
23127.980236800024,261.0
23127.980299296854,258.0
23127.980361793685,259.0
23127.980424290516,239.0
23127.98048678735,213.0
23127.98054928418,238.0
23127.98061178101,237.0
23127.980674277842,222.0
23127.980736774676,234.0
23127.980799271507,211.0
23127.980861768337,198.0
23127.980924265168,200.0
23127.980986762,199.0
23127.981049258833,198.0
23127.981111755664,219.0
23127.981174252494,225.0
23127.981236749325,195.0
23127.981299246156,130.0
23127.98136174299,99.0
23127.98142423982,120.0
23127.98148673665,106.0
23127.981549233482,152.0
23127.981611730313,182.0
23127.981674227147,128.0
23127.981736723978,102.0
23127.981799220808,73.0
23127.98186171764,34.0
23127.981924214473,28.0
23127.981986711304,18.0
23127.982049208134,13.0
23127.982111704965,27.0
23127.982174201796,41.0
23127.98223669863,56.0
23127.98229919546,75.0
23127.98236169229,109.0
23127.982424189122,121.0
23127.982486685953,101.0
23127.982549182787,137.0
23127.982611679618,159.0
23127.98267417645,104.0
23127.98273667328,73.0
23127.98279917011,78.0
23127.982861666944,91.0
23127.982924163774,72.0
23127.982986660605,59.0
23127.983049157436,76.0
23127.98311165427,68.0
23127.9831741511,40.0
23127.98323664793,50.0
23127.983299144762,45.0
23127.983361641593,10.0
23127.983424138427,-23.0
23127.983486635258,-76.0
23127.98354913209,-42.0
23127.98361162892,-66.0
23127.98367412575,-123.0
23127.983736622584,-136.0
23127.983799119414,-125.0
23127.983861616245,-120.0
23127.983924113076,-118.0
23127.983986609906,-127.0
23127.98404910674,-116.0
23127.98411160357,-72.0
23127.984174100402,-76.0
23127.984236597233,-96.0
23127.984299094067,-90.0
23127.984361590898,-48.0
23127.98442408773,-57.0
23127.98448658456,-102.0
23127.98454908139,-73.0
23127.984611578224,-76.0
23127.984674075054,-92.0
23127.984736571885,-65.0
23127.984799068716,-97.0
23127.984861565546,-112.0
23127.98492406238,-125.0
23127.98498655921,-142.0
23127.985049056042,-113.0
23127.985111552873,-108.0
23127.985174049703,-112.0
23127.985236546538,-101.0
23127.98529904337,-121.0
23127.9853615402,-123.0
23127.98542403703,-115.0
23127.985486533864,-144.0
23127.985549030695,-91.0
23127.985611527525,-94.0
23127.985674024356,-124.0
23127.985736521186,-99.0
23127.98579901802,-86.0
23127.98586151485,-58.0
23127.985924011682,-31.0
23127.985986508513,-41.0
23127.986049005343,-59.0
23127.986111502178,-50.0
23127.98617399901,-52.0
23127.98623649584,-49.0
23127.98629899267,-54.0
23127.9863614895,-31.0
23127.986423986335,-19.0
23127.986486483165,-85.0
23127.986548979996,-56.0
23127.986611476827,-31.0
23127.98667397366,-39.0
23127.98673647049,-29.0
23127.986798967322,-52.0
23127.986861464153,-65.0
23127.986923960983,-92.0
23127.986986457818,-108.0
23127.98704895465,-128.0
23127.98711145148,-106.0
23127.98717394831,-50.0
23127.98723644514,-7.0
23127.987298941975,37.0
23127.987361438805,64.0
23127.987423935636,103.0
23127.987486432467,67.0
23127.987548929297,37.0
23127.98761142613,52.0
23127.987673922962,9.0
23127.987736419793,-11.0
23127.987798916623,-21.0
23127.987861413458,-32.0
23127.98792391029,-83.0
23127.98798640712,-112.0
23127.98804890395,-105.0
23127.98811140078,-129.0
23127.988173897615,-98.0
23127.988236394445,-45.0
23127.988298891276,-49.0
23127.988361388107,-31.0
23127.988423884937,-3.0
23127.98848638177,-30.0
23127.988548878602,8.0
23127.988611375433,2.0
23127.988673872263,-43.0
23127.988736369094,-38.0
23127.98879886593,-36.0
23127.98886136276,-20.0
23127.98892385959,-5.0
23127.98898635642,17.0
23127.989048853255,21.0
23127.989111350085,-5.0
23127.989173846916,2.0
23127.989236343747,28.0
23127.989298840577,0.0
23127.98936133741,-11.0
23127.989423834242,-14.0
23127.989486331073,-44.0
23127.989548827903,-1.0
23127.989611324734,26.0
23127.98967382157,-31.0
23127.9897363184,-23.0
23127.98979881523,21.0
23127.98986131206,12.0
23127.98992380889,40.0
23127.989986305725,42.0
23127.990048802556,-235.0
23127.990111299387,-339.0
23127.990173796217,-266.0
23127.99023629305,-248.0
23127.990298789882,-207.0
23127.990361286713,-200.0
23127.990423783544,-204.0
23127.990486280374,-225.0
23127.99054877721,-170.0
23127.99061127404,-157.0
23127.99067377087,-211.0
23127.9907362677,-180.0
23127.99079876453,-164.0
23127.990861261365,-148.0
23127.990923758196,-114.0
23127.990986255027,-115.0
23127.991048751857,-149.0
23127.991111248688,-183.0
23127.991173745522,-178.0
23127.991236242353,-154.0
23127.991298739184,-129.0
23127.991361236014,-112.0
23127.99142373285,-122.0
23127.99148622968,-133.0
23127.99154872651,-30.0
23127.99161122334,1.0
23127.99167372017,-93.0
23127.991736217005,-105.0
23127.991798713836,-82.0
23127.991861210667,-35.0
23127.991923707497,37.0
23127.991986204328,59.0
23127.992048701162,75.0
23127.992111197993,67.0
23127.992173694824,42.0
23127.992236191654,29.0
23127.992298688485,-38.0
23127.99236118532,-79.0
23127.99242368215,-94.0
23127.99248617898,-124.0
23127.99254867581,-46.0
23127.992611172645,-5.0
23127.992673669476,-42.0
23127.992736166307,-68.0
23127.992798663137,-112.0
23127.992861159968,-115.0
23127.992923656802,-87.0
23127.992986153633,-36.0
23127.993048650464,-5.0
23127.993111147294,5.0
23127.993173644125,-10.0
23127.99323614096,-15.0
23127.99329863779,41.0
23127.99336113462,64.0
23127.99342363145,68.0
23127.99348612828,62.0
23127.993548625116,74.0
23127.993611121947,97.0
23127.993673618777,94.0
23127.993736115608,118.0
23127.993798612442,129.0
23127.993861109273,121.0
23127.993923606104,109.0
23127.993986102934,64.0
23127.994048599765,74.0
23127.9941110966,91.0
23127.99417359343,74.0
23127.99423609026,107.0
23127.99429858709,144.0
23127.994361083922,117.0
23127.994423580756,74.0
23127.994486077587,69.0
23127.994548574417,128.0
23127.994611071248,136.0
23127.99467356808,102.0
23127.994736064913,144.0
23127.994798561744,186.0
23127.994861058574,190.0
23127.994923555405,170.0
23127.99498605224,138.0
23127.99504854907,122.0
23127.9951110459,134.0
23127.99517354273,139.0
23127.995236039562,126.0
23127.995298536396,159.0
23127.995361033227,168.0
23127.995423530057,142.0
23127.995486026888,122.0
23127.99554852372,150.0
23127.995611020553,170.0
23127.995673517384,146.0
23127.995736014214,117.0
23127.995798511045,88.0
23127.995861007876,74.0
23127.99592350471,90.0
23127.99598600154,80.0
23127.99604849837,75.0
23127.996110995202,93.0
23127.996173492036,107.0
23127.996235988867,144.0
23127.996298485697,134.0
23127.996360982528,124.0
23127.99642347936,140.0
23127.996485976193,114.0
23127.996548473024,151.0
23127.996610969854,146.0
23127.996673466685,75.0
23127.996735963516,82.0
23127.99679846035,69.0
23127.99686095718,67.0
23127.99692345401,62.0
23127.996985950842,43.0
23127.997048447673,57.0
23127.997110944507,62.0
23127.997173441338,53.0
23127.997235938168,68.0
23127.997298435,59.0
23127.997360931833,63.0
23127.997423428664,52.0
23127.997485925494,16.0
23127.997548422325,82.0
23127.997610919156,59.0
23127.99767341599,23.0
23127.99773591282,67.0
23127.99779840965,56.0
23127.997860906482,56.0
23127.997923403313,57.0
23127.997985900147,53.0
23127.998048396978,51.0
23127.99811089381,53.0
23127.99817339064,44.0
23127.99823588747,56.0
23127.998298384304,61.0
23127.998360881134,61.0
23127.998423377965,60.0
23127.998485874796,12.0
23127.99854837163,56.0
23127.99861086846,73.0
23127.99867336529,42.0
23127.998735862122,55.0
23127.998798358953,46.0
23127.998860855787,48.0
23127.998923352618,52.0
23127.99898584945,39.0
23127.99904834628,31.0
23127.99911084311,24.0
23127.999173339944,11.0
23127.999235836774,20.0
23127.999298333605,21.0
23127.999360830436,15.0
23127.999423327266,26.0
23127.9994858241,-4.0
23127.99954832093,21.0
23127.999610817762,49.0
23127.999673314593,16.0
23127.999735811427,40.0
23127.999798308258,39.0
23127.99986080509,23.0
23127.99992330192,-5.0
23127.99998579875,42.0
23128.000048295584,264.0
23128.000110792414,307.0
23128.000173289245,292.0
23128.000235786076,303.0
23128.000298282906,243.0
23128.00036077974,248.0
23128.00042327657,249.0
23128.000485773402,159.0
23128.000548270233,191.0
23128.000610767063,238.0
23128.000673263898,189.0
23128.00073576073,173.0
23128.00079825756,191.0
23128.00086075439,166.0
23128.000923251224,182.0
23128.000985748055,231.0
23128.001048244885,159.0
23128.001110741716,135.0
23128.001173238546,168.0
23128.00123573538,145.0
23128.00129823221,80.0
23128.001360729042,113.0
23128.001423225873,129.0
23128.001485722703,60.0
23128.001548219538,131.0
23128.00161071637,148.0
23128.0016732132,69.0
23128.00173571003,57.0
23128.00179820686,62.0
23128.001860703695,60.0
23128.001923200525,43.0
23128.001985697356,24.0
23128.002048194187,15.0
23128.00211069102,2.0
23128.00217318785,6.0
23128.002235684682,58.0
23128.002298181513,114.0
23128.002360678343,138.0
23128.002423175178,128.0
23128.00248567201,79.0
23128.00254816884,109.0
23128.00261066567,124.0
23128.0026731625,108.0
23128.002735659335,112.0
23128.002798156165,94.0
23128.002860652996,85.0
23128.002923149827,78.0
23128.002985646657,79.0
23128.00304814349,64.0
23128.003110640322,64.0
23128.003173137153,57.0
23128.003235633983,-6.0
23128.003298130818,-36.0
23128.00336062765,-46.0
23128.00342312448,-64.0
23128.00348562131,-85.0
23128.00354811814,-44.0
23128.003610614975,-54.0
23128.003673111805,-99.0
23128.003735608636,-70.0
23128.003798105467,-90.0
23128.003860602297,-128.0
23128.00392309913,-124.0
23128.003985595962,-124.0
23128.004048092793,-102.0
23128.004110589623,-67.0
23128.004173086454,-56.0
23128.00423558329,-52.0
23128.00429808012,-61.0
23128.00436057695,-65.0
23128.00442307378,-88.0
23128.004485570615,-121.0
23128.004548067445,-91.0
23128.004610564276,-103.0
23128.004673061107,-127.0
23128.004735557937,-104.0
23128.00479805477,-93.0
23128.004860551602,-102.0
23128.004923048433,-102.0
23128.004985545263,-88.0
23128.005048042094,-103.0
23128.00511053893,-120.0
23128.00517303576,-116.0
23128.00523553259,-128.0
23128.00529802942,-152.0
23128.00536052625,-118.0
23128.005423023085,-102.0
23128.005485519916,-130.0
23128.005548016747,-94.0
23128.005610513577,-68.0
23128.00567301041,-83.0
23128.005735507242,-83.0
23128.005798004073,-75.0
23128.005860500904,-59.0
23128.005922997734,-45.0
23128.00598549457,-48.0
23128.0060479914,-54.0
23128.00611048823,-43.0
23128.00617298506,-27.0
23128.00623548189,-39.0
23128.006297978725,-55.0
23128.006360475556,-43.0
23128.006422972387,-69.0
23128.006485469217,-111.0
23128.006547966048,-54.0
23128.006610462882,-29.0
23128.006672959713,-67.0
23128.006735456544,-51.0
23128.006797953374,-46.0
23128.00686045021,-53.0
23128.00692294704,-45.0
23128.00698544387,-33.0
23128.0070479407,-27.0
23128.00711043753,-36.0
23128.007172934365,-14.0
23128.007235431196,-14.0
23128.007297928027,-47.0
23128.007360424857,-27.0
23128.007422921688,-27.0
23128.007485418522,-36.0
23128.007547915353,-7.0
23128.007610412184,-9.0
23128.007672909014,-3.0
23128.007735405845,7.0
23128.00779790268,-4.0
23128.00786039951,13.0
23128.00792289634,29.0
23128.00798539317,19.0
23128.008047890005,2.0
23128.008110386836,22.0
23128.008172883667,31.0
23128.008235380497,17.0
23128.008297877328,24.0
23128.008360374162,31.0
23128.008422870993,17.0
23128.008485367824,-7.0
23128.008547864654,28.0
23128.008610361485,41.0
23128.00867285832,26.0
23128.00873535515,28.0
23128.00879785198,24.0
23128.00886034881,36.0
23128.00892284564,25.0
23128.008985342476,17.0
23128.009047839307,18.0
23128.009110336137,38.0
23128.009172832968,17.0
23128.009235329802,6.0
23128.009297826633,24.0
23128.009360323464,31.0
23128.009422820294,2.0
23128.009485317125,-54.0
23128.00954781396,16.0
23128.00961031079,32.0
23128.00967280762,-2.0
23128.00973530445,18.0
23128.009797801282,8.0
23128.009860298116,-9.0
23128.009922794947,23.0
23128.009985291777,27.0
23128.010047788608,-236.0
23128.01011028544,-357.0
23128.010172782273,-266.0
23128.010235279104,-257.0
23128.010297775934,-246.0
23128.010360272765,-250.0
23128.0104227696,-243.0
23128.01048526643,-271.0
23128.01054776326,-246.0
23128.01061026009,-194.0
23128.010672756922,-240.0
23128.010735253753,-184.0
23128.010797750587,-153.0
23128.010860247417,-195.0
23128.010922744248,-205.0
23128.01098524108,-222.0
23128.011047737913,-202.0
23128.011110234744,-194.0
23128.011172731574,-187.0
23128.011235228405,-145.0
23128.011297725236,-134.0
23128.01136022207,-147.0
23128.0114227189,-160.0
23128.01148521573,-184.0
23128.011547712562,-156.0
23128.011610209396,-105.0
23128.011672706227,-100.0
23128.011735203057,-100.0
23128.011797699888,-122.0
23128.01186019672,-114.0
23128.01192269355,-51.0
23128.011985190384,-9.0
23128.012047687214,8.0
23128.012110184045,37.0
23128.012172680876,-29.0
23128.01223517771,-100.0
23128.01229767454,-113.0
23128.01236017137,-112.0
23128.012422668202,-111.0
23128.012485165033,-158.0
23128.012547661867,-132.0
23128.012610158697,-107.0
23128.012672655528,-119.0
23128.01273515236,-93.0
23128.012797649193,-99.0
23128.012860146024,-134.0
23128.012922642854,-152.0
23128.012985139685,-129.0
23128.013047636516,-69.0
23128.013110133346,-42.0
23128.01317263018,-57.0
23128.01323512701,-82.0
23128.013297623842,-63.0
23128.013360120673,18.0
23128.013422617507,58.0
23128.013485114338,31.0
23128.013547611168,59.0
23128.013610108,62.0
23128.01367260483,63.0
23128.013735101664,123.0
23128.013797598494,132.0
23128.013860095325,103.0
23128.013922592156,66.0
23128.01398508899,84.0
23128.01404758582,112.0
23128.01411008265,103.0
23128.014172579482,103.0
23128.014235076313,76.0
23128.014297573143,39.0
23128.014360069978,76.0
23128.01442256681,101.0
23128.01448506364,58.0
23128.01454756047,100.0
23128.014610057304,118.0
23128.014672554134,69.0
23128.014735050965,70.0
23128.014797547796,110.0
23128.014860044626,145.0
23128.01492254146,146.0
23128.01498503829,135.0
23128.015047535122,108.0
23128.015110031953,103.0
23128.015172528787,126.0
23128.015235025618,141.0
23128.01529752245,136.0
23128.01536001928,106.0
23128.01542251611,68.0
23128.01548501294,55.0
23128.015547509774,111.0
23128.015610006605,108.0
23128.015672503436,96.0
23128.015735000266,136.0
23128.0157974971,152.0
23128.01585999393,121.0
23128.015922490762,103.0
23128.015984987593,115.0
23128.016047484423,101.0
23128.016109981258,118.0
23128.01617247809,175.0
23128.01623497492,163.0
23128.01629747175,145.0
23128.016359968584,190.0
23128.016422465415,158.0
23128.016484962245,95.0
23128.016547459076,136.0
23128.016609955906,136.0
23128.016672452737,99.0
23128.01673494957,125.0
23128.016797446402,105.0
23128.016859943233,74.0
23128.016922440063,85.0
23128.016984936898,97.0
23128.01704743373,94.0
23128.01710993056,94.0
23128.01717242739,119.0
23128.01723492422,106.0
23128.017297421055,66.0
23128.017359917885,78.0
23128.017422414716,92.0
23128.017484911546,34.0
23128.01754740838,54.0
23128.01760990521,98.0
23128.017672402042,54.0
23128.017734898873,37.0
23128.017797395703,37.0
23128.017859892534,34.0
23128.01792238937,56.0
23128.0179848862,66.0
23128.01804738303,47.0
23128.01810987986,46.0
23128.018172376695,57.0
23128.018234873525,79.0
23128.018297370356,65.0
23128.018359867187,48.0
23128.018422364017,62.0
23128.01848486085,26.0
23128.018547357682,56.0
23128.018609854513,46.0
23128.018672351343,21.0
23128.018734848178,19.0
23128.01879734501,11.0
23128.01885984184,38.0
23128.01892233867,35.0
23128.0189848355,33.0
23128.01904733233,35.0
23128.019109829165,35.0
23128.019172325996,41.0
23128.019234822827,51.0
23128.019297319657,28.0
23128.01935981649,42.0
23128.019422313322,75.0
23128.019484810153,21.0
23128.019547306983,42.0
23128.019609803814,86.0
23128.01967230065,39.0
23128.01973479748,21.0
23128.01979729431,36.0
23128.01985979114,72.0
23128.019922287975,37.0
23128.019984784805,63.0
23128.020047281636,313.0
23128.020109778467,342.0
23128.020172275297,274.0
23128.020234772128,289.0
23128.020297268962,207.0
23128.020359765793,192.0
23128.020422262623,221.0
23128.020484759454,177.0
23128.02054725629,193.0
23128.02060975312,219.0
23128.02067224995,217.0
23128.02073474678,194.0
23128.02079724361,212.0
23128.020859740445,232.0
23128.020922237276,216.0
23128.020984734107,216.0
23128.021047230937,197.0
23128.02110972777,196.0
23128.021172224602,184.0
23128.021234721433,209.0
23128.021297218263,190.0
23128.021359715094,139.0
23128.021422211925,121.0
23128.02148470876,67.0
23128.02154720559,112.0
23128.02160970242,124.0
23128.02167219925,64.0
23128.021734696085,100.0
23128.021797192916,94.0
23128.021859689747,70.0
23128.021922186577,83.0
23128.021984683408,60.0
23128.022047180242,16.0
23128.022109677073,-5.0
23128.022172173904,-4.0
23128.022234670734,36.0
23128.02229716757,73.0
23128.0223596644,78.0
23128.02242216123,101.0
23128.02248465806,98.0
23128.02254715489,141.0
23128.02260965172,157.0
23128.022672148556,106.0
23128.022734645387,101.0
23128.022797142217,96.0
23128.022859639048,95.0
23128.022922135882,106.0
23128.022984632713,100.0
23128.023047129544,71.0
23128.023109626374,40.0
23128.023172123205,17.0
23128.02323462004,-9.0
23128.02329711687,-41.0
23128.0233596137,-46.0
23128.02342211053,-42.0
23128.023484607365,-90.0
23128.023547104196,-49.0
23128.023609601027,-48.0
23128.023672097857,-100.0
23128.023734594688,-130.0
23128.02379709152,-150.0
23128.023859588353,-113.0
23128.023922085184,-99.0
23128.023984582014,-117.0
23128.024047078845,-122.0
23128.02410957568,-134.0
23128.02417207251,-127.0
23128.02423456934,-100.0
23128.02429706617,-87.0
23128.024359563,-70.0
23128.024422059836,-87.0
23128.024484556667,-153.0
23128.024547053497,-136.0
23128.024609550328,-108.0
23128.024672047162,-136.0
23128.024734543993,-115.0
23128.024797040824,-111.0
23128.024859537654,-153.0
23128.024922034485,-173.0
23128.024984531316,-144.0
23128.02504702815,-136.0
23128.02510952498,-146.0
23128.02517202181,-120.0
23128.02523451864,-130.0
23128.025297015476,-155.0
23128.025359512307,-152.0
23128.025422009137,-159.0
23128.025484505968,-191.0
23128.0255470028,-165.0
23128.025609499633,-131.0
23128.025671996464,-152.0
23128.025734493294,-121.0
23128.025796990125,-105.0
23128.02585948696,-95.0
23128.02592198379,-111.0
23128.02598448062,-139.0
23128.02604697745,-119.0
23128.026109474282,-138.0
23128.026171971112,-175.0
23128.026234467947,-158.0
23128.026296964777,-125.0
23128.026359461608,-87.0
23128.02642195844,-84.0
23128.026484455273,-114.0
23128.026546952104,-54.0
23128.026609448934,-77.0
23128.026671945765,-93.0
23128.026734442596,-48.0
23128.02679693943,-47.0
23128.02685943626,-12.0
23128.02692193309,-18.0
23128.026984429922,-36.0
23128.027046926756,-39.0
23128.027109423587,-37.0
23128.027171920417,-16.0
23128.027234417248,-25.0
23128.02729691408,-37.0
23128.02735941091,-38.0
23128.027421907744,-44.0
23128.027484404574,-53.0
23128.027546901405,-36.0
23128.027609398236,-25.0
23128.02767189507,-36.0
23128.0277343919,-38.0
23128.02779688873,-27.0
23128.027859385562,-21.0
23128.027921882393,-51.0
23128.027984379227,-65.0
23128.028046876057,-61.0
23128.028109372888,-56.0
23128.02817186972,-44.0
23128.028234366553,-52.0
23128.028296863384,-71.0
23128.028359360214,-67.0
23128.028421857045,-61.0
23128.028484353876,-74.0
23128.028546850706,-48.0
23128.02860934754,-33.0
23128.02867184437,-59.0
23128.028734341202,-63.0
23128.028796838033,-71.0
23128.028859334867,-72.0
23128.028921831698,-52.0
23128.028984328528,-47.0
23128.02904682536,-61.0
23128.02910932219,-71.0
23128.029171819024,-66.0
23128.029234315854,-47.0
23128.029296812685,-52.0
23128.029359309516,-55.0
23128.02942180635,-41.0
23128.02948430318,-71.0
23128.02954680001,-46.0
23128.029609296842,-50.0
23128.029671793673,-83.0
23128.029734290503,-46.0
23128.029796787338,-35.0
23128.02985928417,-72.0
23128.029921781,-48.0
23128.02998427783,-65.0
23128.030046774664,-302.0
23128.030109271494,-365.0
23128.030171768325,-309.0
23128.030234265156,-285.0
23128.030296761986,-233.0
23128.03035925882,-241.0
23128.03042175565,-245.0
23128.030484252482,-237.0
23128.030546749313,-232.0
23128.030609246147,-217.0
23128.030671742978,-260.0
23128.03073423981,-271.0
23128.03079673664,-239.0
23128.03085923347,-232.0
23128.0309217303,-216.0
23128.030984227134,-191.0
23128.031046723965,-164.0
23128.031109220796,-181.0
23128.031171717626,-183.0
23128.03123421446,-171.0
23128.03129671129,-199.0
23128.031359208122,-188.0
23128.031421704953,-155.0
23128.031484201783,-179.0
23128.031546698618,-134.0
23128.03160919545,-86.0
23128.03167169228,-104.0
23128.03173418911,-117.0
23128.031796685944,-110.0
23128.031859182774,-86.0
23128.031921679605,-70.0
23128.031984176436,-32.0
23128.032046673266,-19.0
23128.032109170097,-2.0
23128.03217166693,-5.0
23128.032234163762,-39.0
23128.032296660593,-76.0
23128.032359157423,-116.0
23128.032421654258,-154.0
23128.03248415109,-209.0
23128.03254664792,-151.0
23128.03260914475,-105.0
23128.03267164158,-111.0
23128.032734138415,-100.0
23128.032796635245,-115.0
23128.032859132076,-148.0
23128.032921628906,-159.0
23128.03298412574,-117.0
23128.03304662257,-76.0
23128.033109119402,-53.0
23128.033171616233,-41.0
23128.033234113063,-42.0
23128.033296609894,-74.0
23128.03335910673,-38.0
23128.03342160356,51.0
23128.03348410039,59.0
23128.03354659722,84.0
23128.033609094055,95.0
23128.033671590885,42.0
23128.033734087716,46.0
23128.033796584547,98.0
23128.033859081377,133.0
23128.03392157821,98.0
23128.033984075042,72.0
23128.034046571873,87.0
23128.034109068703,83.0
23128.034171565538,86.0
23128.03423406237,106.0
23128.0342965592,94.0
23128.03435905603,47.0
23128.03442155286,47.0
23128.03448404969,52.0
23128.034546546525,95.0
23128.034609043356,93.0
23128.034671540187,61.0
23128.034734037017,90.0
23128.03479653385,106.0
23128.034859030682,120.0
23128.034921527513,96.0
23128.034984024343,71.0
23128.035046521174,73.0
23128.03510901801,112.0
23128.03517151484,129.0
23128.03523401167,108.0
23128.0352965085,95.0
23128.035359005335,62.0
23128.035421502165,43.0
23128.035483998996,47.0
23128.035546495827,99.0
23128.035608992657,70.0
23128.035671489488,25.0
23128.035733986322,32.0
23128.035796483153,41.0
23128.035858979983,79.0
23128.035921476814,69.0
23128.03598397365,44.0
23128.03604647048,49.0
23128.03610896731,20.0
23128.03617146414,36.0
23128.03623396097,125.0
23128.036296457805,113.0
23128.036358954636,80.0
23128.036421451467,74.0
23128.036483948297,18.0
23128.03654644513,53.0
23128.036608941962,62.0
23128.036671438793,26.0
23128.036733935623,50.0
23128.036796432454,56.0
23128.036858929285,25.0
23128.03692142612,23.0
23128.03698392295,37.0
23128.03704641978,45.0
23128.03710891661,41.0
23128.037171413445,25.0
23128.037233910276,39.0
23128.037296407107,44.0
23128.037358903937,35.0
23128.037421400768,48.0
23128.037483897602,32.0
23128.037546394433,58.0
23128.037608891264,91.0
23128.037671388094,37.0
23128.03773388493,28.0
23128.03779638176,56.0
23128.03785887859,51.0
23128.03792137542,46.0
23128.03798387225,58.0
23128.03804636908,69.0
23128.038108865916,45.0
23128.038171362747,35.0
23128.038233859577,39.0
23128.038296356408,16.0
23128.038358853242,17.0
23128.038421350073,42.0
23128.038483846904,17.0
23128.038546343734,42.0
23128.038608840565,52.0
23128.0386713374,24.0
23128.03873383423,19.0
23128.03879633106,7.0
23128.03885882789,11.0
23128.038921324725,-4.0
23128.038983821556,-1.0
23128.039046318387,-8.0
23128.039108815217,-9.0
23128.039171312048,11.0
23128.03923380888,12.0
23128.039296305713,32.0
23128.039358802544,36.0
23128.039421299374,26.0
23128.039483796205,-15.0
23128.03954629304,9.0
23128.03960878987,27.0
23128.0396712867,-18.0
23128.03973378353,-7.0
23128.03979628036,-26.0
23128.039858777196,-18.0
23128.039921274027,-48.0
23128.039983770857,4.0
23128.040046267688,273.0
23128.040108764522,321.0
23128.040171261353,287.0
23128.040233758184,274.0
23128.040296255014,232.0
23128.040358751845,249.0
23128.040421248676,246.0
23128.04048374551,217.0
23128.04054624234,246.0
23128.04060873917,256.0
23128.040671236,229.0
23128.040733732836,210.0
23128.040796229667,201.0
23128.040858726497,212.0
23128.040921223328,204.0
23128.04098372016,185.0
23128.041046216993,201.0
23128.041108713824,213.0
23128.041171210654,199.0
23128.041233707485,214.0
23128.04129620432,177.0
23128.04135870115,149.0
23128.04142119798,139.0
23128.04148369481,82.0
23128.041546191642,117.0
23128.041608688472,133.0
23128.041671185307,99.0
23128.041733682137,126.0
23128.041796178968,75.0
23128.0418586758,41.0
23128.041921172633,11.0
23128.041983669464,-50.0
23128.042046166294,-21.0
23128.042108663125,0.0
23128.042171159956,-1.0
23128.04223365679,45.0
23128.04229615362,59.0
23128.04235865045,67.0
23128.042421147282,92.0
23128.042483644116,40.0
23128.042546140947,68.0
23128.042608637777,117.0
23128.042671134608,73.0
23128.04273363144,63.0
23128.04279612827,95.0
23128.042858625104,105.0
23128.042921121934,79.0
23128.042983618765,90.0
23128.043046115596,84.0
23128.04310861243,43.0
23128.04317110926,2.0
23128.04323360609,-23.0
23128.043296102922,-36.0
23128.043358599753,-63.0
23128.043421096587,-67.0
23128.043483593417,-108.0
23128.043546090248,-83.0
23128.04360858708,-52.0
23128.043671083913,-74.0
23128.043733580744,-97.0
23128.043796077574,-129.0
23128.043858574405,-136.0
23128.043921071236,-132.0
23128.043983568066,-107.0
23128.0440460649,-102.0
23128.04410856173,-101.0
23128.044171058562,-83.0
23128.044233555393,-70.0
23128.044296052227,-61.0
23128.044358549058,-74.0
23128.044421045888,-123.0
23128.04448354272,-149.0
23128.04454603955,-111.0
23128.044608536384,-113.0
23128.044671033214,-112.0
23128.044733530045,-101.0
23128.044796026876,-116.0
23128.04485852371,-131.0
23128.04492102054,-150.0
23128.04498351737,-152.0
23128.045046014202,-152.0
23128.045108511033,-152.0
23128.045171007863,-150.0
23128.045233504698,-155.0
23128.04529600153,-159.0
23128.04535849836,-180.0
23128.04542099519,-170.0
23128.045483492024,-149.0
23128.045545988854,-82.0
23128.045608485685,-104.0
23128.045670982516,-167.0
23128.045733479346,-161.0
23128.04579597618,-185.0
23128.04585847301,-153.0
23128.045920969842,-116.0
23128.045983466673,-116.0
23128.046045963507,-137.0
23128.046108460338,-168.0
23128.04617095717,-181.0
23128.046233454,-158.0
23128.04629595083,-111.0
23128.04635844766,-93.0
23128.046420944494,-100.0
23128.046483441325,-142.0
23128.046545938156,-113.0
23128.046608434986,-59.0
23128.04667093182,-80.0
23128.04673342865,-78.0
23128.046795925482,-73.0
23128.046858422313,-84.0
23128.046920919143,-85.0
23128.046983415978,-90.0
23128.04704591281,-90.0
23128.04710840964,-72.0
23128.04717090647,-52.0
23128.047233403304,-64.0
23128.047295900134,-82.0
23128.047358396965,-68.0
23128.047420893796,-63.0
23128.047483390626,-80.0
23128.047545887457,-58.0
23128.04760838429,-45.0
23128.047670881122,-77.0
23128.047733377953,-38.0
23128.047795874783,-31.0
23128.047858371618,-29.0
23128.04792086845,-28.0
23128.04798336528,-65.0
23128.04804586211,-22.0
23128.04810835894,-7.0
23128.048170855775,-26.0
23128.048233352605,-13.0
23128.048295849436,-17.0
23128.048358346266,-19.0
23128.0484208431,-44.0
23128.04848333993,-59.0
23128.048545836762,-15.0
23128.048608333593,-6.0
23128.048670830423,-19.0
23128.048733327254,-17.0
23128.04879582409,-25.0
23128.04885832092,-34.0
23128.04892081775,-37.0
23128.04898331458,-16.0
23128.049045811415,-10.0
23128.049108308245,-11.0
23128.049170805076,-9.0
23128.049233301906,-15.0
23128.049295798737,-11.0
23128.04935829557,-13.0
23128.049420792402,-14.0
23128.049483289233,-27.0
23128.049545786063,-10.0
23128.049608282898,0.0
23128.04967077973,-26.0
23128.04973327656,-22.0
23128.04979577339,4.0
23128.04985827022,-7.0
23128.04992076705,1.0
23128.049983263885,-11.0
23128.050045760716,-262.0
23128.050108257547,-361.0
23128.050170754377,-302.0
23128.05023325121,-299.0
23128.050295748042,-248.0
23128.050358244873,-228.0
23128.050420741703,-252.0
23128.050483238534,-261.0
23128.05054573537,-206.0
23128.0506082322,-176.0
23128.05067072903,-231.0
23128.05073322586,-198.0
23128.050795722695,-180.0
23128.050858219525,-212.0
23128.050920716356,-193.0
23128.050983213187,-187.0
23128.051045710017,-167.0
23128.051108206848,-160.0
23128.051170703682,-137.0
23128.051233200513,-107.0
23128.051295697343,-102.0
23128.051358194174,-71.0
23128.05142069101,-78.0
23128.05148318784,-108.0
23128.05154568467,-40.0
23128.0516081815,-24.0
23128.05167067833,-76.0
23128.051733175165,-80.0
23128.051795671996,-57.0
23128.051858168827,-20.0
23128.051920665657,-14.0
23128.05198316249,-4.0
23128.052045659322,19.0
23128.052108156153,7.0
23128.052170652983,-23.0
23128.052233149814,-13.0
23128.052295646645,-48.0
23128.05235814348,-94.0
23128.05242064031,-72.0
23128.05248313714,-95.0
23128.05254563397,-40.0
23128.052608130805,-8.0
23128.052670627636,-76.0
23128.052733124467,-94.0
23128.052795621297,-67.0
23128.052858118128,-55.0
23128.052920614962,-70.0
23128.052983111793,-32.0
23128.053045608624,1.0
23128.053108105454,5.0
23128.05317060229,-3.0
23128.05323309912,26.0
23128.05329559595,32.0
23128.05335809278,35.0
23128.05342058961,59.0
23128.05348308644,66.0
23128.053545583276,119.0
23128.053608080107,158.0
23128.053670576937,150.0
23128.053733073768,143.0
23128.053795570602,132.0
23128.053858067433,118.0
23128.053920564264,111.0
23128.053983061094,101.0
23128.054045557925,96.0
23128.05410805476,117.0
23128.05417055159,110.0
23128.05423304842,99.0
23128.05429554525,73.0
23128.054358042085,51.0
23128.054420538916,66.0
23128.054483035747,79.0
23128.054545532577,137.0
23128.054608029408,145.0
23128.05467052624,102.0
23128.054733023073,79.0
23128.054795519904,71.0
23128.054858016734,110.0
23128.054920513565,150.0
23128.0549830104,152.0
23128.05504550723,140.0
23128.05510800406,119.0
23128.05517050089,89.0
23128.05523299772,119.0
23128.055295494556,162.0
23128.055357991387,160.0
23128.055420488217,129.0
23128.055482985048,75.0
23128.055545481882,102.0
23128.055607978713,154.0
23128.055670475544,144.0
23128.055732972374,140.0
23128.055795469205,77.0
23128.055857966036,50.0
23128.05592046287,101.0
23128.0559829597,123.0
23128.05604545653,118.0
23128.05610795336,98.0
23128.056170450196,104.0
23128.056232947027,117.0
23128.056295443857,125.0
23128.056357940688,142.0
23128.05642043752,115.0
23128.056482934353,57.0
23128.056545431184,108.0
23128.056607928014,167.0
23128.056670424845,124.0
23128.05673292168,120.0
23128.05679541851,109.0
23128.05685791534,87.0
23128.05692041217,101.0
23128.056982909,113.0
23128.057045405832,127.0
23128.057107902667,128.0
23128.057170399497,93.0
23128.057232896328,90.0
23128.05729539316,94.0
23128.057357889993,101.0
23128.057420386824,102.0
23128.057482883654,46.0
23128.057545380485,66.0
23128.057607877316,99.0
23128.05767037415,79.0
23128.05773287098,66.0
23128.05779536781,81.0
23128.057857864642,82.0
23128.057920361476,57.0
23128.057982858307,46.0
23128.058045355137,65.0
23128.058107851968,94.0
23128.0581703488,94.0
23128.05823284563,93.0
23128.058295342464,99.0
23128.058357839294,101.0
23128.058420336125,89.0
23128.058482832956,61.0
23128.05854532979,104.0
23128.05860782662,133.0
23128.05867032345,83.0
23128.058732820282,75.0
23128.058795317113,83.0
23128.058857813947,87.0
23128.058920310777,66.0
23128.058982807608,67.0
23128.05904530444,74.0
23128.059107801273,42.0
23128.059170298104,53.0
23128.059232794934,95.0
23128.059295291765,92.0
23128.059357788596,80.0
23128.059420285426,93.0
23128.05948278226,77.0
23128.05954527909,97.0
23128.059607775922,117.0
23128.059670272753,86.0
23128.059732769587,65.0
23128.059795266417,55.0
23128.059857763248,99.0
23128.05992026008,55.0
23128.05998275691,111.0
23128.060045253744,326.0
23128.060107750574,311.0
23128.060170247405,296.0
23128.060232744236,308.0
23128.060295241066,260.0
23128.0603577379,307.0
23128.06042023473,300.0
23128.060482731562,210.0
23128.060545228393,285.0
23128.060607725223,298.0
23128.060670222058,262.0
23128.060732718888,245.0
23128.06079521572,228.0
23128.06085771255,252.0
23128.060920209384,220.0
23128.060982706214,207.0
23128.061045203045,221.0
23128.061107699876,214.0
23128.061170196706,206.0
23128.06123269354,202.0
23128.06129519037,189.0
23128.061357687202,194.0
23128.061420184033,184.0
23128.061482680863,159.0
23128.061545177698,209.0
23128.06160767453,208.0
23128.06167017136,170.0
23128.06173266819,169.0
23128.06179516502,156.0
23128.061857661854,139.0
23128.061920158685,105.0
23128.061982655516,102.0
23128.062045152346,92.0
23128.06210764918,83.0
23128.06217014601,96.0
23128.062232642842,136.0
23128.062295139673,165.0
23128.062357636503,198.0
23128.062420133338,218.0
23128.06248263017,173.0
23128.062545127,210.0
23128.06260762383,197.0
23128.06267012066,164.0
23128.062732617494,198.0
23128.062795114325,169.0
23128.062857611156,150.0
23128.062920107986,160.0
23128.062982604817,168.0
23128.06304510165,132.0
23128.063107598482,118.0
23128.063170095313,134.0
23128.063232592143,86.0
23128.063295088978,70.0
23128.06335758581,58.0
23128.06342008264,10.0
23128.06348257947,-20.0
23128.0635450763,-3.0
23128.063607573135,-3.0
23128.063670069965,-40.0
23128.063732566796,-44.0
23128.063795063626,-56.0
23128.063857560457,-85.0
23128.06392005729,-94.0
23128.063982554122,-86.0
23128.064045050953,-98.0
23128.064107547783,-87.0
23128.064170044614,-63.0
23128.06423254145,-67.0
23128.06429503828,-74.0
23128.06435753511,-63.0
23128.06442003194,-62.0
23128.064482528775,-78.0
23128.064545025605,-37.0
23128.064607522436,-27.0
23128.064670019266,-59.0
23128.064732516097,-58.0
23128.06479501293,-96.0
23128.064857509762,-140.0
23128.064920006593,-149.0
23128.064982503423,-138.0
23128.065045000254,-150.0
23128.06510749709,-117.0
23128.06516999392,-83.0
23128.06523249075,-126.0
23128.06529498758,-129.0
23128.06535748441,-95.0
23128.065419981245,-90.0
23128.065482478076,-132.0
23128.065544974907,-118.0
23128.065607471737,-95.0
23128.06566996857,-127.0
23128.065732465402,-110.0
23128.065794962233,-84.0
23128.065857459063,-80.0
23128.065919955894,-67.0
23128.06598245273,-61.0
23128.06604494956,-82.0
23128.06610744639,-106.0
23128.06616994322,-108.0
23128.06623244005,-79.0
23128.066294936885,-35.0
23128.066357433716,-50.0
23128.066419930547,-84.0
23128.066482427377,-92.0
23128.066544924208,-16.0
23128.066607421042,15.0
23128.066669917873,-43.0
23128.066732414703,-35.0
23128.066794911534,-23.0
23128.06685740837,-35.0
23128.0669199052,-44.0
23128.06698240203,-13.0
23128.06704489886,15.0
23128.06710739569,-12.0
23128.067169892525,-12.0
23128.067232389356,5.0
23128.067294886187,3.0
23128.067357383017,-2.0
23128.067419879848,-5.0
23128.067482376682,-24.0
23128.067544873513,14.0
23128.067607370343,31.0
23128.067669867174,6.0
23128.067732364005,20.0
23128.06779486084,21.0
23128.06785735767,21.0
23128.0679198545,0.0
23128.06798235133,-3.0
23128.068044848165,19.0
23128.068107344996,9.0
23128.068169841827,-4.0
23128.068232338657,1.0
23128.068294835488,22.0
23128.068357332322,3.0
23128.068419829153,3.0
23128.068482325983,3.0
23128.068544822814,19.0
23128.068607319645,8.0
23128.06866981648,-31.0
23128.06873231331,-12.0
23128.06879481014,-9.0
23128.06885730697,8.0
23128.0689198038,32.0
23128.068982300636,34.0
23128.069044797467,24.0
23128.069107294297,17.0
23128.069169791128,27.0
23128.069232287962,45.0
23128.069294784793,24.0
23128.069357281624,20.0
23128.069419778454,46.0
23128.069482275285,-6.0
23128.06954477212,26.0
23128.06960726895,63.0
23128.06966976578,9.0
23128.06973226261,28.0
23128.06979475944,57.0
23128.069857256276,27.0
23128.069919753107,60.0
23128.069982249937,-2.0
23128.070044746768,-259.0
23128.0701072436,-293.0
23128.070169740433,-249.0
23128.070232237264,-262.0
23128.070294734094,-250.0
23128.070357230925,-243.0
23128.07041972776,-244.0
23128.07048222459,-261.0
23128.07054472142,-208.0
23128.07060721825,-172.0
23128.07066971508,-237.0
23128.070732211916,-233.0
23128.070794708747,-215.0
23128.070857205577,-223.0
23128.070919702408,-225.0
23128.07098219924,-231.0
23128.071044696073,-199.0
23128.071107192904,-225.0
23128.071169689734,-202.0
23128.071232186565,-171.0
23128.071294683396,-213.0
23128.07135718023,-173.0
23128.07141967706,-151.0
23128.07148217389,-184.0
23128.07154467072,-160.0
23128.071607167556,-130.0
23128.071669664387,-140.0
23128.071732161217,-142.0
23128.071794658048,-136.0
23128.07185715488,-98.0
23128.071919651713,-42.0
23128.071982148544,-5.0
23128.072044645374,-14.0
23128.072107142205,-14.0
23128.072169639036,-44.0
23128.07223213587,-100.0
23128.0722946327,-128.0
23128.07235712953,-115.0
23128.07241962636,-122.0
23128.072482123192,-160.0
23128.072544620027,-94.0
23128.072607116857,-65.0
23128.072669613688,-86.0
23128.07273211052,-70.0
23128.072794607353,-66.0
23128.072857104184,-67.0
23128.072919601014,-85.0
23128.072982097845,-54.0
23128.073044594676,-38.0
23128.07310709151,-30.0
23128.07316958834,-15.0
23128.07323208517,-12.0
23128.073294582002,0.0
23128.073357078832,32.0
23128.073419575667,27.0
23128.073482072497,-7.0
23128.073544569328,71.0
23128.07360706616,110.0
23128.07366956299,77.0
23128.073732059824,133.0
23128.073794556654,144.0
23128.073857053485,119.0
23128.073919550316,118.0
23128.07398204715,129.0
23128.07404454398,106.0
23128.07410704081,76.0
23128.074169537642,76.0
23128.074232034473,52.0
23128.074294531307,35.0
23128.074357028137,71.0
23128.074419524968,86.0
23128.0744820218,62.0
23128.07454451863,161.0
23128.074607015464,192.0
23128.074669512294,107.0
23128.074732009125,107.0
23128.074794505956,97.0
23128.074857002786,81.0
23128.07491949962,89.0
23128.07498199645,116.0
23128.075044493282,110.0
23128.075106990113,118.0
23128.075169486947,128.0
23128.075231983777,87.0
23128.075294480608,50.0
23128.07535697744,60.0
23128.07541947427,48.0
23128.075481971104,23.0
23128.075544467934,109.0
23128.075606964765,122.0
23128.075669461596,70.0
23128.075731958426,51.0
23128.07579445526,21.0
23128.07585695209,4.0
23128.075919448922,18.0
23128.075981945753,62.0
23128.076044442583,88.0
23128.076106939418,73.0
23128.076169436248,57.0
23128.07623193308,45.0
23128.07629442991,6.0
23128.076356926744,42.0
23128.076419423574,66.0
23128.076481920405,16.0
23128.076544417236,54.0
23128.076606914066,35.0
23128.0766694109,-25.0
23128.07673190773,-14.0
23128.076794404562,-5.0
23128.076856901393,3.0
23128.076919398223,-14.0
23128.076981895058,-2.0
23128.07704439189,9.0
23128.07710688872,-15.0
23128.07716938555,-11.0
23128.07723188238,4.0
23128.077294379214,-9.0
23128.077356876045,-11.0
23128.077419372876,2.0
23128.077481869706,-13.0
23128.07754436654,10.0
23128.07760686337,38.0
23128.077669360202,-2.0
23128.077731857033,-20.0
23128.077794353863,-8.0
23128.077856850698,14.0
23128.07791934753,17.0
23128.07798184436,-14.0
23128.07804434119,8.0
23128.07810683802,8.0
23128.078169334854,-7.0
23128.078231831685,14.0
23128.078294328516,-5.0
23128.078356825346,5.0
23128.078419322177,22.0
23128.07848181901,-24.0
23128.078544315842,5.0
23128.078606812673,35.0
23128.078669309503,7.0
23128.078731806338,-4.0
23128.07879430317,-11.0
23128.0788568,-17.0
23128.07891929683,-15.0
23128.07898179366,-5.0
23128.079044290494,-6.0
23128.079106787325,-23.0
23128.079169284156,-10.0
23128.079231780986,8.0
23128.079294277817,-9.0
23128.07935677465,3.0
23128.079419271482,-3.0
23128.079481768313,-27.0
23128.079544265143,5.0
23128.079606761974,-9.0
23128.07966925881,-18.0
23128.07973175564,0.0
23128.07979425247,-2.0
23128.0798567493,43.0
23128.079919246135,-6.0
23128.079981742965,69.0
23128.080044239796,337.0
23128.080106736626,342.0
23128.080169233457,286.0
23128.08023173029,239.0
23128.080294227122,182.0
23128.080356723953,196.0
23128.080419220783,202.0
23128.080481717614,182.0
23128.08054421445,213.0
23128.08060671128,237.0
23128.08066920811,209.0
23128.08073170494,163.0
23128.08079420177,135.0
23128.080856698605,155.0
23128.080919195436,143.0
23128.080981692267,152.0
23128.081044189097,172.0
23128.08110668593,157.0
23128.081169182762,131.0
23128.081231679593,114.0
23128.081294176423,105.0
23128.081356673254,88.0
23128.08141917009,64.0
23128.08148166692,6.0
23128.08154416375,30.0
23128.08160666058,51.0
23128.08166915741,27.0
23128.081731654245,55.0
23128.081794151076,59.0
23128.081856647907,18.0
23128.081919144737,-21.0
23128.081981641568,-45.0
23128.082044138402,-77.0
23128.082106635233,-55.0
23128.082169132063,-32.0
23128.082231628894,-1.0
23128.08229412573,47.0
23128.08235662256,63.0
23128.08241911939,80.0
23128.08248161622,34.0
23128.08254411305,65.0
23128.082606609885,93.0
23128.082669106716,54.0
23128.082731603547,54.0
23128.082794100377,78.0
23128.082856597208,94.0
23128.082919094042,69.0
23128.082981590873,76.0
23128.083044087703,49.0
23128.083106584534,10.0
23128.083169081365,18.0
23128.0832315782,8.0
23128.08329407503,-34.0
23128.08335657186,-48.0
23128.08341906869,-56.0
23128.083481565525,-113.0
23128.083544062356,-96.0
23128.083606559187,-74.0
23128.083669056017,-120.0
23128.083731552848,-127.0
23128.083794049682,-121.0
23128.083856546513,-130.0
23128.083919043343,-127.0
23128.083981540174,-128.0
23128.084044037005,-144.0
23128.08410653384,-129.0
23128.08416903067,-93.0
23128.0842315275,-126.0
23128.08429402433,-155.0
23128.08435652116,-138.0
23128.084419017996,-135.0
23128.084481514827,-170.0
23128.084544011657,-133.0
23128.084606508488,-95.0
23128.084669005322,-144.0
23128.084731502153,-163.0
23128.084793998984,-137.0
23128.084856495814,-138.0
23128.084918992645,-127.0
23128.08498148948,-115.0
23128.08504398631,-122.0
23128.08510648314,-141.0
23128.08516897997,-140.0
23128.0852314768,-119.0
23128.085293973636,-161.0
23128.085356470467,-147.0
23128.085418967297,-104.0
23128.085481464128,-140.0
23128.08554396096,-131.0
23128.085606457793,-106.0
23128.085668954624,-135.0
23128.085731451454,-149.0
23128.085793948285,-143.0
23128.08585644512,-135.0
23128.08591894195,-152.0
23128.08598143878,-136.0
23128.08604393561,-119.0
23128.08610643244,-128.0
23128.086168929276,-131.0
23128.086231426107,-117.0
23128.086293922937,-100.0
23128.086356419768,-111.0
23128.0864189166,-129.0
23128.086481413433,-148.0
23128.086543910264,-108.0
23128.086606407094,-72.0
23128.086668903925,-88.0
23128.086731400756,-82.0
23128.08679389759,-87.0
23128.08685639442,-87.0
23128.08691889125,-91.0
23128.08698138808,-91.0
23128.087043884916,-70.0
23128.087106381747,-73.0
23128.087168878577,-65.0
23128.087231375408,-66.0
23128.08729387224,-87.0
23128.087356369073,-91.0
23128.087418865904,-89.0
23128.087481362734,-107.0
23128.087543859565,-81.0
23128.087606356396,-56.0
23128.08766885323,-78.0
23128.08773135006,-76.0
23128.08779384689,-79.0
23128.08785634372,-72.0
23128.087918840552,-60.0
23128.087981337387,-89.0
23128.088043834217,-60.0
23128.088106331048,-41.0
23128.08816882788,-65.0
23128.088231324713,-55.0
23128.088293821544,-62.0
23128.088356318374,-74.0
23128.088418815205,-60.0
23128.088481312036,-78.0
23128.08854380887,-54.0
23128.0886063057,-28.0
23128.08866880253,-46.0
23128.088731299362,-53.0
23128.088793796192,-57.0
23128.088856293027,-60.0
23128.088918789857,-59.0
23128.088981286688,-32.0
23128.08904378352,-22.0
23128.08910628035,-22.0
23128.089168777184,-31.0
23128.089231274014,-36.0
23128.089293770845,-39.0
23128.089356267676,-29.0
23128.08941876451,-19.0
23128.08948126134,-39.0
23128.08954375817,-5.0
23128.089606255002,28.0
23128.089668751833,10.0
23128.089731248667,-3.0
23128.089793745497,-12.0
23128.089856242328,-51.0
23128.08991873916,-9.0
23128.08998123599,-80.0
23128.090043732824,-327.0
23128.090106229654,-318.0
23128.090168726485,-292.0
23128.090231223316,-313.0
23128.090293720146,-273.0
23128.09035621698,-263.0
23128.09041871381,-277.0
23128.090481210642,-259.0
23128.090543707473,-198.0
23128.090606204307,-184.0
23128.090668701137,-216.0
23128.090731197968,-197.0
23128.0907936948,-176.0
23128.09085619163,-196.0
23128.090918688464,-207.0
23128.090981185294,-200.0
23128.091043682125,-183.0
23128.091106178956,-184.0
23128.091168675786,-169.0
23128.09123117262,-151.0
23128.09129366945,-141.0
23128.091356166282,-131.0
23128.091418663113,-125.0
23128.091481159943,-137.0
23128.091543656778,-84.0
23128.091606153608,-47.0
23128.09166865044,-68.0
23128.09173114727,-72.0
23128.091793644104,-55.0
23128.091856140934,-30.0
23128.091918637765,11.0
23128.091981134596,40.0
23128.092043631426,25.0
23128.09210612826,-3.0
23128.09216862509,-21.0
23128.092231121922,-52.0
23128.092293618753,-129.0
23128.092356115583,-155.0
23128.092418612418,-144.0
23128.09248110925,-162.0
23128.09254360608,-112.0
23128.09260610291,-83.0
23128.09266859974,-118.0
23128.092731096574,-137.0
23128.092793593405,-117.0
23128.092856090236,-103.0
23128.092918587066,-120.0
23128.0929810839,-82.0
23128.09304358073,-63.0
23128.093106077562,-90.0
23128.093168574393,-54.0
23128.093231071223,-5.0
23128.093293568058,-24.0
23128.09335606489,-7.0
23128.09341856172,60.0
23128.09348105855,47.0
23128.09354355538,78.0
23128.093606052214,119.0
23128.093668549045,99.0
23128.093731045876,85.0
23128.093793542706,83.0
23128.093856039537,101.0
23128.09391853637,108.0
23128.093981033202,101.0
23128.094043530033,105.0
23128.094106026863,109.0
23128.094168523698,105.0
23128.09423102053,121.0
23128.09429351736,103.0
23128.09435601419,91.0
23128.09441851102,116.0
23128.094481007854,87.0
23128.094543504685,119.0
23128.094606001516,157.0
23128.094668498346,104.0
23128.094730995177,89.0
23128.09479349201,96.0
23128.094855988842,105.0
23128.094918485673,96.0
23128.094980982503,99.0
23128.095043479334,105.0
23128.09510597617,89.0
23128.095168473,124.0
23128.09523096983,138.0
23128.09529346666,129.0
23128.095355963495,132.0
23128.095418460325,133.0
23128.095480957156,89.0
23128.095543453986,108.0
23128.095605950817,106.0
23128.09566844765,68.0
23128.095730944482,65.0
23128.095793441313,60.0
23128.095855938143,80.0
23128.095918434974,92.0
23128.09598093181,119.0
23128.09604342864,129.0
23128.09610592547,119.0
23128.0961684223,120.0
23128.09623091913,98.0
23128.096293415965,76.0
23128.096355912796,79.0
23128.096418409626,66.0
23128.096480906457,42.0
23128.09654340329,94.0
23128.096605900122,122.0
23128.096668396953,82.0
23128.096730893783,97.0
23128.096793390614,102.0
23128.09685588745,84.0
23128.09691838428,53.0
23128.09698088111,70.0
23128.09704337794,74.0
23128.09710587477,68.0
23128.097168371605,88.0
23128.097230868436,89.0
23128.097293365267,76.0
23128.097355862097,77.0
23128.097418358928,88.0
23128.097480855762,47.0
23128.097543352593,89.0
23128.097605849423,127.0
23128.097668346254,73.0
23128.09773084309,56.0
23128.09779333992,73.0
23128.09785583675,80.0
23128.09791833358,65.0
23128.09798083041,79.0
23128.098043327245,96.0
23128.098105824076,77.0
23128.098168320907,61.0
23128.098230817737,59.0
23128.098293314568,44.0
23128.098355811402,39.0
23128.098418308233,63.0
23128.098480805063,10.0
23128.098543301894,40.0
23128.098605798725,82.0
23128.09866829556,46.0
23128.09873079239,58.0
23128.09879328922,50.0
23128.09885578605,34.0
23128.098918282885,35.0
23128.098980779716,58.0
23128.099043276547,47.0
23128.099105773377,29.0
23128.099168270208,26.0
23128.099230767042,33.0
23128.099293263873,40.0
23128.099355760703,11.0
23128.099418257534,16.0
23128.099480754365,12.0
23128.0995432512,50.0
23128.09960574803,72.0
23128.09966824486,27.0
23128.09973074169,23.0
23128.09979323852,37.0
23128.099855735356,69.0
23128.099918232187,4.0
23128.099980729017,109.0
23128.100043225848,334.0
23128.100105722682,302.0
23128.100168219513,270.0
23128.100230716344,269.0
23128.100293213174,275.0
23128.100355710005,273.0
23128.10041820684,228.0
23128.10048070367,166.0
23128.1005432005,208.0
23128.10060569733,235.0
23128.10066819416,211.0
23128.100730690996,246.0
23128.100793187827,228.0
23128.100855684657,210.0
23128.100918181488,206.0
23128.10098067832,184.0
23128.101043175153,188.0
23128.101105671984,240.0
23128.101168168814,223.0
23128.101230665645,169.0
23128.10129316248,167.0
23128.10135565931,131.0
23128.10141815614,116.0
23128.10148065297,109.0
23128.1015431498,153.0
23128.101605646636,171.0
23128.101668143467,97.0
23128.101730640297,97.0
23128.101793137128,87.0
23128.10185563396,57.0
23128.101918130793,62.0
23128.101980627624,48.0
23128.102043124454,55.0
23128.102105621285,77.0
23128.102168118116,69.0
23128.10223061495,93.0
23128.10229311178,124.0
23128.10235560861,149.0
23128.10241810544,169.0
23128.102480602276,143.0
23128.102543099107,171.0
23128.102605595937,172.0
23128.102668092768,131.0
23128.1027305896,146.0
23128.102793086433,151.0
23128.102855583264,117.0
23128.102918080094,90.0
23128.102980576925,95.0
23128.103043073756,72.0
23128.10310557059,72.0
23128.10316806742,69.0
23128.10323056425,56.0
23128.10329306108,54.0
23128.103355557912,33.0
23128.103418054747,15.0
23128.103480551577,-36.0
23128.103543048408,-40.0
23128.10360554524,-36.0
23128.103668042073,-86.0
23128.103730538904,-125.0
23128.103793035734,-118.0
23128.103855532565,-98.0
23128.103918029396,-97.0
23128.10398052623,-68.0
23128.10404302306,-68.0
23128.10410551989,-77.0
23128.10416801672,-78.0
23128.104230513552,-43.0
23128.104293010387,-40.0
23128.104355507217,-42.0
23128.104418004048,-20.0
23128.10448050088,-64.0
23128.10454299771,-53.0
23128.104605494544,-43.0
23128.104667991374,-69.0
23128.104730488205,-89.0
23128.104792985036,-109.0
23128.10485548187,-100.0
23128.1049179787,-110.0
23128.10498047553,-121.0
23128.105042972362,-114.0
23128.105105469192,-123.0
23128.105167966027,-130.0
23128.105230462857,-126.0
23128.105292959688,-132.0
23128.10535545652,-121.0
23128.10541795335,-121.0
23128.105480450184,-142.0
23128.105542947014,-94.0
23128.105605443845,-91.0
23128.105667940676,-132.0
23128.105730437506,-100.0
23128.10579293434,-107.0
23128.10585543117,-104.0
23128.105917928002,-81.0
23128.105980424833,-78.0
23128.106042921667,-79.0
23128.106105418497,-67.0
23128.106167915328,-90.0
23128.10623041216,-98.0
23128.10629290899,-63.0
23128.106355405824,-43.0
23128.106417902654,-40.0
23128.106480399485,-73.0
23128.106542896316,-48.0
23128.106605393146,-44.0
23128.10666788998,-89.0
23128.10673038681,-81.0
23128.106792883642,-60.0
23128.106855380473,-64.0
23128.106917877303,-68.0
23128.106980374137,-50.0
23128.107042870968,-43.0
23128.1071053678,-51.0
23128.10716786463,-30.0
23128.107230361464,-9.0
23128.107292858294,-31.0
23128.107355355125,-22.0
23128.107417851956,-21.0
23128.107480348786,-40.0
23128.10754284562,-20.0
23128.10760534245,-12.0
23128.107667839282,-29.0
23128.107730336113,-30.0
23128.107792832943,-44.0
23128.107855329778,-58.0
23128.107917826608,-76.0
23128.10798032344,-68.0
23128.10804282027,-31.0
23128.1081053171,-19.0
23128.108167813934,-23.0
23128.108230310765,-3.0
23128.108292807596,-12.0
23128.108355304426,-31.0
23128.10841780126,-20.0
23128.10848029809,-54.0
23128.108542794922,-16.0
23128.108605291753,-12.0
23128.108667788583,-40.0
23128.108730285418,-30.0
23128.10879278225,-27.0
23128.10885527908,-32.0
23128.10891777591,-46.0
23128.10898027274,-8.0
23128.109042769574,-7.0
23128.109105266405,-35.0
23128.109167763236,-38.0
23128.109230260066,-35.0
23128.109292756897,-48.0
23128.10935525373,-36.0
23128.109417750562,-3.0
23128.109480247393,-39.0
23128.109542744223,-14.0
23128.109605241058,9.0
23128.10966773789,-29.0
23128.10973023472,-35.0
23128.10979273155,-21.0
23128.10985522838,-19.0
23128.109917725214,29.0
23128.109980222045,-56.0
23128.110042718876,-325.0
23128.110105215706,-335.0
23128.110167712537,-267.0
23128.11023020937,-275.0
23128.110292706202,-253.0
23128.110355203033,-229.0
23128.110417699863,-226.0
23128.110480196694,-234.0
23128.11054269353,-196.0
23128.11060519036,-163.0
23128.11066768719,-204.0
23128.11073018402,-181.0
23128.110792680855,-202.0
23128.110855177685,-218.0
23128.110917674516,-171.0
23128.110980171346,-162.0
23128.111042668177,-160.0
23128.11110516501,-152.0
23128.111167661842,-122.0
23128.111230158673,-112.0
23128.111292655503,-134.0
23128.111355152334,-124.0
23128.11141764917,-86.0
23128.111480146,-63.0
23128.11154264283,-33.0
23128.11160513966,-16.0
23128.11166763649,-36.0
23128.111730133325,-65.0
23128.111792630156,-57.0
23128.111855126986,-42.0
23128.111917623817,-18.0
23128.11198012065,24.0
23128.112042617482,31.0
23128.112105114313,38.0
23128.112167611143,-12.0
23128.112230107974,-75.0
23128.11229260481,-112.0
23128.11235510164,-124.0
23128.11241759847,-124.0
23128.1124800953,-171.0
23128.11254259213,-133.0
23128.112605088965,-106.0
23128.112667585796,-118.0
23128.112730082627,-100.0
23128.112792579457,-115.0
23128.112855076288,-91.0
23128.112917573122,-86.0
23128.112980069953,-96.0
23128.113042566783,-66.0
23128.113105063614,-65.0
23128.11316756045,-54.0
23128.11323005728,-34.0
23128.11329255411,2.0
23128.11335505094,42.0
23128.11341754777,28.0
23128.113480044605,27.0
23128.113542541436,67.0
23128.113605038267,71.0
23128.113667535097,42.0
23128.113730031928,76.0
23128.113792528762,75.0
23128.113855025593,48.0
23128.113917522423,59.0
23128.113980019254,65.0
23128.114042516085,55.0
23128.11410501292,40.0
23128.11416750975,46.0
23128.11423000658,40.0
23128.11429250341,23.0
23128.114355000245,15.0
23128.114417497076,4.0
23128.114479993907,17.0
23128.114542490737,64.0
23128.114604987568,64.0
23128.114667484402,58.0
23128.114729981233,90.0
23128.114792478063,95.0
23128.114854974894,89.0
23128.114917471725,88.0
23128.11497996856,65.0
23128.11504246539,63.0
23128.11510496222,79.0
23128.11516745905,77.0
23128.11522995588,92.0
23128.115292452716,107.0
23128.115354949547,103.0
23128.115417446377,95.0
23128.115479943208,75.0
23128.115542440042,132.0
23128.115604936873,140.0
23128.115667433703,102.0
23128.115729930534,120.0
23128.115792427365,124.0
23128.1158549242,128.0
23128.11591742103,119.0
23128.11597991786,114.0
23128.11604241469,109.0
23128.11610491152,127.0
23128.116167408356,88.0
23128.116229905187,35.0
23128.116292402017,65.0
23128.116354898848,85.0
23128.11641739568,54.0
23128.116479892513,18.0
23128.116542389344,52.0
23128.116604886174,73.0
23128.116667383005,65.0
23128.11672987984,85.0
23128.11679237667,91.0
23128.1168548735,101.0
23128.11691737033,90.0
23128.11697986716,70.0
23128.117042363996,49.0
23128.117104860827,61.0
23128.117167357657,52.0
23128.117229854488,26.0
23128.11729235132,54.0
23128.117354848153,55.0
23128.117417344984,14.0
23128.117479841814,-29.0
23128.117542338645,33.0
23128.117604835476,67.0
23128.11766733231,22.0
23128.11772982914,46.0
23128.11779232597,35.0
23128.1178548228,-7.0
23128.117917319636,14.0
23128.117979816467,32.0
23128.118042313297,-1.0
23128.118104810128,-11.0
23128.11816730696,0.0
23128.118229803793,7.0
23128.118292300624,-8.0
23128.118354797454,-10.0
23128.118417294285,-14.0
23128.118479791116,-42.0
23128.11854228795,-13.0
23128.11860478478,16.0
23128.11866728161,5.0
23128.11872977844,4.0
23128.118792275272,17.0
23128.118854772107,13.0
23128.118917268937,-10.0
23128.118979765768,4.0
23128.1190422626,-2.0
23128.119104759433,-16.0
23128.119167256264,5.0
23128.119229753094,1.0
23128.119292249925,-17.0
23128.119354746756,-24.0
23128.11941724359,-5.0
23128.11947974042,-26.0
23128.11954223725,-23.0
23128.11960473408,6.0
23128.119667230912,-17.0
23128.119729727747,-21.0
23128.119792224577,-30.0
23128.119854721408,11.0
23128.11991721824,-9.0
23128.11997971507,82.0
23128.120042211904,270.0
23128.120104708734,270.0
23128.120167205565,296.0
23128.120229702396,263.0
23128.12029219923,166.0
23128.12035469606,177.0
23128.12041719289,189.0
23128.120479689722,181.0
23128.120542186552,247.0
23128.120604683387,224.0
23128.120667180217,138.0
23128.120729677048,143.0
23128.12079217388,182.0
23128.12085467071,206.0
23128.120917167544,184.0
23128.120979664374,128.0
23128.121042161205,150.0
23128.121104658036,194.0
23128.121167154866,174.0
23128.1212296517,134.0
23128.12129214853,88.0
23128.121354645362,88.0
23128.121417142193,130.0
23128.121479639027,81.0
23128.121542135857,94.0
23128.121604632688,100.0
23128.12166712952,35.0
23128.12172962635,92.0
23128.121792123184,124.0
23128.121854620014,70.0
23128.121917116845,20.0
23128.121979613676,-11.0
23128.122042110506,-73.0
23128.12210460734,-35.0
23128.12216710417,81.0
23128.122229601002,88.0
23128.122292097833,84.0
23128.122354594663,95.0
23128.122417091497,81.0
23128.122479588328,75.0
23128.12254208516,128.0
23128.12260458199,147.0
23128.122667078824,98.0
23128.122729575654,78.0
23128.122792072485,58.0
23128.122854569316,76.0
23128.122917066146,96.0
23128.12297956298,97.0
23128.12304205981,106.0
23128.123104556642,135.0
23128.123167053473,104.0
23128.123229550303,18.0
23128.123292047138,13.0
23128.123354543968,13.0
23128.1234170408,1.0
23128.12347953763,-16.0
23128.12354203446,10.0
23128.123604531294,14.0
23128.123667028125,-29.0
23128.123729524956,-46.0
23128.123792021786,-79.0
23128.12385451862,-91.0
23128.12391701545,-66.0
23128.123979512282,-32.0
23128.124042009113,-38.0
23128.124104505943,-48.0
23128.124167002778,-34.0
23128.12422949961,-13.0
23128.12429199644,-16.0
23128.12435449327,-33.0
23128.1244169901,-53.0
23128.124479486934,-115.0
23128.124541983765,-77.0
23128.124604480596,-49.0
23128.124666977426,-95.0
23128.124729474257,-65.0
23128.12479197109,-37.0
23128.124854467922,-50.0
23128.124916964753,-45.0
23128.124979461583,-40.0
23128.125041958418,-87.0
23128.12510445525,-120.0
23128.12516695208,-118.0
23128.12522944891,-131.0
23128.12529194574,-146.0
23128.125354442574,-115.0
23128.125416939405,-122.0
23128.125479436236,-160.0
23128.125541933066,-98.0
23128.125604429897,-73.0
23128.12566692673,-102.0
23128.125729423562,-63.0
23128.125791920393,-44.0
23128.125854417223,-67.0
23128.125916914054,-68.0
23128.12597941089,-75.0
23128.12604190772,-98.0
23128.12610440455,-92.0
23128.12616690138,-104.0
23128.126229398214,-76.0
23128.126291895045,-79.0
23128.126354391876,-101.0
23128.126416888706,-62.0
23128.126479385537,-84.0
23128.12654188237,-90.0
23128.126604379202,-73.0
23128.126666876033,-95.0
23128.126729372863,-89.0
23128.126791869694,-68.0
23128.12685436653,-74.0
23128.12691686336,-96.0
23128.12697936019,-75.0
23128.12704185702,-46.0
23128.12710435385,-68.0
23128.127166850685,-70.0
23128.127229347516,-41.0
23128.127291844346,-68.0
23128.127354341177,-90.0
23128.12741683801,-71.0
23128.127479334842,-87.0
23128.127541831673,-88.0
23128.127604328503,-59.0
23128.127666825334,-69.0
23128.12772932217,-68.0
23128.127791819,-52.0
23128.12785431583,-62.0
23128.12791681266,-77.0
23128.12797930949,-61.0
23128.128041806325,-41.0
23128.128104303156,-59.0
23128.128166799987,-66.0
23128.128229296817,-64.0
23128.128291793648,-36.0
23128.128354290482,-33.0
23128.128416787313,-45.0
23128.128479284143,-59.0
23128.128541780974,-57.0
23128.12860427781,-30.0
23128.12866677464,-48.0
23128.12872927147,-49.0
23128.1287917683,-33.0
23128.12885426513,-45.0
23128.128916761965,-50.0
23128.128979258796,-25.0
23128.129041755627,-12.0
23128.129104252457,-27.0
23128.129166749288,-24.0
23128.129229246122,-33.0
23128.129291742953,-35.0
23128.129354239783,-7.0
23128.129416736614,15.0
23128.129479233445,-23.0
23128.12954173028,-10.0
23128.12960422711,18.0
23128.12966672394,-7.0
23128.12972922077,14.0
23128.129791717605,-6.0
23128.129854214436,-15.0
23128.129916711267,39.0
23128.129979208097,-94.0
23128.130041704928,-309.0
23128.130104201762,-307.0
23128.130166698593,-278.0
23128.130229195423,-247.0
23128.130291692254,-227.0
23128.130354189085,-225.0
23128.13041668592,-181.0
23128.13047918275,-179.0
23128.13054167958,-151.0
23128.13060417641,-137.0
23128.13066667324,-186.0
23128.130729170076,-178.0
23128.130791666907,-183.0
23128.130854163737,-164.0
23128.130916660568,-157.0
23128.130979157402,-145.0
23128.131041654233,-145.0
23128.131104151063,-177.0
23128.131166647894,-159.0
23128.131229144725,-148.0
23128.13129164156,-127.0
23128.13135413839,-97.0
23128.13141663522,-88.0
23128.13147913205,-114.0
23128.13154162888,-116.0
23128.131604125716,-78.0
23128.131666622547,-84.0
23128.131729119377,-80.0
23128.131791616208,-43.0
23128.13185411304,-23.0
23128.131916609873,-26.0
23128.131979106704,8.0
23128.132041603534,44.0
23128.132104100365,56.0
23128.1321665972,25.0
23128.13222909403,-67.0
23128.13229159086,-99.0
23128.13235408769,-107.0
23128.13241658452,-122.0
23128.132479081356,-93.0
23128.132541578187,-52.0
23128.132604075017,-87.0
23128.132666571848,-110.0
23128.13272906868,-85.0
23128.132791565513,-86.0
23128.132854062344,-138.0
23128.132916559174,-198.0
23128.132979056005,-259.0
23128.133041552835,-506.0
23128.13310404967,-419.0
23128.1331665465,17.0
23128.13322904333,238.0
23128.13329154016,387.0
23128.133354036996,330.0
23128.133416533827,176.0
23128.133479030657,172.0
23128.133541527488,124.0
23128.13360402432,117.0
23128.133666521153,17.0
23128.133729017984,-162.0
23128.133791514814,-126.0
23128.133854011645,-81.0
23128.133916508476,29.0
23128.13397900531,258.0
23128.13404150214,222.0
23128.13410399897,90.0
23128.1341664958,29.0
23128.134228992632,-22.0
23128.134291489467,17.0
23128.134353986297,76.0
23128.134416483128,18.0
23128.13447897996,-2.0
23128.134541476793,131.0
23128.134603973624,130.0
23128.134666470454,160.0
23128.134728967285,107.0
23128.134791464116,40.0
23128.13485396095,105.0
23128.13491645778,67.0
23128.13497895461,156.0
23128.13504145144,220.0
23128.135103948272,144.0
23128.135166445107,127.0
23128.135228941937,176.0
23128.135291438768,156.0
23128.1353539356,181.0
23128.13541643243,193.0
23128.135478929264,79.0
23128.135541426094,153.0
23128.135603922925,194.0
23128.135666419756,141.0
23128.13572891659,212.0
23128.13579141342,170.0
23128.13585391025,90.0
23128.135916407082,80.0
23128.135978903912,65.0
23128.136041400747,103.0
23128.136103897577,125.0
23128.136166394408,117.0
23128.13622889124,122.0
23128.13629138807,108.0
23128.136353884904,104.0
23128.136416381734,112.0
23128.136478878565,56.0
23128.136541375396,30.0
23128.136603872226,40.0
23128.13666636906,34.0
23128.13672886589,65.0
23128.136791362722,97.0
23128.136853859553,109.0
23128.136916356387,121.0
23128.136978853217,123.0
23128.137041350048,115.0
23128.13710384688,92.0
23128.13716634371,48.0
23128.137228840544,26.0
23128.137291337374,-12.0
23128.137353834205,-14.0
23128.137416331036,26.0
23128.137478827866,-2.0
23128.1375413247,65.0
23128.13760382153,85.0
23128.137666318362,48.0
23128.137728815193,63.0
23128.137791312023,32.0
23128.137853808857,8.0
23128.137916305688,-16.0
23128.13797880252,-24.0
23128.13804129935,-26.0
23128.138103796184,-27.0
23128.138166293014,-17.0
23128.138228789845,-20.0
23128.138291286676,-34.0
23128.138353783506,-37.0
23128.13841628034,-51.0
23128.13847877717,-94.0
23128.138541274002,-61.0
23128.138603770833,-50.0
23128.138666267663,-82.0
23128.138728764498,-52.0
23128.138791261328,-39.0
23128.13885375816,-44.0
23128.13891625499,-39.0
23128.13897875182,-18.0
23128.139041248654,-23.0
23128.139103745485,-45.0
23128.139166242316,-34.0
23128.139228739146,-27.0
23128.13929123598,-43.0
23128.13935373281,-48.0
23128.139416229642,-53.0
23128.139478726473,-84.0
23128.139541223303,-62.0
23128.139603720138,-45.0
23128.139666216968,-61.0
23128.1397287138,-75.0
23128.13979121063,-68.0
23128.13985370746,-57.0
23128.139916204294,-103.0
23128.139978701125,54.0
23128.140041197956,297.0
23128.140103694786,294.0
23128.140166191617,251.0
23128.14022868845,211.0
23128.140291185282,164.0
23128.140353682113,157.0
23128.140416178943,149.0
23128.140478675778,146.0
23128.14054117261,175.0
23128.14060366944,203.0
23128.14066616627,180.0
23128.1407286631,100.0
23128.140791159934,109.0
23128.140853656765,155.0
23128.140916153596,166.0
23128.140978650426,188.0
23128.141041147257,172.0
23128.14110364409,127.0
23128.141166140922,100.0
23128.141228637753,122.0
23128.141291134583,109.0
23128.141353631414,126.0
23128.14141612825,107.0
23128.14147862508,21.0
23128.14154112191,63.0
23128.14160361874,110.0
23128.141666115574,102.0
23128.141728612405,123.0
23128.141791109236,58.0
23128.141853606066,-29.0
23128.141916102897,-24.0
23128.14197859973,-17.0
23128.142041096562,-7.0
23128.142103593393,31.0
23128.142166090223,26.0
23128.142228587054,49.0
23128.14229108389,129.0
23128.14235358072,179.0
23128.14241607755,179.0
23128.14247857438,114.0
23128.14254107121,154.0
23128.142603568045,193.0
23128.142666064876,161.0
23128.142728561706,175.0
23128.142791058537,136.0
23128.14285355537,75.0
23128.142916052202,81.0
23128.142978549033,111.0
23128.143041045863,106.0
23128.143103542694,74.0
23128.14316603953,41.0
23128.14322853636,-7.0
23128.14329103319,4.0
23128.14335353002,17.0
23128.14341602685,-12.0
23128.143478523685,-86.0
23128.143541020516,-124.0
23128.143603517346,-106.0
23128.143666014177,-115.0
23128.143728511008,-78.0
23128.143791007842,-57.0
23128.143853504673,-83.0
23128.143916001503,-125.0
23128.143978498334,-142.0
23128.14404099517,-118.0
23128.144103492,-88.0
23128.14416598883,-90.0
23128.14422848566,-72.0
23128.14429098249,-55.0
23128.144353479325,-107.0
23128.144415976156,-117.0
23128.144478472987,-145.0
23128.144540969817,-98.0
23128.144603466648,-39.0
23128.144665963482,-77.0
23128.144728460313,-105.0
23128.144790957143,-126.0
23128.144853453974,-140.0
23128.144915950805,-158.0
23128.14497844764,-148.0
23128.14504094447,-120.0
23128.1451034413,-141.0
23128.14516593813,-148.0
23128.145228434965,-133.0
23128.145290931796,-163.0
23128.145353428627,-189.0
23128.145415925457,-167.0
23128.145478422288,-166.0
23128.145540919122,-150.0
23128.145603415953,-103.0
23128.145665912783,-134.0
23128.145728409614,-140.0
23128.145790906445,-101.0
23128.14585340328,-121.0
23128.14591590011,-161.0
23128.14597839694,-151.0
23128.14604089377,-163.0
23128.1461033906,-176.0
23128.146165887436,-176.0
23128.146228384267,-164.0
23128.146290881097,-169.0
23128.146353377928,-164.0
23128.146415874762,-103.0
23128.146478371593,-132.0
23128.146540868423,-121.0
23128.146603365254,-66.0
23128.146665862085,-94.0
23128.14672835892,-93.0
23128.14679085575,-88.0
23128.14685335258,-85.0
23128.14691584941,-86.0
23128.14697834624,-100.0
23128.147040843076,-92.0
23128.147103339907,-82.0
23128.147165836737,-87.0
23128.147228333568,-102.0
23128.1472908304,-84.0
23128.147353327233,-78.0
23128.147415824064,-52.0
23128.147478320894,-58.0
23128.147540817725,-68.0
23128.14760331456,-50.0
23128.14766581139,-72.0
23128.14772830822,-74.0
23128.14779080505,-46.0
23128.14785330188,-59.0
23128.147915798716,-66.0
23128.147978295547,-32.0
23128.148040792377,-59.0
23128.148103289208,-53.0
23128.14816578604,-43.0
23128.148228282873,-38.0
23128.148290779704,-23.0
23128.148353276534,-64.0
23128.148415773365,-49.0
23128.148478270195,-45.0
23128.14854076703,-27.0
23128.14860326386,-2.0
23128.14866576069,-43.0
23128.14872825752,-44.0
23128.148790754356,-39.0
23128.148853251187,-55.0
23128.148915748017,-71.0
23128.148978244848,-40.0
23128.14904074168,-23.0
23128.149103238513,-28.0
23128.149165735344,-10.0
23128.149228232174,-31.0
23128.149290729005,-41.0
23128.149353225836,-55.0
23128.14941572267,-40.0
23128.1494782195,-43.0
23128.14954071633,-11.0
23128.14960321316,12.0
23128.149665709992,-53.0
23128.149728206827,-60.0
23128.149790703657,-16.0
23128.149853200488,-31.0
23128.14991569732,2.0
23128.149978194153,-125.0
23128.150040690984,-367.0
23128.150103187814,-342.0
23128.150165684645,-340.0
23128.150228181476,-337.0
23128.15029067831,-287.0
23128.15035317514,-300.0
23128.15041567197,-280.0
23128.1504781688,-255.0
23128.150540665632,-231.0
23128.150603162467,-235.0
23128.150665659297,-236.0
23128.150728156128,-196.0
23128.15079065296,-239.0
23128.15085314979,-241.0
23128.150915646624,-225.0
23128.150978143454,-241.0
23128.151040640285,-238.0
23128.151103137116,-231.0
23128.15116563395,-229.0
23128.15122813078,-222.0
23128.15129062761,-186.0
23128.15135312444,-177.0
23128.151415621272,-161.0
23128.151478118107,-158.0
23128.151540614937,-147.0
23128.151603111768,-135.0
23128.1516656086,-177.0
23128.15172810543,-169.0
23128.151790602264,-136.0
23128.151853099094,-102.0
23128.151915595925,-73.0
23128.151978092756,-42.0
23128.152040589586,-1.0
23128.15210308642,-38.0
23128.15216558325,-94.0
23128.152228080082,-108.0
23128.152290576912,-150.0
23128.152353073747,-172.0
23128.152415570577,-140.0
23128.152478067408,-144.0
23128.15254056424,-138.0
23128.15260306107,-130.0
23128.152665557904,-153.0
23128.152728054734,-146.0
23128.152790551565,-115.0
23128.152853048396,-123.0
23128.152915545226,-123.0
23128.15297804206,-101.0
23128.15304053889,-92.0
23128.153103035722,-79.0
23128.153165532553,-35.0
23128.153228029383,20.0
23128.153290526217,29.0
23128.153353023048,52.0
23128.15341551988,60.0
23128.15347801671,36.0
23128.153540513544,83.0
23128.153603010374,119.0
23128.153665507205,107.0
23128.153728004036,122.0
23128.153790500866,117.0
23128.1538529977,104.0
23128.15391549453,106.0
23128.153977991362,117.0
23128.154040488193,145.0
23128.154102985023,129.0
23128.154165481857,81.0
23128.154227978688,96.0
23128.15429047552,81.0
23128.15435297235,73.0
23128.15441546918,99.0
23128.154477966014,51.0
23128.154540462845,83.0
23128.154602959676,105.0
23128.154665456506,90.0
23128.15472795334,88.0
23128.15479045017,69.0
23128.154852947002,67.0
23128.154915443833,44.0
23128.154977940663,70.0
23128.155040437498,88.0
23128.155102934328,91.0
23128.15516543116,112.0
23128.15522792799,134.0
23128.15529042482,143.0
23128.155352921654,121.0
23128.155415418485,95.0
23128.155477915316,72.0
23128.155540412146,96.0
23128.155602908977,109.0
23128.15566540581,64.0
23128.155727902642,71.0
23128.155790399473,72.0
23128.155852896303,68.0
23128.155915393138,76.0
23128.15597788997,72.0
23128.1560403868,80.0
23128.15610288363,93.0
23128.15616538046,79.0
23128.156227877294,79.0
23128.156290374125,98.0
23128.156352870956,59.0
23128.156415367786,18.0
23128.156477864617,23.0
23128.15654036145,39.0
23128.156602858282,45.0
23128.156665355113,31.0
23128.156727851943,14.0
23128.156790348774,16.0
23128.15685284561,33.0
23128.15691534244,39.0
23128.15697783927,47.0
23128.1570403361,33.0
23128.157102832934,29.0
23128.157165329765,53.0
23128.157227826596,81.0
23128.157290323426,64.0
23128.157352820257,40.0
23128.15741531709,51.0
23128.157477813922,0.0
23128.157540310753,24.0
23128.157602807583,49.0
23128.157665304414,-8.0
23128.15772780125,16.0
23128.15779029808,40.0
23128.15785279491,28.0
23128.15791529174,33.0
23128.15797778857,41.0
23128.158040285405,34.0
23128.158102782236,30.0
23128.158165279066,20.0
23128.158227775897,28.0
23128.15829027273,28.0
23128.158352769562,8.0
23128.158415266393,46.0
23128.158477763223,28.0
23128.158540260054,50.0
23128.15860275689,71.0
23128.15866525372,20.0
23128.15872775055,36.0
23128.15879024738,25.0
23128.15885274421,33.0
23128.158915241045,45.0
23128.158977737876,54.0
23128.159040234706,51.0
23128.159102731537,42.0
23128.159165228368,44.0
23128.159227725202,58.0
23128.159290222033,60.0
23128.159352718863,46.0
23128.159415215694,56.0
23128.15947771253,15.0
23128.15954020936,45.0
23128.15960270619,79.0
23128.15966520302,34.0
23128.15972769985,36.0
23128.159790196685,50.0
23128.159852693516,57.0
23128.159915190347,-3.0
23128.159977687177,178.0
23128.160040184008,413.0
23128.160102680842,332.0
23128.160165177673,286.0
23128.160227674503,289.0
23128.160290171334,276.0
23128.160352668165,274.0
23128.160415165,261.0
23128.16047766183,246.0
23128.16054015866,297.0
23128.16060265549,323.0
23128.160665152325,280.0
23128.160727649156,234.0
23128.160790145987,234.0
23128.160852642817,246.0
23128.160915139648,243.0
23128.160977636482,235.0
23128.161040133313,241.0
23128.161102630143,253.0
23128.161165126974,247.0
23128.161227623805,241.0
23128.16129012064,194.0
23128.16135261747,169.0
23128.1614151143,179.0
23128.16147761113,138.0
23128.16154010796,160.0
23128.161602604796,189.0
23128.161665101627,168.0
23128.161727598457,174.0
23128.161790095288,134.0
23128.161852592122,90.0
23128.161915088953,66.0
23128.161977585783,52.0
23128.162040082614,64.0
23128.162102579445,81.0
23128.16216507628,113.0
23128.16222757311,149.0
23128.16229006994,165.0
23128.16235256677,187.0
23128.1624150636,215.0
23128.162477560436,184.0
23128.162540057267,193.0
23128.162602554097,208.0
23128.162665050928,164.0
23128.16272754776,155.0
23128.162790044593,164.0
23128.162852541423,188.0
23128.162915038254,180.0
23128.162977535085,145.0
23128.16304003192,113.0
23128.16310252875,121.0
23128.16316502558,130.0
23128.16322752241,88.0
23128.16329001924,54.0
23128.163352516076,7.0
23128.163415012907,-7.0
23128.163477509737,-23.0
23128.163540006568,-10.0
23128.1636025034,-2.0
23128.163665000233,-45.0
23128.163727497064,-72.0
23128.163789993894,-88.0
23128.163852490725,-45.0
23128.163914987555,-38.0
23128.16397748439,-89.0
23128.16403998122,-105.0
23128.16410247805,-71.0
23128.16416497488,-75.0
23128.164227471716,-78.0
23128.164289968547,-73.0
23128.164352465377,-104.0
23128.164414962208,-92.0
23128.16447745904,-82.0
23128.164539955873,-61.0
23128.164602452704,-75.0
23128.164664949534,-167.0
23128.164727446365,-135.0
23128.164789943196,-87.0
23128.16485244003,-95.0
23128.16491493686,-109.0
23128.16497743369,-128.0
23128.16503993052,-155.0
23128.165102427352,-142.0
23128.165164924187,-107.0
23128.165227421017,-101.0
23128.165289917848,-90.0
23128.16535241468,-103.0
23128.165414911513,-126.0
23128.165477408344,-154.0
23128.165539905174,-109.0
23128.165602402005,-45.0
23128.165664898836,-76.0
23128.16572739567,-97.0
23128.1657898925,-126.0
23128.16585238933,-156.0
23128.16591488616,-120.0
23128.165977382992,-97.0
23128.166039879827,-97.0
23128.166102376657,-95.0
23128.166164873488,-116.0
23128.16622737032,-114.0
23128.16628986715,-119.0
23128.166352363984,-124.0
23128.166414860814,-106.0
23128.166477357645,-145.0
23128.166539854476,-100.0
23128.16660235131,-57.0
23128.16666484814,-93.0
23128.16672734497,-97.0
23128.1667898418,-97.0
23128.166852338632,-78.0
23128.166914835467,-74.0
23128.166977332297,-70.0
23128.167039829128,-75.0
23128.16710232596,-97.0
23128.16716482279,-88.0
23128.167227319624,-71.0
23128.167289816454,-89.0
23128.167352313285,-105.0
23128.167414810116,-77.0
23128.167477306946,-97.0
23128.16753980378,-84.0
23128.16760230061,-50.0
23128.167664797442,-61.0
23128.167727294272,-72.0
23128.167789791107,-72.0
23128.167852287937,-52.0
23128.167914784768,-61.0
23128.1679772816,-73.0
23128.16803977843,-55.0
23128.168102275264,-30.0
23128.168164772094,-28.0
23128.168227268925,-24.0
23128.168289765756,-38.0
23128.168352262586,-43.0
23128.16841475942,-34.0
23128.16847725625,-49.0
23128.168539753082,-21.0
23128.168602249913,-11.0
23128.168664746743,-30.0
23128.168727243577,-16.0
23128.168789740408,-20.0
23128.16885223724,-25.0
23128.16891473407,-39.0
23128.168977230904,-50.0
23128.169039727734,-32.0
23128.169102224565,-14.0
23128.169164721396,-12.0
23128.169227218226,-23.0
23128.16928971506,-17.0
23128.16935221189,-14.0
23128.169414708722,-35.0
23128.169477205553,-61.0
23128.169539702383,-25.0
23128.169602199217,1.0
23128.169664696048,-9.0
23128.16972719288,-9.0
23128.16978968971,-22.0
23128.16985218654,-28.0
23128.169914683374,36.0
23128.169977180205,-120.0
23128.170039677036,-398.0
23128.170102173866,-355.0
23128.1701646707,-311.0
23128.17022716753,-303.0
23128.170289664362,-243.0
23128.170352161193,-252.0
23128.170414658023,-255.0
23128.170477154858,-240.0
23128.170539651688,-186.0
23128.17060214852,-153.0
23128.17066464535,-205.0
23128.17072714218,-157.0
23128.170789639014,-125.0
23128.170852135845,-179.0
23128.170914632676,-183.0
23128.170977129506,-144.0
23128.171039626337,-162.0
23128.17110212317,-151.0
23128.171164620002,-138.0
23128.171227116833,-114.0
23128.171289613663,-77.0
23128.171352110498,-90.0
23128.17141460733,-77.0
23128.17147710416,-120.0
23128.17153960099,-104.0
23128.17160209782,-51.0
23128.171664594654,-83.0
23128.171727091485,-91.0
23128.171789588316,-72.0
23128.171852085146,-43.0
23128.171914581977,9.0
23128.17197707881,40.0
23128.172039575642,24.0
23128.172102072473,-8.0
23128.172164569303,-27.0
23128.172227066134,-48.0
23128.17228956297,-67.0
23128.1723520598,-80.0
23128.17241455663,-107.0
23128.17247705346,-142.0
23128.172539550294,-98.0
23128.172602047125,-69.0
23128.172664543956,-107.0
23128.172727040786,-110.0
23128.172789537617,-117.0
23128.17285203445,-96.0
23128.172914531282,-72.0
23128.172977028113,-53.0
23128.173039524943,-33.0
23128.173102021774,-18.0
23128.17316451861,2.0
23128.17322701544,10.0
23128.17328951227,18.0
23128.1733520091,13.0
23128.17341450593,55.0
23128.173477002765,71.0
23128.173539499596,94.0
23128.173601996426,128.0
23128.173664493257,101.0
23128.17372699009,93.0
23128.173789486922,80.0
23128.173851983753,85.0
23128.173914480583,102.0
23128.173976977414,106.0
23128.17403947425,92.0
23128.17410197108,105.0
23128.17416446791,88.0
23128.17422696474,40.0
23128.17428946157,51.0
23128.174351958405,71.0
23128.174414455236,78.0
23128.174476952066,44.0
23128.174539448897,73.0
23128.174601945728,65.0
23128.174664442562,49.0
23128.174726939393,125.0
23128.174789436223,122.0
23128.174851933054,106.0
23128.17491442989,76.0
23128.17497692672,63.0
23128.17503942355,50.0
23128.17510192038,61.0
23128.17516441721,114.0
23128.175226914045,99.0
23128.175289410876,72.0
23128.175351907706,55.0
23128.175414404537,56.0
23128.175476901368,31.0
23128.175539398202,87.0
23128.175601895033,134.0
23128.175664391863,90.0
23128.175726888694,115.0
23128.175789385525,102.0
23128.17585188236,66.0
23128.17591437919,89.0
23128.17597687602,107.0
23128.17603937285,91.0
23128.176101869685,108.0
23128.176164366516,127.0
23128.176226863347,119.0
23128.176289360177,124.0
23128.176351857008,98.0
23128.176414353842,68.0
23128.176476850673,33.0
23128.176539347503,69.0
23128.176601844334,105.0
23128.176664341165,58.0
23128.176726838,71.0
23128.17678933483,71.0
23128.17685183166,56.0
23128.17691432849,61.0
23128.17697682532,60.0
23128.177039322156,61.0
23128.177101818987,59.0
23128.177164315817,45.0
23128.177226812648,61.0
23128.177289309482,32.0
23128.177351806313,23.0
23128.177414303143,55.0
23128.177476799974,-5.0
23128.177539296805,33.0
23128.17760179364,108.0
23128.17766429047,66.0
23128.1777267873,64.0
23128.17778928413,72.0
23128.17785178096,45.0
23128.177914277796,15.0
23128.177976774627,27.0
23128.178039271457,35.0
23128.178101768288,18.0
23128.17816426512,16.0
23128.178226761953,14.0
23128.178289258783,17.0
23128.178351755614,29.0
23128.178414252445,12.0
23128.17847674928,-22.0
23128.17853924611,27.0
23128.17860174294,53.0
23128.17866423977,4.0
23128.1787267366,17.0
23128.178789233436,35.0
23128.178851730267,38.0
23128.178914227097,43.0
23128.178976723928,31.0
23128.17903922076,9.0
23128.179101717593,13.0
23128.179164214424,35.0
23128.179226711254,31.0
23128.179289208085,6.0
23128.179351704915,18.0
23128.17941420175,34.0
23128.17947669858,-13.0
23128.17953919541,30.0
23128.17960169224,54.0
23128.179664189076,16.0
23128.179726685907,11.0
23128.179789182737,-9.0
23128.179851679568,7.0
23128.1799141764,-45.0
23128.179976673233,161.0
23128.180039170064,367.0
23128.180101666894,281.0
23128.180164163725,307.0
23128.180226660555,298.0
23128.18028915739,248.0
23128.18035165422,291.0
23128.18041415105,271.0
23128.18047664788,171.0
23128.180539144712,222.0
23128.180601641547,280.0
23128.180664138377,208.0
23128.180726635208,165.0
23128.18078913204,197.0
23128.180851628873,200.0
23128.180914125704,179.0
23128.180976622534,190.0
23128.181039119365,199.0
23128.181101616196,173.0
23128.18116411303,202.0
23128.18122660986,198.0
23128.18128910669,146.0
23128.18135160352,177.0
23128.181414100352,159.0
23128.181476597187,122.0
23128.181539094017,156.0
23128.181601590848,141.0
23128.18166408768,117.0
23128.18172658451,145.0
23128.181789081344,112.0
23128.181851578174,82.0
23128.181914075005,94.0
23128.181976571836,46.0
23128.18203906867,31.0
23128.1821015655,80.0
23128.18216406233,70.0
23128.18222655916,91.0
23128.182289055992,120.0
23128.182351552827,119.0
23128.182414049657,144.0
23128.182476546488,105.0
23128.18253904332,122.0
23128.18260154015,157.0
23128.182664036984,96.0
23128.182726533814,86.0
23128.182789030645,81.0
23128.182851527476,76.0
23128.182914024306,87.0
23128.18297652114,96.0
23128.18303901797,85.0
23128.183101514802,79.0
23128.183164011632,68.0
23128.183226508467,23.0
23128.183289005297,-10.0
23128.183351502128,-33.0
23128.18341399896,-56.0
23128.18347649579,-64.0
23128.183538992624,-12.0
23128.183601489454,-6.0
23128.183663986285,-70.0
23128.183726483116,-100.0
23128.183788979946,-100.0
23128.18385147678,-108.0
23128.18391397361,-83.0
23128.183976470442,-29.0
23128.184038967272,-53.0
23128.184101464103,-66.0
23128.184163960937,-67.0
23128.184226457768,-73.0
23128.1842889546,-42.0
23128.18435145143,-17.0
23128.184413948264,-31.0
23128.184476445094,-94.0
23128.184538941925,-114.0
23128.184601438756,-56.0
23128.184663935586,-47.0
23128.18472643242,-75.0
23128.18478892925,-91.0
23128.184851426082,-104.0
23128.184913922913,-103.0
23128.184976419743,-74.0
23128.185038916577,-59.0
23128.185101413408,-98.0
23128.18516391024,-130.0
23128.18522640707,-164.0
23128.1852889039,-137.0
23128.185351400734,-83.0
23128.185413897565,-85.0
23128.185476394396,-127.0
23128.185538891226,-107.0
23128.18560138806,-48.0
23128.18566388489,-48.0
23128.185726381722,-63.0
23128.185788878553,-105.0
23128.185851375383,-104.0
23128.185913872217,-83.0
23128.185976369048,-48.0
23128.18603886588,-53.0
23128.18610136271,-91.0
23128.18616385954,-111.0
23128.186226356374,-112.0
23128.186288853205,-82.0
23128.186351350036,-80.0
23128.186413846866,-41.0
23128.186476343697,-39.0
23128.18653884053,-32.0
23128.186601337362,-32.0
23128.186663834193,-48.0
23128.186726331023,-38.0
23128.186788827858,-44.0
23128.186851324688,-22.0
23128.18691382152,-35.0
23128.18697631835,-30.0
23128.18703881518,-14.0
23128.187101312014,-30.0
23128.187163808845,-30.0
23128.187226305676,-37.0
23128.187288802506,-50.0
23128.187351299337,-37.0
23128.18741379617,-33.0
23128.187476293002,-75.0
23128.187538789833,-38.0
23128.187601286663,-21.0
23128.187663783494,-68.0
23128.18772628033,-38.0
23128.18778877716,-19.0
23128.18785127399,-56.0
23128.18791377082,-59.0
23128.187976267654,-22.0
23128.188038764485,-47.0
23128.188101261316,-38.0
23128.188163758146,-9.0
23128.188226254977,-22.0
23128.18828875181,-31.0
23128.188351248642,-36.0
23128.188413745473,-36.0
23128.188476242303,-57.0
23128.188538739134,-26.0
23128.18860123597,-10.0
23128.1886637328,-37.0
23128.18872622963,-40.0
23128.18878872646,-22.0
23128.18885122329,-21.0
23128.188913720125,-50.0
23128.188976216956,-37.0
23128.189038713786,-13.0
23128.189101210617,-12.0
23128.18916370745,4.0
23128.189226204282,11.0
23128.189288701113,-20.0
23128.189351197943,-31.0
23128.189413694774,-31.0
23128.18947619161,-67.0
23128.18953868844,-35.0
23128.18960118527,-7.0
23128.1896636821,-38.0
23128.18972617893,-16.0
23128.189788675765,-11.0
23128.189851172596,-27.0
23128.189913669426,12.0
23128.189976166257,-133.0
23128.190038663088,-320.0
23128.190101159922,-313.0
23128.190163656753,-295.0
23128.190226153583,-255.0
23128.190288650414,-245.0
23128.19035114725,-252.0
23128.19041364408,-212.0
23128.19047614091,-248.0
23128.19053863774,-270.0
23128.19060113457,-222.0
23128.190663631405,-254.0
23128.190726128236,-241.0
23128.190788625066,-237.0
23128.190851121897,-254.0
23128.190913618728,-232.0
23128.190976115562,-222.0
23128.191038612393,-216.0
23128.191101109223,-211.0
23128.191163606054,-199.0
23128.191226102885,-223.0
23128.19128859972,-195.0
23128.19135109655,-180.0
23128.19141359338,-212.0
23128.19147609021,-217.0
23128.191538587045,-181.0
23128.191601083876,-157.0
23128.191663580707,-162.0
23128.191726077537,-150.0
23128.191788574368,-121.0
23128.191851071202,-72.0
23128.191913568033,-57.0
23128.191976064863,-16.0
23128.192038561694,-5.0
23128.192101058525,-39.0
23128.19216355536,-39.0
23128.19222605219,-99.0
23128.19228854902,-150.0
23128.19235104585,-119.0
23128.19241354268,-109.0
23128.192476039516,-143.0
23128.192538536347,-107.0
23128.192601033177,-85.0
23128.192663530008,-114.0
23128.192726026842,-87.0
23128.192788523673,-84.0
23128.192851020503,-92.0
23128.192913517334,-68.0
23128.192976014165,-75.0
23128.193038511,-53.0
23128.19310100783,-35.0
23128.19316350466,-41.0
23128.19322600149,-3.0
23128.19328849832,28.0
23128.193350995156,31.0
23128.193413491987,32.0
23128.193475988817,17.0
23128.193538485648,25.0
23128.19360098248,49.0
23128.193663479313,30.0
23128.193725976143,43.0
23128.193788472974,71.0
23128.193850969805,65.0
23128.19391346664,83.0
23128.19397596347,111.0
23128.1940384603,69.0
23128.19410095713,55.0
23128.19416345396,78.0
23128.194225950796,75.0
23128.194288447627,40.0
23128.194350944457,44.0
23128.194413441288,72.0
23128.19447593812,50.0
23128.194538434953,97.0
23128.194600931783,142.0
23128.194663428614,113.0
23128.194725925445,105.0
23128.194788422275,92.0
23128.19485091911,54.0
23128.19491341594,45.0
23128.19497591277,93.0
23128.1950384096,80.0
23128.195100906436,85.0
23128.195163403267,103.0
23128.195225900097,88.0
23128.195288396928,72.0
23128.19535089376,47.0
23128.195413390593,50.0
23128.195475887424,35.0
23128.195538384254,85.0
23128.195600881085,116.0
23128.195663377915,45.0
23128.19572587475,9.0
23128.19578837158,21.0
23128.19585086841,35.0
23128.19591336524,51.0
23128.195975862072,73.0
23128.196038358907,68.0
23128.196100855737,75.0
23128.196163352568,66.0
23128.1962258494,46.0
23128.196288346233,51.0
23128.196350843064,64.0
23128.196413339894,51.0
23128.196475836725,-9.0
23128.196538333556,13.0
23128.19660083039,57.0
23128.19666332722,22.0
23128.19672582405,14.0
23128.19678832088,6.0
23128.196850817712,12.0
23128.196913314547,25.0
23128.196975811377,32.0
23128.197038308208,32.0
23128.19710080504,33.0
23128.19716330187,28.0
23128.197225798704,35.0
23128.197288295534,29.0
23128.197350792365,14.0
23128.197413289196,35.0
23128.19747578603,-10.0
23128.19753828286,7.0
23128.19760077969,67.0
23128.19766327652,52.0
23128.197725773352,49.0
23128.197788270187,29.0
23128.197850767017,32.0
23128.197913263848,39.0
23128.19797576068,24.0
23128.19803825751,14.0
23128.198100754344,21.0
23128.198163251174,33.0
23128.198225748005,36.0
23128.198288244836,24.0
23128.198350741666,12.0
23128.1984132385,8.0
23128.19847573533,-23.0
23128.19853823216,18.0
23128.198600728992,51.0
23128.198663225827,-4.0
23128.198725722657,-5.0
23128.198788219488,9.0
23128.19885071632,-14.0
23128.19891321315,-13.0
23128.198975709984,19.0
23128.199038206814,16.0
23128.199100703645,12.0
23128.199163200476,-1.0
23128.199225697306,-2.0
23128.19928819414,-15.0
23128.19935069097,-15.0
23128.199413187802,9.0
23128.199475684632,-26.0
23128.199538181463,-3.0
23128.199600678297,26.0
23128.199663175128,-13.0
23128.19972567196,-13.0
23128.19978816879,-4.0
23128.199850665624,16.0
23128.199913162454,-31.0
23128.199975659285,138.0
23128.200038156116,331.0
23128.200100652946,276.0
23128.20016314978,260.0
23128.20022564661,222.0
23128.200288143442,197.0
23128.200350640273,221.0
23128.200413137103,193.0
23128.200475633937,164.0
23128.200538130768,198.0
23128.2006006276,226.0
23128.20066312443,173.0
23128.20072562126,136.0
23128.200788118094,209.0
23128.200850614925,242.0
23128.200913111756,214.0
23128.200975608586,212.0
23128.20103810542,226.0
23128.20110060225,210.0
23128.201163099082,195.0
23128.201225595913,226.0
23128.201288092743,179.0
23128.201350589577,151.0
23128.201413086408,181.0
23128.20147558324,134.0
23128.20153808007,156.0
23128.2016005769,200.0
23128.201663073734,163.0
23128.201725570565,161.0
23128.201788067396,142.0
23128.201850564226,86.0
23128.201913061057,53.0
23128.20197555789,12.0
23128.202038054722,12.0
23128.202100551553,22.0
23128.202163048383,38.0
23128.202225545218,114.0
23128.202288042048,141.0
23128.20235053888,147.0
23128.20241303571,134.0
23128.20247553254,102.0
23128.202538029374,136.0
23128.202600526205,168.0
23128.202663023036,151.0
23128.202725519866,133.0
23128.202788016697,154.0
23128.20285051353,138.0
23128.202913010362,107.0
23128.202975507193,123.0
23128.203038004023,63.0
23128.203100500854,28.0
23128.20316299769,34.0
23128.20322549452,35.0
23128.20328799135,0.0
23128.20335048818,-11.0
23128.203412985014,25.0
23128.203475481845,-40.0
23128.203537978676,-47.0
23128.203600475506,-19.0
23128.203662972337,-102.0
23128.20372546917,-114.0
23128.203787966002,-104.0
23128.203850462833,-141.0
23128.203912959663,-124.0
23128.203975456494,-86.0
23128.20403795333,-78.0
23128.20410045016,-32.0
23128.20416294699,-28.0
23128.20422544382,-58.0
23128.20428794065,-95.0
23128.204350437485,-134.0
23128.204412934316,-129.0
23128.204475431146,-136.0
23128.204537927977,-70.0
23128.20460042481,-35.0
23128.204662921642,-100.0
23128.204725418473,-125.0
23128.204787915303,-143.0
23128.204850412134,-143.0
23128.20491290897,-126.0
23128.2049754058,-87.0
23128.20503790263,-85.0
23128.20510039946,-122.0
23128.20516289629,-130.0
23128.205225393125,-142.0
23128.205287889956,-166.0
23128.205350386786,-106.0
23128.205412883617,-48.0
23128.205475380448,-81.0
23128.205537877282,-83.0
23128.205600374113,-66.0
23128.205662870943,-109.0
23128.205725367774,-103.0
23128.20578786461,-63.0
23128.20585036144,-67.0
23128.20591285827,-87.0
23128.2059753551,-92.0
23128.20603785193,-98.0
23128.206100348765,-93.0
23128.206162845596,-69.0
23128.206225342426,-52.0
23128.206287839257,-60.0
23128.206350336088,-57.0
23128.206412832922,-51.0
23128.206475329753,-67.0
23128.206537826583,-21.0
23128.206600323414,11.0
23128.206662820245,-26.0
23128.20672531708,-14.0
23128.20678781391,-7.0
23128.20685031074,-3.0
23128.20691280757,-12.0
23128.206975304405,-29.0
23128.207037801236,-11.0
23128.207100298067,-6.0
23128.207162794897,-23.0
23128.207225291728,-33.0
23128.207287788562,-16.0
23128.207350285393,-25.0
23128.207412782223,-28.0
23128.207475279054,-30.0
23128.207537775885,-19.0
23128.20760027272,6.0
23128.20766276955,9.0
23128.20772526638,-3.0
23128.20778776321,-14.0
23128.20785026004,2.0
23128.207912756876,7.0
23128.207975253707,25.0
23128.208037750537,10.0
23128.208100247368,-14.0
23128.208162744202,-5.0
23128.208225241033,9.0
23128.208287737863,9.0
23128.208350234694,12.0
23128.208412731525,22.0
23128.20847522836,-5.0
23128.20853772519,1.0
23128.20860022202,35.0
23128.20866271885,18.0
23128.20872521568,-20.0
23128.208787712516,-17.0
23128.208850209347,-9.0
23128.208912706177,-13.0
23128.208975203008,-4.0
23128.20903769984,-11.0
23128.209100196673,-18.0
23128.209162693503,-9.0
23128.209225190334,15.0
23128.209287687165,12.0
23128.209350184,-16.0
23128.20941268083,8.0
23128.20947517766,-6.0
23128.20953767449,4.0
23128.20960017132,33.0
23128.209662668156,3.0
23128.209725164987,11.0
23128.209787661817,10.0
23128.209850158648,-6.0
23128.20991265548,38.0
23128.209975152313,-132.0
23128.210037649143,-332.0
23128.210100145974,-288.0
23128.210162642805,-257.0
23128.210225139635,-225.0
23128.21028763647,-212.0
23128.2103501333,-231.0
23128.21041263013,-203.0
23128.21047512696,-237.0
23128.210537623796,-247.0
23128.210600120627,-186.0
23128.210662617457,-199.0
23128.210725114288,-179.0
23128.21078761112,-210.0
23128.210850107953,-202.0
23128.210912604784,-176.0
23128.210975101614,-203.0
23128.211037598445,-195.0
23128.211100095275,-195.0
23128.21116259211,-207.0
23128.21122508894,-220.0
23128.21128758577,-184.0
23128.2113500826,-148.0
23128.211412579432,-131.0
23128.211475076267,-145.0
23128.211537573097,-116.0
23128.211600069928,-57.0
23128.21166256676,-87.0
23128.211725063593,-78.0
23128.211787560424,-32.0
23128.211850057254,-39.0
23128.211912554085,-33.0
23128.211975050915,4.0
23128.21203754775,6.0
23128.21210004458,-18.0
23128.21216254141,-38.0
23128.21222503824,-68.0
23128.212287535072,-94.0
23128.212350031907,-103.0
23128.212412528737,-127.0
23128.212475025568,-169.0
23128.2125375224,-113.0
23128.21260001923,-64.0
23128.212662516064,-94.0
23128.212725012894,-88.0
23128.212787509725,-67.0
23128.212850006556,-63.0
23128.21291250339,-64.0
23128.21297500022,-38.0
23128.21303749705,-12.0
23128.21309999388,-9.0
23128.213162490712,21.0
23128.213224987547,23.0
23128.213287484377,11.0
23128.213349981208,38.0
23128.21341247804,70.0
23128.21347497487,42.0
23128.213537471704,48.0
23128.213599968534,83.0
23128.213662465365,55.0
23128.213724962196,91.0
23128.213787459026,73.0
23128.21384995586,54.0
23128.21391245269,86.0
23128.21397494952,83.0
23128.214037446352,93.0
23128.214099943187,138.0
23128.214162440017,128.0
23128.214224936848,126.0
23128.21428743368,148.0
23128.21434993051,102.0
23128.214412427344,116.0
23128.214474924174,139.0
23128.214537421005,135.0
23128.214599917836,162.0
23128.214662414666,154.0
23128.2147249115,137.0
23128.21478740833,139.0
23128.214849905162,147.0
23128.214912401992,136.0
23128.214974898823,117.0
23128.215037395657,116.0
23128.215099892488,139.0
23128.21516238932,136.0
23128.21522488615,131.0
23128.215287382984,145.0
23128.215349879814,130.0
23128.215412376645,139.0
23128.215474873476,93.0
23128.215537370306,90.0
23128.21559986714,127.0
23128.21566236397,82.0
23128.215724860802,61.0
23128.215787357633,79.0
23128.215849854463,83.0
23128.215912351297,76.0
23128.215974848128,92.0
23128.21603734496,104.0
23128.21609984179,134.0
23128.21616233862,122.0
23128.216224835454,80.0
23128.216287332285,75.0
23128.216349829116,50.0
23128.216412325946,57.0
23128.21647482278,39.0
23128.21653731961,57.0
23128.216599816442,88.0
23128.216662313273,53.0
23128.216724810103,18.0
23128.216787306937,20.0
23128.216849803768,42.0
23128.2169123006,14.0
23128.21697479743,37.0
23128.21703729426,45.0
23128.217099791094,0.0
23128.217162287925,26.0
23128.217224784756,50.0
23128.217287281586,14.0
23128.217349778417,8.0
23128.21741227525,25.0
23128.217474772082,-12.0
23128.217537268913,-5.0
23128.217599765743,35.0
23128.217662262578,15.0
23128.217724759408,6.0
23128.21778725624,7.0
23128.21784975307,-6.0
23128.2179122499,-13.0
23128.217974746734,2.0
23128.218037243565,1.0
23128.218099740396,0.0
23128.218162237226,10.0
23128.218224734057,24.0
23128.21828723089,26.0
23128.218349727722,33.0
23128.218412224553,37.0
23128.218474721383,-10.0
23128.218537218214,17.0
23128.21859971505,60.0
23128.21866221188,14.0
23128.21872470871,4.0
23128.21878720554,6.0
23128.218849702374,8.0
23128.218912199205,4.0
23128.218974696036,14.0
23128.219037192866,7.0
23128.219099689697,-8.0
23128.21916218653,-3.0
23128.219224683362,-6.0
23128.219287180193,-9.0
23128.219349677023,1.0
23128.219412173854,-2.0
23128.21947467069,-33.0
23128.21953716752,29.0
23128.21959966435,54.0
23128.21966216118,9.0
23128.21972465801,13.0
23128.219787154845,24.0
23128.219849651676,7.0
23128.219912148506,-20.0
23128.219974645337,192.0
23128.22003714217,371.0
23128.220099639002,336.0
23128.220162135833,315.0
23128.220224632663,274.0
23128.220287129494,250.0
23128.22034962633,269.0
23128.22041212316,255.0
23128.22047461999,185.0
23128.22053711682,228.0
23128.22059961365,264.0
23128.220662110485,182.0
23128.220724607316,223.0
23128.220787104146,255.0
23128.220849600977,206.0
23128.220912097808,219.0
23128.220974594642,231.0
23128.221037091473,202.0
23128.221099588303,211.0
23128.221162085134,225.0
23128.22122458197,195.0
23128.2212870788,167.0
23128.22134957563,170.0
23128.22141207246,167.0
23128.22147456929,130.0
23128.221537066125,169.0
23128.221599562956,164.0
23128.221662059786,118.0
23128.221724556617,137.0
23128.221787053448,109.0
23128.221849550282,48.0
23128.221912047113,13.0
23128.221974543943,-14.0
23128.222037040774,2.0
23128.222099537605,23.0
23128.22216203444,27.0
23128.22222453127,66.0
23128.2222870281,101.0
23128.22234952493,105.0
23128.222412021765,116.0
23128.222474518596,89.0
23128.222537015426,82.0
23128.222599512257,120.0
23128.222662009088,97.0
23128.222724505922,78.0
23128.222787002753,87.0
23128.222849499583,93.0
23128.222911996414,80.0
23128.222974493245,83.0
23128.22303699008,64.0
23128.22309948691,28.0
23128.22316198374,14.0
23128.22322448057,16.0
23128.2232869774,-11.0
23128.223349474236,-35.0
23128.223411971067,-45.0
23128.223474467897,-108.0
23128.223536964728,-122.0
23128.223599461562,-97.0
23128.223661958393,-126.0
23128.223724455223,-135.0
23128.223786952054,-157.0
23128.223849448885,-151.0
23128.22391194572,-147.0
23128.22397444255,-155.0
23128.22403693938,-148.0
23128.22409943621,-134.0
23128.22416193304,-122.0
23128.224224429876,-123.0
23128.224286926707,-121.0
23128.224349423537,-111.0
23128.224411920368,-107.0
23128.2244744172,-124.0
23128.224536914033,-138.0
23128.224599410863,-156.0
23128.224661907694,-189.0
23128.224724404525,-183.0
23128.22478690136,-196.0
23128.22484939819,-190.0
23128.22491189502,-155.0
23128.22497439185,-162.0
23128.22503688868,-175.0
23128.225099385516,-177.0
23128.225161882347,-176.0
23128.225224379177,-180.0
23128.225286876008,-163.0
23128.22534937284,-176.0
23128.225411869673,-164.0
23128.225474366503,-146.0
23128.225536863334,-118.0
23128.225599360165,-79.0
23128.225661856995,-111.0
23128.22572435383,-119.0
23128.22578685066,-120.0
23128.22584934749,-140.0
23128.22591184432,-145.0
23128.225974341156,-140.0
23128.226036837987,-129.0
23128.226099334817,-109.0
23128.226161831648,-136.0
23128.22622432848,-126.0
23128.226286825313,-108.0
23128.226349322144,-121.0
23128.226411818974,-126.0
23128.226474315805,-136.0
23128.226536812635,-83.0
23128.22659930947,-56.0
23128.2266618063,-80.0
23128.22672430313,-56.0
23128.22678679996,-69.0
23128.226849296792,-77.0
23128.226911793627,-59.0
23128.226974290457,-73.0
23128.227036787288,-68.0
23128.22709928412,-67.0
23128.227161780953,-59.0
23128.227224277784,-43.0
23128.227286774614,-59.0
23128.227349271445,-78.0
23128.227411768275,-68.0
23128.22747426511,-61.0
23128.22753676194,-47.0
23128.22759925877,-30.0
23128.2276617556,-36.0
23128.227724252432,-33.0
23128.227786749267,-29.0
23128.227849246097,-29.0
23128.227911742928,-41.0
23128.22797423976,-38.0
23128.22803673659,-24.0
23128.228099233424,-33.0
23128.228161730254,-28.0
23128.228224227085,-16.0
23128.228286723916,-12.0
23128.22834922075,-2.0
23128.22841171758,-17.0
23128.22847421441,-29.0
23128.22853671124,-6.0
23128.228599208072,5.0
23128.228661704907,-10.0
23128.228724201737,-8.0
23128.228786698568,2.0
23128.2288491954,-38.0
23128.22891169223,-40.0
23128.228974189064,-11.0
23128.229036685894,-12.0
23128.229099182725,7.0
23128.229161679556,12.0
23128.229224176386,-5.0
23128.22928667322,5.0
23128.22934917005,5.0
23128.22941166688,-1.0
23128.229474163712,-18.0
23128.229536660547,3.0
23128.229599157377,54.0
23128.229661654208,8.0
23128.22972415104,-9.0
23128.22978664787,33.0
23128.229849144704,15.0
23128.229911641534,42.0
23128.229974138365,-139.0
23128.230036635196,-332.0
23128.230099132026,-246.0
23128.23016162886,-236.0
23128.23022412569,-240.0
23128.23028662252,-215.0
23128.230349119352,-220.0
23128.230411616183,-186.0
23128.230474113017,-185.0
23128.230536609848,-147.0
23128.23059910668,-125.0
23128.23066160351,-180.0
23128.230724100344,-186.0
23128.230786597174,-196.0
23128.230849094005,-179.0
23128.230911590836,-174.0
23128.230974087666,-149.0
23128.2310365845,-120.0
23128.23109908133,-145.0
23128.231161578162,-155.0
23128.231224074992,-123.0
23128.231286571823,-119.0
23128.231349068657,-160.0
23128.231411565488,-120.0
23128.23147406232,-85.0
23128.23153655915,-64.0
23128.23159905598,-32.0
23128.231661552814,-51.0
23128.231724049645,-84.0
23128.231786546476,-81.0
23128.231849043306,-37.0
23128.23191154014,-28.0
23128.23197403697,-14.0
23128.232036533802,-7.0
23128.232099030633,-8.0
23128.232161527463,-12.0
23128.232224024297,-51.0
23128.232286521128,-99.0
23128.23234901796,-119.0
23128.23241151479,-124.0
23128.23247401162,-147.0
23128.232536508454,-109.0
23128.232599005285,-86.0
23128.232661502116,-126.0
23128.232723998946,-116.0
23128.232786495777,-109.0
23128.23284899261,-95.0
23128.232911489442,-74.0
23128.232973986273,-56.0
23128.233036483103,-21.0
23128.233098979937,-18.0
23128.233161476768,-10.0
23128.2332239736,31.0
23128.23328647043,36.0
23128.23334896726,43.0
23128.233411464094,58.0
23128.233473960925,37.0
23128.233536457756,76.0
23128.233598954586,110.0
23128.233661451417,69.0
23128.23372394825,82.0
23128.233786445082,84.0
23128.233848941913,60.0
23128.233911438743,65.0
23128.233973935574,68.0
23128.234036432408,49.0
23128.23409892924,33.0
23128.23416142607,37.0
23128.2342239229,27.0
23128.234286419734,42.0
23128.234348916565,56.0
23128.234411413396,17.0
23128.234473910226,22.0
23128.234536407057,95.0
23128.23459890389,95.0
23128.234661400722,69.0
23128.234723897553,84.0
23128.234786394383,84.0
23128.234848891214,66.0
23128.23491138805,65.0
23128.23497388488,86.0
23128.23503638171,64.0
23128.23509887854,62.0
23128.23516137537,77.0
23128.235223872205,63.0
23128.235286369036,72.0
23128.235348865866,64.0
23128.235411362697,54.0
23128.23547385953,45.0
23128.235536356362,75.0
23128.235598853193,84.0
23128.235661350023,54.0
23128.235723846854,69.0
23128.23578634369,76.0
23128.23584884052,79.0
23128.23591133735,87.0
23128.23597383418,90.0
23128.23603633101,109.0
23128.236098827845,106.0
23128.236161324676,111.0
23128.236223821506,104.0
23128.236286318337,97.0
23128.236348815168,92.0
23128.236411312002,54.0
23128.236473808833,26.0
23128.236536305663,56.0
23128.236598802494,85.0
23128.23666129933,49.0
23128.23672379616,24.0
23128.23678629299,38.0
23128.23684878982,49.0
23128.23691128665,54.0
23128.236973783485,53.0
23128.237036280316,46.0
23128.237098777146,42.0
23128.237161273977,63.0
23128.237223770808,64.0
23128.237286267642,40.0
23128.237348764473,23.0
23128.237411261303,40.0
23128.237473758134,44.0
23128.237536254965,76.0
23128.2375987518,89.0
23128.23766124863,65.0
23128.23772374546,69.0
23128.23778624229,34.0
23128.237848739125,34.0
23128.237911235956,51.0
23128.237973732786,59.0
23128.238036229617,41.0
23128.238098726448,70.0
23128.238161223282,96.0
23128.238223720113,49.0
23128.238286216943,42.0
23128.238348713774,45.0
23128.238411210605,65.0
23128.23847370744,25.0
23128.23853620427,31.0
23128.2385987011,87.0
23128.23866119793,55.0
23128.23872369476,49.0
23128.238786191596,65.0
23128.238848688427,63.0
23128.238911185257,25.0
23128.238973682088,45.0
23128.239036178922,59.0
23128.239098675753,36.0
23128.239161172583,43.0
23128.239223669414,34.0
23128.239286166245,49.0
23128.23934866308,57.0
23128.23941115991,48.0
23128.23947365674,15.0
23128.23953615357,30.0
23128.2395986504,66.0
23128.239661147236,56.0
23128.239723644067,55.0
23128.239786140897,49.0
23128.239848637728,33.0
23128.23991113456,27.0
23128.239973631393,230.0
23128.240036128223,351.0
23128.240098625054,287.0
23128.240161121885,301.0
23128.24022361872,289.0
23128.24028611555,259.0
23128.24034861238,267.0
23128.24041110921,266.0
23128.24047360604,191.0
23128.240536102876,214.0
23128.240598599707,264.0
23128.240661096537,204.0
23128.240723593368,193.0
23128.2407860902,234.0
23128.240848587033,220.0
23128.240911083863,213.0
23128.240973580694,242.0
23128.241036077525,218.0
23128.241098574355,175.0
23128.24116107119,175.0
23128.24122356802,175.0
23128.24128606485,127.0
23128.24134856168,109.0
23128.241411058516,118.0
23128.241473555347,83.0
23128.241536052177,141.0
23128.241598549008,165.0
23128.24166104584,91.0
23128.241723542673,107.0
23128.241786039503,87.0
23128.241848536334,50.0
23128.241911033165,44.0
23128.241973529995,-17.0
23128.24203602683,-32.0
23128.24209852366,1.0
23128.24216102049,36.0
23128.24222351732,72.0
23128.242286014152,115.0
23128.242348510987,127.0
23128.242411007817,130.0
23128.242473504648,91.0
23128.24253600148,135.0
23128.242598498313,157.0
23128.242660995144,110.0
23128.242723491974,144.0
23128.242785988805,110.0
23128.242848485635,92.0
23128.24291098247,101.0
23128.2429734793,77.0
23128.24303597613,50.0
23128.24309847296,7.0
23128.243160969792,-1.0
23128.243223466627,-30.0
23128.243285963457,-52.0
23128.243348460288,-48.0
23128.24341095712,-52.0
23128.24347345395,-93.0
23128.243535950784,-66.0
23128.243598447614,-45.0
23128.243660944445,-94.0
23128.243723441276,-81.0
23128.24378593811,-96.0
23128.24384843494,-119.0
23128.24391093177,-97.0
23128.2439734286,-95.0
23128.244035925432,-106.0
23128.244098422267,-81.0
23128.244160919097,-68.0
23128.244223415928,-66.0
23128.24428591276,-37.0
23128.24434840959,-44.0
23128.244410906424,-67.0
23128.244473403254,-92.0
23128.244535900085,-74.0
23128.244598396916,-34.0
23128.244660893746,-87.0
23128.24472339058,-115.0
23128.24478588741,-104.0
23128.24484838424,-121.0
23128.244910881072,-116.0
23128.244973377907,-117.0
23128.245035874737,-166.0
23128.245098371568,-174.0
23128.2451608684,-154.0
23128.24522336523,-173.0
23128.245285862064,-169.0
23128.245348358894,-141.0
23128.245410855725,-110.0
23128.245473352556,-134.0
23128.245535849386,-100.0
23128.24559834622,-41.0
23128.24566084305,-87.0
23128.24572333988,-81.0
23128.245785836712,-85.0
23128.245848333543,-93.0
23128.245910830377,-91.0
23128.245973327208,-128.0
23128.24603582404,-106.0
23128.24609832087,-87.0
23128.246160817704,-97.0
23128.246223314534,-96.0
23128.246285811365,-105.0
23128.246348308196,-67.0
23128.246410805026,-70.0
23128.24647330186,-85.0
23128.24653579869,-37.0
23128.246598295522,-34.0
23128.246660792352,-42.0
23128.246723289183,-53.0
23128.246785786017,-63.0
23128.246848282848,-79.0
23128.24691077968,-83.0
23128.24697327651,-57.0
23128.24703577334,-52.0
23128.247098270174,-61.0
23128.247160767005,-45.0
23128.247223263836,-53.0
23128.247285760666,-96.0
23128.2473482575,-79.0
23128.24741075433,-52.0
23128.247473251162,-73.0
23128.247535747993,-53.0
23128.247598244823,-32.0
23128.247660741657,-58.0
23128.247723238488,-90.0
23128.24778573532,-75.0
23128.24784823215,-61.0
23128.24791072898,-53.0
23128.247973225814,-69.0
23128.248035722645,-72.0
23128.248098219476,-24.0
23128.248160716306,-52.0
23128.248223213137,-63.0
23128.24828570997,-55.0
23128.248348206802,-64.0
23128.248410703633,-46.0
23128.248473200463,-68.0
23128.248535697297,-58.0
23128.248598194128,-34.0
23128.24866069096,-70.0
23128.24872318779,-88.0
23128.24878568462,-72.0
23128.248848181454,-58.0
23128.248910678285,-50.0
23128.248973175116,-36.0
23128.249035671946,-31.0
23128.249098168777,-58.0
23128.24916066561,-55.0
23128.249223162442,-18.0
23128.249285659273,-28.0
23128.249348156103,-12.0
23128.249410652934,2.0
23128.249473149768,-37.0
23128.2495356466,-23.0
23128.24959814343,0.0
23128.24966064026,-6.0
23128.249723137094,4.0
23128.249785633925,-38.0
23128.249848130756,-26.0
23128.249910627586,13.0
23128.249973124417,-214.0
23128.25003562125,-372.0
23128.250098118082,-305.0
23128.250160614913,-305.0
23128.250223111743,-287.0
23128.250285608574,-290.0
23128.25034810541,-304.0
23128.25041060224,-225.0
23128.25047309907,-208.0
23128.2505355959,-220.0
23128.25059809273,-222.0
23128.250660589565,-273.0
23128.250723086396,-253.0
23128.250785583226,-209.0
23128.250848080057,-210.0
23128.25091057689,-253.0
23128.250973073722,-222.0
23128.251035570553,-206.0
23128.251098067383,-207.0
23128.251160564214,-165.0
23128.25122306105,-166.0
23128.25128555788,-156.0
23128.25134805471,-183.0
23128.25141055154,-173.0
23128.25147304837,-165.0
23128.251535545205,-132.0
23128.251598042036,-82.0
23128.251660538866,-136.0
23128.251723035697,-138.0
23128.251785532528,-132.0
23128.251848029362,-96.0
23128.251910526193,-34.0
23128.251973023023,-9.0
23128.252035519854,-17.0
23128.25209801669,-49.0
23128.25216051352,-90.0
23128.25222301035,-167.0
23128.25228550718,-200.0
23128.25234800401,-182.0
23128.252410500845,-154.0
23128.252472997676,-146.0
23128.252535494506,-106.0
23128.252597991337,-122.0
23128.252660488168,-194.0
23128.252722985002,-179.0
23128.252785481833,-160.0
23128.252847978663,-155.0
23128.252910475494,-132.0
23128.252972972325,-105.0
23128.25303546916,-88.0
23128.25309796599,-63.0
23128.25316046282,-31.0
23128.25322295965,-27.0
23128.253285456485,-61.0
23128.253347953316,-35.0
23128.253410450146,5.0
23128.253472946977,-30.0
23128.253535443808,20.0
23128.253597940642,101.0
23128.253660437473,87.0
23128.253722934303,69.0
23128.253785431134,79.0
23128.253847927965,76.0
23128.2539104248,58.0
23128.25397292163,71.0
23128.25403541846,60.0
23128.25409791529,13.0
23128.25416041212,47.0
23128.254222908956,63.0
23128.254285405787,31.0
23128.254347902617,78.0
23128.254410399448,75.0
23128.254472896282,40.0
23128.254535393113,119.0
23128.254597889943,144.0
23128.254660386774,110.0
23128.254722883605,125.0
23128.25478538044,110.0
23128.25484787727,81.0
23128.2549103741,59.0
23128.25497287093,65.0
23128.25503536776,20.0
23128.255097864596,21.0
23128.255160361427,42.0
23128.255222858257,48.0
23128.255285355088,68.0
23128.25534785192,34.0
23128.255410348753,57.0
23128.255472845583,39.0
23128.255535342414,39.0
23128.255597839245,103.0
23128.25566033608,85.0
23128.25572283291,49.0
23128.25578532974,62.0
23128.25584782657,91.0
23128.2559103234,68.0
23128.255972820236,90.0
23128.256035317067,97.0
23128.256097813897,76.0
23128.256160310728,62.0
23128.25622280756,56.0
23128.256285304393,62.0
23128.256347801223,46.0
23128.256410298054,50.0
23128.256472794885,12.0
23128.256535291715,37.0
23128.25659778855,77.0
23128.25666028538,16.0
23128.25672278221,18.0
23128.25678527904,20.0
23128.256847775876,11.0
23128.256910272707,40.0
23128.256972769537,56.0
23128.257035266368,66.0
23128.2570977632,62.0
23128.257160260033,64.0
23128.257222756863,78.0
23128.257285253694,49.0
23128.257347750525,23.0
23128.257410247355,55.0
23128.25747274419,18.0
23128.25753524102,44.0
23128.25759773785,71.0
23128.25766023468,16.0
23128.257722731512,30.0
23128.257785228347,41.0
23128.257847725177,32.0
23128.257910222008,7.0
23128.25797271884,21.0
23128.258035215673,21.0
23128.258097712504,14.0
23128.258160209334,22.0
23128.258222706165,4.0
23128.258285202995,5.0
23128.25834769983,26.0
23128.25841019666,32.0
23128.25847269349,1.0
23128.25853519032,27.0
23128.258597687152,44.0
23128.258660183987,1.0
23128.258722680817,25.0
23128.258785177648,25.0
23128.25884767448,4.0
23128.25891017131,10.0
23128.258972668144,-1.0
23128.259035164974,-22.0
23128.259097661805,-15.0
23128.259160158635,3.0
23128.25922265547,9.0
23128.2592851523,4.0
23128.25934764913,12.0
23128.25941014596,1.0
23128.259472642792,-17.0
23128.259535139627,2.0
23128.259597636457,34.0
23128.259660133288,26.0
23128.25972263012,0.0
23128.25978512695,10.0
23128.259847623784,27.0
23128.259910120614,-12.0
23128.259972617445,188.0
23128.260035114276,335.0
23128.260097611106,273.0
23128.26016010794,294.0
23128.26022260477,286.0
23128.2602851016,262.0
23128.260347598432,257.0
23128.260410095267,233.0
23128.260472592097,173.0
23128.260535088928,217.0
23128.26059758576,282.0
23128.26066008259,231.0
23128.260722579424,204.0
23128.260785076254,203.0
23128.260847573085,211.0
23128.260910069916,222.0
23128.260972566746,237.0
23128.26103506358,258.0
23128.26109756041,206.0
23128.26116005724,166.0
23128.261222554072,193.0
23128.261285050903,166.0
23128.261347547737,157.0
23128.261410044568,174.0
23128.2614725414,136.0
23128.26153503823,161.0
23128.261597535064,170.0
23128.261660031894,117.0
23128.261722528725,123.0
23128.261785025556,110.0
23128.261847522386,86.0
23128.26191001922,64.0
23128.26197251605,56.0
23128.262035012882,62.0
23128.262097509712,57.0
23128.262160006543,99.0
23128.262222503377,135.0
23128.262285000208,153.0
23128.26234749704,178.0
23128.26240999387,183.0
23128.2624724907,143.0
23128.262534987534,174.0
23128.262597484365,217.0
23128.262659981196,176.0
23128.262722478026,169.0
23128.26278497486,164.0
23128.26284747169,162.0
23128.262909968522,154.0
23128.262972465353,149.0
23128.263034962183,133.0
23128.263097459017,76.0
23128.263159955848,69.0
23128.26322245268,86.0
23128.26328494951,67.0
23128.26334744634,34.0
23128.263409943174,29.0
23128.263472440005,-35.0
23128.263534936836,-51.0
23128.263597433666,-12.0
23128.263659930497,-61.0
23128.26372242733,-95.0
23128.263784924162,-88.0
23128.263847420993,-79.0
23128.263909917823,-99.0
23128.263972414657,-93.0
23128.264034911488,-72.0
23128.26409740832,-90.0
23128.26415990515,-63.0
23128.26422240198,-40.0
23128.264284898814,-78.0
23128.264347395645,-64.0
23128.264409892476,-25.0
23128.264472389306,-71.0
23128.264534886137,-66.0
23128.26459738297,-56.0
23128.264659879802,-74.0
23128.264722376633,-94.0
23128.264784873463,-113.0
23128.264847370294,-134.0
23128.264909867128,-136.0
23128.26497236396,-113.0
23128.26503486079,-154.0
23128.26509735762,-149.0
23128.265159854454,-145.0
23128.265222351285,-158.0
23128.265284848116,-120.0
23128.265347344946,-128.0
23128.265409841777,-111.0
23128.26547233861,-124.0
23128.265534835442,-131.0
23128.265597332273,-66.0
23128.265659829103,-101.0
23128.265722325934,-122.0
23128.26578482277,-116.0
23128.2658473196,-126.0
23128.26590981643,-124.0
23128.26597231326,-126.0
23128.26603481009,-127.0
23128.266097306925,-146.0
23128.266159803756,-166.0
23128.266222300586,-125.0
23128.266284797417,-138.0
23128.26634729425,-156.0
23128.266409791082,-109.0
23128.266472287913,-141.0
23128.266534784743,-126.0
23128.266597281574,-55.0
23128.26665977841,-89.0
23128.26672227524,-112.0
23128.26678477207,-93.0
23128.2668472689,-78.0
23128.26690976573,-85.0
23128.266972262565,-97.0
23128.267034759396,-94.0
23128.267097256226,-80.0
23128.267159753057,-97.0
23128.267222249888,-91.0
23128.267284746722,-82.0
23128.267347243553,-92.0
23128.267409740383,-75.0
23128.267472237214,-133.0
23128.26753473405,-112.0
23128.26759723088,-75.0
23128.26765972771,-120.0
23128.26772222454,-99.0
23128.26778472137,-90.0
23128.267847218205,-108.0
23128.267909715036,-90.0
23128.267972211866,-67.0
23128.268034708697,-50.0
23128.268097205528,-65.0
23128.268159702362,-74.0
23128.268222199193,-55.0
23128.268284696023,-49.0
23128.268347192854,-36.0
23128.268409689685,-29.0
23128.26847218652,-57.0
23128.26853468335,-48.0
23128.26859718018,-17.0
23128.26865967701,-32.0
23128.268722173845,-41.0
23128.268784670676,-49.0
23128.268847167506,-40.0
23128.268909664337,-18.0
23128.268972161168,-29.0
23128.269034658002,-43.0
23128.269097154833,-47.0
23128.269159651663,-45.0
23128.269222148494,-20.0
23128.269284645325,-37.0
23128.26934714216,-37.0
23128.26940963899,2.0
23128.26947213582,-23.0
23128.26953463265,-23.0
23128.26959712948,15.0
23128.269659626316,-7.0
23128.269722123146,-14.0
23128.269784619977,-6.0
23128.269847116808,-26.0
23128.269909613642,1.0
23128.269972110473,-155.0
23128.270034607303,-364.0
23128.270097104134,-322.0
23128.270159600965,-276.0
23128.2702220978,-237.0
23128.27028459463,-199.0
23128.27034709146,-236.0
23128.27040958829,-238.0
23128.27047208512,-272.0
23128.270534581956,-253.0
23128.270597078787,-211.0
23128.270659575617,-187.0
23128.270722072448,-165.0
23128.27078456928,-223.0
23128.270847066113,-231.0
23128.270909562943,-224.0
23128.270972059774,-173.0
23128.271034556605,-155.0
23128.27109705344,-181.0
23128.27115955027,-186.0
23128.2712220471,-163.0
23128.27128454393,-122.0
23128.27134704076,-128.0
23128.271409537596,-123.0
23128.271472034427,-139.0
23128.271534531257,-123.0
23128.271597028088,-57.0
23128.27165952492,-76.0
23128.271722021753,-103.0
23128.271784518583,-84.0
23128.271847015414,-59.0
23128.271909512245,-6.0
23128.271972009075,46.0
23128.27203450591,-5.0
23128.27209700274,-40.0
23128.27215949957,-57.0
23128.2722219964,-92.0
23128.272284493236,-99.0
23128.272346990067,-102.0
23128.272409486897,-107.0
23128.272471983728,-170.0
23128.27253448056,-159.0
23128.272596977393,-82.0
23128.272659474223,-67.0
23128.272721971054,-60.0
23128.272784467885,-67.0
23128.272846964715,-78.0
23128.27290946155,-81.0
23128.27297195838,-64.0
23128.27303445521,-2.0
23128.27309695204,33.0
23128.273159448872,6.0
23128.273221945707,31.0
23128.273284442537,33.0
23128.273346939368,0.0
23128.2734094362,71.0
23128.273471933033,106.0
23128.273534429864,110.0
23128.273596926694,158.0
23128.273659423525,142.0
23128.273721920355,124.0
23128.27378441719,117.0
23128.27384691402,130.0
23128.27390941085,160.0
23128.27397190768,148.0
23128.274034404512,139.0
23128.274096901347,138.0
23128.274159398177,119.0
23128.274221895008,104.0
23128.27428439184,89.0
23128.27434688867,101.0
23128.274409385504,134.0
23128.274471882334,119.0
23128.274534379165,158.0
23128.274596875995,194.0
23128.27465937283,166.0
23128.27472186966,155.0
23128.27478436649,134.0
23128.27484686332,124.0
23128.274909360152,115.0
23128.274971856987,131.0
23128.275034353817,146.0
23128.275096850648,176.0
23128.27515934748,181.0
23128.27522184431,149.0
23128.275284341144,168.0
23128.275346837974,139.0
23128.275409334805,98.0
23128.275471831636,106.0
23128.275534328466,121.0
23128.2755968253,126.0
23128.27565932213,121.0
23128.27572181896,123.0
23128.275784315792,110.0
23128.275846812627,123.0
23128.275909309457,159.0
23128.275971806288,178.0
23128.27603430312,179.0
23128.27609679995,184.0
23128.276159296784,163.0
23128.276221793614,126.0
23128.276284290445,120.0
23128.276346787276,133.0
23128.276409284106,135.0
23128.27647178094,75.0
23128.27653427777,75.0
23128.2765967746,128.0
23128.276659271432,75.0
23128.276721768263,77.0
23128.276784265097,112.0
23128.276846761928,102.0
23128.27690925876,105.0
23128.27697175559,100.0
23128.277034252424,103.0
23128.277096749254,123.0
23128.277159246085,99.0
23128.277221742916,100.0
23128.277284239746,110.0
23128.27734673658,113.0
23128.27740923341,106.0
23128.27747173024,42.0
23128.277534227072,79.0
23128.277596723903,142.0
23128.277659220737,73.0
23128.277721717568,67.0
23128.2777842144,86.0
23128.27784671123,92.0
23128.27790920806,100.0
23128.277971704894,73.0
23128.278034201725,66.0
23128.278096698556,71.0
23128.278159195386,76.0
23128.27822169222,94.0
23128.27828418905,91.0
23128.278346685882,69.0
23128.278409182712,75.0
23128.278471679543,58.0
23128.278534176377,78.0
23128.278596673208,116.0
23128.27865917004,70.0
23128.27872166687,64.0
23128.2787841637,77.0
23128.278846660534,61.0
23128.278909157365,75.0
23128.278971654196,101.0
23128.279034151026,78.0
23128.279096647857,80.0
23128.27915914469,96.0
23128.279221641522,72.0
23128.279284138353,81.0
23128.279346635183,96.0
23128.279409132017,101.0
23128.279471628848,66.0
23128.27953412568,69.0
23128.27959662251,114.0
23128.27965911934,83.0
23128.279721616174,76.0
23128.279784113005,110.0
23128.279846609836,84.0
23128.279909106666,79.0
23128.279971603497,309.0
23128.28003410033,401.0
23128.280096597162,348.0
23128.280159093993,366.0
23128.280221590823,351.0
23128.280284087654,332.0
23128.280346584488,301.0
23128.28040908132,262.0
23128.28047157815,223.0
23128.28053407498,254.0
23128.280596571814,271.0
23128.280659068645,215.0
23128.280721565476,225.0
23128.280784062306,241.0
23128.280846559137,226.0
23128.28090905597,252.0
23128.280971552802,226.0
23128.281034049633,175.0
23128.281096546463,189.0
23128.281159043294,215.0
23128.281221540128,187.0
23128.28128403696,181.0
23128.28134653379,206.0
23128.28140903062,193.0
23128.28147152745,130.0
23128.281534024285,141.0
23128.281596521116,182.0
23128.281659017946,152.0
23128.281721514777,144.0
23128.28178401161,133.0
23128.281846508442,93.0
23128.281909005273,73.0
23128.281971502103,45.0
23128.282033998934,33.0
23128.28209649577,54.0
23128.2821589926,103.0
23128.28222148943,159.0
23128.28228398626,160.0
23128.28234648309,170.0
23128.282408979925,183.0
23128.282471476756,139.0
23128.282533973586,138.0
23128.282596470417,187.0
23128.282658967248,144.0
23128.282721464082,109.0
23128.282783960913,125.0
23128.282846457743,152.0
23128.282908954574,158.0
23128.28297145141,143.0
23128.28303394824,163.0
23128.28309644507,120.0
23128.2831589419,66.0
23128.28322143873,94.0
23128.283283935565,55.0
23128.283346432396,-2.0
23128.283408929226,24.0
23128.283471426057,1.0
23128.283533922888,13.0
23128.283596419722,50.0
23128.283658916553,-6.0
23128.283721413383,-29.0
23128.283783910214,-52.0
23128.283846407045,-32.0
23128.28390890388,-5.0
23128.28397140071,-18.0
23128.28403389754,-12.0
23128.28409639437,12.0
23128.284158891205,-5.0
23128.284221388036,-47.0
23128.284283884866,-37.0
23128.284346381697,-52.0
23128.284408878528,-65.0
23128.284471375362,-69.0
23128.284533872193,-57.0
23128.284596369023,-28.0
23128.284658865854,-54.0
23128.284721362685,-55.0
23128.28478385952,-67.0
23128.28484635635,-92.0
23128.28490885318,-82.0
23128.28497135001,-96.0
23128.28503384684,-101.0
23128.285096343676,-101.0
23128.285158840506,-106.0
23128.285221337337,-116.0
23128.285283834168,-120.0
23128.285346331002,-112.0
23128.285408827833,-96.0
23128.285471324663,-119.0
23128.285533821494,-104.0
23128.285596318325,-57.0
23128.28565881516,-90.0
23128.28572131199,-93.0
23128.28578380882,-94.0
23128.28584630565,-96.0
23128.28590880248,-79.0
23128.285971299316,-75.0
23128.286033796147,-70.0
23128.286096292977,-60.0
23128.286158789808,-84.0
23128.28622128664,-88.0
23128.286283783473,-52.0
23128.286346280303,-79.0
23128.286408777134,-87.0
23128.286471273965,-80.0
23128.2865337708,-42.0
23128.28659626763,-22.0
23128.28665876446,-74.0
23128.28672126129,-52.0
23128.28678375812,-45.0
23128.286846254956,-68.0
23128.286908751787,-44.0
23128.286971248617,-41.0
23128.287033745448,-30.0
23128.28709624228,-10.0
23128.287158739113,-8.0
23128.287221235943,-1.0
23128.287283732774,-11.0
23128.287346229605,-20.0
23128.287408726435,-40.0
23128.28747122327,-56.0
23128.2875337201,-17.0
23128.28759621693,2.0
23128.28765871376,-41.0
23128.287721210596,-36.0
23128.287783707427,-10.0
23128.287846204257,-12.0
23128.287908701088,-9.0
23128.28797119792,-25.0
23128.288033694753,-35.0
23128.288096191583,-8.0
23128.288158688414,-2.0
23128.288221185245,-14.0
23128.288283682075,-11.0
23128.28834617891,-9.0
23128.28840867574,-18.0
23128.28847117257,-30.0
23128.2885336694,-13.0
23128.288596166232,14.0
23128.288658663067,-2.0
23128.288721159897,-2.0
23128.288783656728,-6.0
23128.28884615356,-8.0
23128.288908650393,18.0
23128.288971147223,12.0
23128.289033644054,13.0
23128.289096140885,23.0
23128.289158637715,11.0
23128.28922113455,25.0
23128.28928363138,26.0
23128.28934612821,16.0
23128.28940862504,15.0
23128.289471121872,-27.0
23128.289533618707,0.0
23128.289596115537,49.0
23128.289658612368,-4.0
23128.2897211092,-8.0
23128.28978360603,4.0
23128.289846102864,-4.0
23128.289908599694,2.0
23128.289971096525,-195.0
23128.290033593355,-360.0
23128.29009609019,-302.0
23128.29015858702,-279.0
23128.29022108385,-249.0
23128.29028358068,-254.0
23128.290346077512,-249.0
23128.290408574347,-188.0
23128.290471071177,-219.0
23128.290533568008,-187.0
23128.29059606484,-167.0
23128.29065856167,-213.0
23128.290721058504,-173.0
23128.290783555334,-188.0
23128.290846052165,-185.0
23128.290908548996,-153.0
23128.290971045826,-151.0
23128.29103354266,-164.0
23128.29109603949,-188.0
23128.29115853632,-181.0
23128.291221033152,-201.0
23128.291283529987,-170.0
23128.291346026817,-98.0
23128.291408523648,-90.0
23128.29147102048,-131.0
23128.29153351731,-139.0
23128.291596014144,-91.0
23128.291658510974,-97.0
23128.291721007805,-73.0
23128.291783504636,-14.0
23128.291846001466,-45.0
23128.2919084983,-84.0
23128.29197099513,-38.0
23128.29203349196,3.0
23128.292095988792,3.0
23128.292158485623,-54.0
23128.292220982457,-126.0
23128.292283479288,-181.0
23128.29234597612,-175.0
23128.29240847295,-133.0
23128.292470969784,-143.0
23128.292533466614,-114.0
23128.292595963445,-108.0
23128.292658460276,-152.0
23128.292720957106,-121.0
23128.29278345394,-102.0
23128.29284595077,-122.0
23128.2929084476,-128.0
23128.292970944432,-130.0
23128.293033441263,-88.0
23128.293095938097,-16.0
23128.293158434928,-32.0
23128.29322093176,-79.0
23128.29328342859,-77.0
23128.29334592542,-35.0
23128.293408422254,36.0
23128.293470919085,14.0
23128.293533415916,10.0
23128.293595912746,37.0
23128.29365840958,0.0
23128.29372090641,57.0
23128.293783403242,73.0
23128.293845900072,50.0
23128.293908396903,36.0
23128.293970893737,-12.0
23128.294033390568,24.0
23128.2940958874,77.0
23128.29415838423,50.0
23128.29422088106,19.0
23128.294283377894,18.0
23128.294345874725,6.0
23128.294408371556,10.0
23128.294470868386,27.0
23128.294533365217,60.0
23128.29459586205,67.0
23128.294658358882,27.0
23128.294720855713,30.0
23128.294783352543,60.0
23128.294845849377,79.0
23128.294908346208,73.0
23128.29497084304,97.0
23128.29503333987,87.0
23128.2950958367,42.0
23128.295158333534,35.0
23128.295220830365,65.0
23128.295283327196,82.0
23128.295345824026,99.0
23128.295408320857,96.0
23128.29547081769,50.0
23128.295533314522,85.0
23128.295595811353,84.0
23128.295658308183,27.0
23128.295720805014,54.0
23128.295783301848,69.0
23128.29584579868,58.0
23128.29590829551,82.0
23128.29597079234,80.0
23128.296033289174,68.0
23128.296095786005,89.0
23128.296158282836,75.0
23128.296220779666,27.0
23128.296283276497,8.0
23128.29634577333,14.0
23128.296408270162,33.0
23128.296470766993,20.0
23128.296533263823,37.0
23128.296595760654,77.0
23128.296658257488,52.0
23128.29672075432,48.0
23128.29678325115,49.0
23128.29684574798,18.0
23128.29690824481,8.0
23128.296970741645,19.0
23128.297033238476,30.0
23128.297095735306,25.0
23128.297158232137,15.0
23128.29722072897,32.0
23128.297283225802,26.0
23128.297345722633,23.0
23128.297408219463,22.0
23128.297470716294,-24.0
23128.29753321313,26.0
23128.29759570996,49.0
23128.29765820679,-9.0
23128.29772070362,-5.0
23128.29778320045,-11.0
23128.297845697285,-8.0
23128.297908194116,11.0
23128.297970690946,-10.0
23128.298033187777,-27.0
23128.298095684608,-29.0
23128.298158181442,-40.0
23128.298220678273,-35.0
23128.298283175103,-44.0
23128.298345671934,-33.0
23128.29840816877,-36.0
23128.2984706656,-92.0
23128.29853316243,-50.0
23128.29859565926,-10.0
23128.29865815609,-31.0
23128.298720652925,-44.0
23128.298783149756,-46.0
23128.298845646586,-51.0
23128.298908143417,-49.0
23128.298970640248,-43.0
23128.299033137082,-66.0
23128.299095633913,-49.0
23128.299158130743,-64.0
23128.299220627574,-44.0
23128.299283124405,-14.0
23128.29934562124,-56.0
23128.29940811807,-29.0
23128.2994706149,-46.0
23128.29953311173,-64.0
23128.299595608565,-28.0
23128.299658105396,-50.0
23128.299720602226,-68.0
23128.299783099057,-67.0
23128.299845595888,-74.0
23128.299908092722,-77.0
23128.299970589553,171.0
23128.300033086383,305.0
23128.300095583214,221.0
23128.300158080045,247.0
23128.30022057688,235.0
23128.30028307371,186.0
23128.30034557054,195.0
23128.30040806737,200.0
23128.3004705642,150.0
23128.300533061036,143.0
23128.300595557866,173.0
23128.300658054697,112.0
23128.300720551528,114.0
23128.300783048362,156.0
23128.300845545193,139.0
23128.300908042023,139.0
23128.300970538854,152.0
23128.301033035685,164.0
23128.30109553252,176.0
23128.30115802935,180.0
23128.30122052618,165.0
23128.30128302301,118.0
23128.30134551984,120.0
23128.301408016676,148.0
23128.301470513507,79.0
23128.301533010337,92.0
23128.301595507168,119.0
23128.301658004,58.0
23128.301720500833,85.0
23128.301782997663,64.0
23128.301845494494,12.0
23128.301907991325,14.0
23128.30197048816,15.0
23128.30203298499,33.0
23128.30209548182,34.0
23128.30215797865,57.0
23128.30222047548,91.0
23128.302282972316,97.0
23128.302345469147,102.0
23128.302407965977,121.0
23128.302470462808,111.0
23128.30253295964,128.0
23128.302595456473,143.0
23128.302657953303,77.0
23128.302720450134,63.0
23128.302782946965,59.0
23128.302845443795,23.0
23128.30290794063,58.0
23128.30297043746,96.0
23128.30303293429,57.0
23128.30309543112,37.0
23128.303157927956,4.0
23128.303220424787,-37.0
23128.303282921617,-57.0
23128.303345418448,-50.0
23128.30340791528,-61.0
23128.303470412113,-117.0
23128.303532908943,-110.0
23128.303595405774,-78.0
23128.303657902605,-137.0
23128.303720399435,-156.0
23128.30378289627,-122.0
23128.3038453931,-130.0
23128.30390788993,-142.0
23128.30397038676,-155.0
23128.304032883592,-168.0
23128.304095380427,-132.0
23128.304157877257,-105.0
23128.304220374088,-100.0
23128.30428287092,-108.0
23128.304345367753,-130.0
23128.304407864583,-158.0
23128.304470361414,-182.0
23128.304532858245,-142.0
23128.304595355075,-100.0
23128.30465785191,-133.0
23128.30472034874,-158.0
23128.30478284557,-155.0
23128.3048453424,-172.0
23128.304907839232,-185.0
23128.304970336067,-187.0
23128.305032832897,-205.0
23128.305095329728,-178.0
23128.30515782656,-139.0
23128.30522032339,-160.0
23128.305282820224,-169.0
23128.305345317054,-177.0
23128.305407813885,-198.0
23128.305470310715,-185.0
23128.30553280755,-156.0
23128.30559530438,-143.0
23128.30565780121,-142.0
23128.30572029804,-125.0
23128.305782794872,-134.0
23128.305845291707,-132.0
23128.305907788537,-105.0
23128.305970285368,-100.0
23128.3060327822,-137.0
23128.30609527903,-153.0
23128.306157775864,-139.0
23128.306220272694,-113.0
23128.306282769525,-86.0
23128.306345266355,-79.0
23128.306407763186,-61.0
23128.30647026002,-96.0
23128.30653275685,-90.0
23128.30659525368,-52.0
23128.306657750512,-79.0
23128.306720247347,-78.0
23128.306782744177,-80.0
23128.306845241008,-80.0
23128.30690773784,-84.0
23128.30697023467,-83.0
23128.307032731504,-78.0
23128.307095228334,-95.0
23128.307157725165,-66.0
23128.307220221996,-48.0
23128.307282718826,-69.0
23128.30734521566,-59.0
23128.30740771249,-44.0
23128.30747020932,-55.0
23128.307532706152,-44.0
23128.307595202983,-39.0
23128.307657699817,-48.0
23128.307720196648,-34.0
23128.30778269348,-23.0
23128.30784519031,-38.0
23128.307907687144,-11.0
23128.307970183974,-14.0
23128.308032680805,-64.0
23128.308095177636,-34.0
23128.308157674466,-11.0
23128.3082201713,-19.0
23128.30828266813,-21.0
23128.30834516496,-7.0
23128.308407661792,-12.0
23128.308470158623,-39.0
23128.308532655457,-24.0
23128.308595152288,-16.0
23128.30865764912,-21.0
23128.30872014595,-23.0
23128.30878264278,-34.0
23128.308845139614,-16.0
23128.308907636445,-10.0
23128.308970133276,-20.0
23128.309032630106,-11.0
23128.30909512694,-29.0
23128.30915762377,-37.0
23128.309220120602,-29.0
23128.309282617432,-25.0
23128.309345114263,-14.0
23128.309407611097,-19.0
23128.309470107928,-47.0
23128.30953260476,-36.0
23128.30959510159,-22.0
23128.30965759842,-40.0
23128.309720095254,-28.0
23128.309782592085,-41.0
23128.309845088916,-43.0
23128.309907585746,-21.0
23128.309970082577,-215.0
23128.31003257941,-350.0
23128.310095076242,-307.0
23128.310157573073,-314.0
23128.310220069903,-288.0
23128.310282566737,-290.0
23128.310345063568,-270.0
23128.3104075604,-203.0
23128.31047005723,-229.0
23128.31053255406,-210.0
23128.310595050894,-171.0
23128.310657547725,-193.0
23128.310720044556,-164.0
23128.310782541386,-186.0
23128.310845038217,-213.0
23128.31090753505,-211.0
23128.310970031882,-226.0
23128.311032528713,-224.0
23128.311095025543,-225.0
23128.311157522374,-219.0
23128.311220019208,-203.0
23128.31128251604,-164.0
23128.31134501287,-157.0
23128.3114075097,-155.0
23128.311470006534,-153.0
23128.311532503365,-148.0
23128.311595000196,-132.0
23128.311657497026,-164.0
23128.311719993857,-145.0
23128.31178249069,-114.0
23128.311844987522,-77.0
23128.311907484353,-17.0
23128.311969981183,7.0
23128.312032478014,-22.0
23128.312094974848,-68.0
23128.31215747168,-106.0
23128.31221996851,-159.0
23128.31228246534,-170.0
23128.31234496217,-133.0
23128.312407459005,-109.0
23128.312469955836,-143.0
23128.312532452666,-161.0
23128.312594949497,-146.0
23128.31265744633,-157.0
23128.312719943162,-130.0
23128.312782439993,-92.0
23128.312844936823,-94.0
23128.312907433654,-118.0
23128.312969930488,-127.0
23128.31303242732,-107.0
23128.31309492415,-65.0
23128.31315742098,3.0
23128.31321991781,36.0
23128.313282414645,-5.0
23128.313344911476,16.0
23128.313407408306,47.0
23128.313469905137,28.0
23128.313532401968,97.0
23128.313594898802,130.0
23128.313657395633,95.0
23128.313719892463,89.0
23128.313782389294,82.0
23128.31384488613,112.0
23128.31390738296,124.0
23128.31396987979,125.0
23128.31403237662,119.0
23128.31409487345,70.0
23128.314157370285,63.0
23128.314219867116,108.0
23128.314282363946,127.0
23128.314344860777,99.0
23128.314407357608,66.0
23128.314469854442,45.0
23128.314532351273,126.0
23128.314594848103,177.0
23128.314657344934,120.0
23128.314719841765,114.0
23128.3147823386,137.0
23128.31484483543,137.0
23128.31490733226,150.0
23128.31496982909,163.0
23128.315032325925,118.0
23128.315094822756,81.0
23128.315157319586,104.0
23128.315219816417,178.0
23128.315282313248,169.0
23128.315344810082,111.0
23128.315407306913,118.0
23128.315469803743,90.0
23128.315532300574,129.0
23128.315594797405,189.0
23128.31565729424,129.0
23128.31571979107,97.0
23128.3157822879,104.0
23128.31584478473,113.0
23128.31590728156,120.0
23128.315969778396,158.0
23128.316032275226,196.0
23128.316094772057,141.0
23128.316157268888,97.0
23128.316219765722,106.0
23128.316282262553,99.0
23128.316344759383,133.0
23128.316407256214,154.0
23128.316469753045,103.0
23128.31653224988,111.0
23128.31659474671,139.0
23128.31665724354,87.0
23128.31671974037,73.0
23128.3167822372,81.0
23128.316844734036,94.0
23128.316907230866,73.0
23128.316969727697,57.0
23128.317032224528,75.0
23128.31709472136,70.0
23128.317157218193,58.0
23128.317219715023,56.0
23128.317282211854,40.0
23128.317344708685,36.0
23128.31740720552,36.0
23128.31746970235,-8.0
23128.31753219918,36.0
23128.31759469601,79.0
23128.31765719284,36.0
23128.317719689676,26.0
23128.317782186507,17.0
23128.317844683337,34.0
23128.317907180168,52.0
23128.317969677,53.0
23128.318032173833,83.0
23128.318094670663,70.0
23128.318157167494,57.0
23128.318219664325,70.0
23128.318282161155,54.0
23128.31834465799,38.0
23128.31840715482,49.0
23128.31846965165,22.0
23128.31853214848,38.0
23128.318594645316,76.0
23128.318657142147,42.0
23128.318719638977,34.0
23128.318782135808,23.0
23128.31884463264,25.0
23128.318907129473,43.0
23128.318969626303,38.0
23128.319032123134,40.0
23128.319094619965,31.0
23128.319157116795,18.0
23128.31921961363,38.0
23128.31928211046,25.0
23128.31934460729,12.0
23128.31940710412,32.0
23128.319469600952,-21.0
23128.319532097787,-5.0
23128.319594594617,62.0
23128.319657091448,35.0
23128.31971958828,26.0
23128.319782085113,55.0
23128.319844581943,32.0
23128.319907078774,21.0
23128.319969575605,277.0
23128.320032072435,396.0
23128.32009456927,325.0
23128.3201570661,338.0
23128.32021956293,310.0
23128.32028205976,283.0
23128.320344556592,290.0
23128.320407053427,281.0
23128.320469550257,227.0
23128.320532047088,236.0
23128.32059454392,277.0
23128.32065704075,235.0
23128.320719537583,219.0
23128.320782034414,225.0
23128.320844531245,242.0
23128.320907028075,234.0
23128.32096952491,207.0
23128.32103202174,221.0
23128.32109451857,220.0
23128.3211570154,244.0
23128.321219512232,221.0
23128.321282009067,169.0
23128.321344505897,164.0
23128.321407002728,167.0
23128.32146949956,145.0
23128.32153199639,163.0
23128.321594493224,194.0
23128.321656990054,166.0
23128.321719486885,173.0
23128.321781983715,143.0
23128.321844480546,83.0
23128.32190697738,31.0
23128.32196947421,11.0
23128.32203197104,43.0
23128.322094467872,80.0
23128.322156964707,100.0
23128.322219461537,139.0
23128.322281958368,149.0
23128.3223444552,138.0
23128.32240695203,166.0
23128.322469448864,127.0
23128.322531945694,131.0
23128.322594442525,179.0
23128.322656939356,151.0
23128.322719436186,144.0
23128.32278193302,146.0
23128.32284442985,157.0
23128.32290692668,141.0
23128.322969423512,133.0
23128.323031920343,104.0
23128.323094417177,62.0
23128.323156914008,79.0
23128.32321941084,71.0
23128.32328190767,37.0
23128.323344404504,1.0
23128.323406901334,18.0
23128.323469398165,-8.0
23128.323531894996,-37.0
23128.323594391826,7.0
23128.32365688866,-43.0
23128.32371938549,-86.0
23128.32378188232,-89.0
23128.323844379152,-98.0
23128.323906875983,-83.0
23128.323969372817,-50.0
23128.324031869648,-20.0
23128.32409436648,-15.0
23128.32415686331,-34.0
23128.32421936014,-45.0
23128.324281856974,-55.0
23128.324344353805,-55.0
23128.324406850636,-22.0
23128.324469347466,-26.0
23128.3245318443,-31.0
23128.32459434113,-18.0
23128.32465683796,-82.0
23128.324719334792,-104.0
23128.324781831623,-77.0
23128.324844328457,-89.0
23128.324906825288,-97.0
23128.32496932212,-60.0
23128.32503181895,-65.0
23128.32509431578,-115.0
23128.325156812614,-123.0
23128.325219309445,-132.0
23128.325281806276,-134.0
23128.325344303106,-89.0
23128.325406799937,-73.0
23128.32546929677,-110.0
23128.325531793602,-96.0
23128.325594290432,-75.0
23128.325656787263,-72.0
23128.325719284097,-68.0
23128.325781780928,-85.0
23128.32584427776,-80.0
23128.32590677459,-99.0
23128.32596927142,-122.0
23128.326031768254,-116.0
23128.326094265085,-98.0
23128.326156761916,-80.0
23128.326219258746,-100.0
23128.326281755577,-100.0
23128.32634425241,-103.0
23128.326406749242,-84.0
23128.326469246073,-75.0
23128.326531742903,-64.0
23128.326594239734,-44.0
23128.326656736568,-62.0
23128.3267192334,-66.0
23128.32678173023,-64.0
23128.32684422706,-65.0
23128.326906723894,-48.0
23128.326969220725,-28.0
23128.327031717556,-39.0
23128.327094214386,-60.0
23128.327156711217,-79.0
23128.32721920805,-66.0
23128.327281704882,-49.0
23128.327344201713,-40.0
23128.327406698543,-19.0
23128.327469195374,-51.0
23128.327531692208,-58.0
23128.32759418904,-22.0
23128.32765668587,-31.0
23128.3277191827,-25.0
23128.32778167953,-19.0
23128.327844176365,-33.0
23128.327906673196,-23.0
23128.327969170026,-35.0
23128.328031666857,-34.0
23128.32809416369,-35.0
23128.328156660522,-71.0
23128.328219157353,-57.0
23128.328281654183,-37.0
23128.328344151014,-47.0
23128.328406647848,-34.0
23128.32846914468,-61.0
23128.32853164151,-50.0
23128.32859413834,-8.0
23128.32865663517,-48.0
23128.328719132005,-30.0
23128.328781628836,-10.0
23128.328844125666,-39.0
23128.328906622497,-45.0
23128.328969119328,-18.0
23128.329031616162,-17.0
23128.329094112993,-65.0
23128.329156609823,-67.0
23128.329219106654,-50.0
23128.32928160349,-68.0
23128.32934410032,-34.0
23128.32940659715,-31.0
23128.32946909398,-78.0
23128.32953159081,-37.0
23128.329594087645,12.0
23128.329656584476,-31.0
23128.329719081306,-27.0
23128.329781578137,-18.0
23128.329844074968,-4.0
23128.329906571802,4.0
23128.329969068633,-249.0
23128.330031565463,-375.0
23128.330094062294,-282.0
23128.330156559125,-293.0
23128.33021905596,-265.0
23128.33028155279,-208.0
23128.33034404962,-225.0
23128.33040654645,-237.0
23128.330469043285,-247.0
23128.330531540116,-233.0
23128.330594036946,-213.0
23128.330656533777,-215.0
23128.330719030608,-204.0
23128.330781527442,-210.0
23128.330844024273,-197.0
23128.330906521103,-208.0
23128.330969017934,-179.0
23128.331031514765,-155.0
23128.3310940116,-159.0
23128.33115650843,-162.0
23128.33121900526,-149.0
23128.33128150209,-95.0
23128.33134399892,-91.0
23128.331406495756,-100.0
23128.331468992586,-99.0
23128.331531489417,-74.0
23128.331593986248,-26.0
23128.331656483082,-64.0
23128.331718979913,-87.0
23128.331781476743,-58.0
23128.331843973574,-54.0
23128.331906470405,-23.0
23128.33196896724,30.0
23128.33203146407,22.0
23128.3320939609,14.0
23128.33215645773,16.0
23128.33221895456,-18.0
23128.332281451396,-62.0
23128.332343948226,-90.0
23128.332406445057,-87.0
23128.332468941888,-128.0
23128.33253143872,-130.0
23128.332593935553,-74.0
23128.332656432383,-117.0
23128.332718929214,-140.0
23128.332781426045,-88.0
23128.33284392288,-74.0
23128.33290641971,-89.0
23128.33296891654,-53.0
23128.33303141337,-32.0
23128.3330939102,-54.0
23128.333156407036,-49.0
23128.333218903867,-18.0
23128.333281400697,4.0
23128.333343897528,8.0
23128.33340639436,35.0
23128.333468891193,51.0
23128.333531388023,61.0
23128.333593884854,96.0
23128.333656381685,74.0
23128.333718878515,57.0
23128.33378137535,55.0
23128.33384387218,66.0
23128.33390636901,82.0
23128.33396886584,60.0
23128.334031362676,57.0
23128.334093859507,60.0
23128.334156356337,30.0
23128.334218853168,20.0
23128.33428135,32.0
23128.334343846833,57.0
23128.334406343663,76.0
23128.334468840494,51.0
23128.334531337325,45.0
23128.334593834155,69.0
23128.33465633099,84.0
23128.33471882782,89.0
23128.33478132465,81.0
23128.33484382148,91.0
23128.334906318312,51.0
23128.334968815147,26.0
23128.335031311977,79.0
23128.335093808808,93.0
23128.33515630564,101.0
23128.335218802473,110.0
23128.335281299303,57.0
23128.335343796134,45.0
23128.335406292965,69.0
23128.335468789795,52.0
23128.33553128663,101.0
23128.33559378346,102.0
23128.33565628029,65.0
23128.33571877712,99.0
23128.335781273952,97.0
23128.335843770787,81.0
23128.335906267617,74.0
23128.335968764448,79.0
23128.33603126128,81.0
23128.33609375811,121.0
23128.336156254943,150.0
23128.336218751774,104.0
23128.336281248605,59.0
23128.336343745435,53.0
23128.33640624227,82.0
23128.3364687391,84.0
23128.33653123593,81.0
23128.33659373276,108.0
23128.336656229592,55.0
23128.336718726427,43.0
23128.336781223257,79.0
23128.336843720088,68.0
23128.33690621692,66.0
23128.33696871375,64.0
23128.337031210584,58.0
23128.337093707414,66.0
23128.337156204245,70.0
23128.337218701075,70.0
23128.337281197906,53.0
23128.33734369474,43.0
23128.33740619157,85.0
23128.3374686884,69.0
23128.337531185232,60.0
23128.337593682067,80.0
23128.337656178897,46.0
23128.337718675728,50.0
23128.33778117256,46.0
23128.33784366939,57.0
23128.337906166224,60.0
23128.337968663054,43.0
23128.338031159885,57.0
23128.338093656716,68.0
23128.338156153546,70.0
23128.33821865038,83.0
23128.33828114721,79.0
23128.33834364404,75.0
23128.338406140872,73.0
23128.338468637703,36.0
23128.338531134537,49.0
23128.338593631368,89.0
23128.3386561282,65.0
23128.33871862503,69.0
23128.338781121864,71.0
23128.338843618694,74.0
23128.338906115525,68.0
23128.338968612356,56.0
23128.339031109186,55.0
23128.33909360602,28.0
23128.33915610285,35.0
23128.33921859968,50.0
23128.339281096512,44.0
23128.339343593343,38.0
23128.339406090177,45.0
23128.339468587008,7.0
23128.33953108384,39.0
23128.33959358067,85.0
23128.3396560775,44.0
23128.339718574334,64.0
23128.339781071165,81.0
23128.339843567996,37.0
23128.339906064826,64.0
23128.33996856166,293.0
23128.34003105849,330.0
23128.34009355532,261.0
23128.340156052152,271.0
23128.340218548983,238.0
23128.340281045817,242.0
23128.340343542648,234.0
23128.34040603948,255.0
23128.34046853631,192.0
23128.34053103314,184.0
23128.340593529974,250.0
23128.340656026805,154.0
23128.340718523636,171.0
23128.340781020466,187.0
23128.340843517297,158.0
23128.34090601413,173.0
23128.340968510962,148.0
23128.341031007792,144.0
23128.341093504623,125.0
23128.341156001457,139.0
23128.341218498288,141.0
23128.34128099512,119.0
23128.34134349195,116.0
23128.34140598878,132.0
23128.341468485614,108.0
23128.341530982445,98.0
23128.341593479276,147.0
23128.341655976106,111.0
23128.341718472937,105.0
23128.34178096977,72.0
23128.341843466602,39.0
23128.341905963433,41.0
23128.341968460263,12.0
23128.342030957094,34.0
23128.342093453928,42.0
23128.34215595076,69.0
23128.34221844759,139.0
23128.34228094442,152.0
23128.342343441254,142.0
23128.342405938085,164.0
23128.342468434916,112.0
23128.342530931746,127.0
23128.342593428577,165.0
23128.34265592541,121.0
23128.342718422242,117.0
23128.342780919073,116.0
23128.342843415903,127.0
23128.342905912734,107.0
23128.342968409568,91.0
23128.3430309064,111.0
23128.34309340323,86.0
23128.34315590006,19.0
23128.34321839689,-11.0
23128.343280893725,2.0
23128.343343390556,-29.0
23128.343405887386,-58.0
23128.343468384217,-90.0
23128.34353088105,-106.0
23128.343593377882,-89.0
23128.343655874713,-124.0
23128.343718371543,-160.0
23128.343780868374,-138.0
23128.343843365208,-147.0
23128.34390586204,-153.0
23128.34396835887,-130.0
23128.3440308557,-116.0
23128.34409335253,-107.0
23128.344155849365,-89.0
23128.344218346196,-60.0
23128.344280843026,-51.0
23128.344343339857,-71.0
23128.344405836688,-82.0
23128.344468333522,-117.0
23128.344530830353,-143.0
23128.344593327183,-153.0
23128.344655824014,-171.0
23128.34471832085,-152.0
23128.34478081768,-159.0
23128.34484331451,-160.0
23128.34490581134,-140.0
23128.34496830817,-109.0
23128.345030805005,-136.0
23128.345093301836,-157.0
23128.345155798666,-120.0
23128.345218295497,-160.0
23128.345280792328,-180.0
23128.345343289162,-153.0
23128.345405785993,-142.0
23128.345468282823,-144.0
23128.345530779654,-120.0
23128.345593276485,-80.0
23128.34565577332,-111.0
23128.34571827015,-110.0
23128.34578076698,-117.0
23128.34584326381,-127.0
23128.345905760645,-117.0
23128.345968257476,-77.0
23128.346030754306,-57.0
23128.346093251137,-86.0
23128.346155747968,-110.0
23128.346218244802,-112.0
23128.346280741633,-101.0
23128.346343238463,-65.0
23128.346405735294,-35.0
23128.346468232125,-52.0
23128.34653072896,-37.0
23128.34659322579,-19.0
23128.34665572262,-10.0
23128.34671821945,4.0
23128.34678071628,-20.0
23128.346843213116,-40.0
23128.346905709946,-48.0
23128.346968206777,-49.0
23128.347030703608,-39.0
23128.347093200442,-18.0
23128.347155697273,-29.0
23128.347218194103,-29.0
23128.347280690934,-16.0
23128.347343187765,-11.0
23128.3474056846,-23.0
23128.34746818143,-60.0
23128.34753067826,-26.0
23128.34759317509,-5.0
23128.34765567192,-32.0
23128.347718168756,-41.0
23128.347780665586,-36.0
23128.347843162417,-21.0
23128.347905659248,-32.0
23128.34796815608,-36.0
23128.348030652913,-31.0
23128.348093149743,-46.0
23128.348155646574,-33.0
23128.348218143405,1.0
23128.34828064024,-9.0
23128.34834313707,-31.0
23128.3484056339,-28.0
23128.34846813073,-30.0
23128.34853062756,-9.0
23128.348593124396,35.0
23128.348655621226,18.0
23128.348718118057,5.0
23128.348780614888,-16.0
23128.34884311172,-22.0
23128.348905608553,-13.0
23128.348968105383,-16.0
23128.349030602214,18.0
23128.349093099045,19.0
23128.349155595875,13.0
23128.34921809271,17.0
23128.34928058954,1.0
23128.34934308637,26.0
23128.3494055832,37.0
23128.349468080036,3.0
23128.349530576867,24.0
23128.349593073697,53.0
23128.349655570528,12.0
23128.34971806736,21.0
23128.349780564193,1.0
23128.349843061023,21.0
23128.349905557854,29.0
23128.349968054685,-225.0
23128.350030551515,-335.0
23128.35009304835,-285.0
23128.35015554518,-288.0
23128.35021804201,-256.0
23128.35028053884,-241.0
23128.350343035672,-233.0
23128.350405532507,-222.0
23128.350468029337,-253.0
23128.350530526168,-221.0
23128.350593023,-196.0
23128.350655519833,-228.0
23128.350718016663,-216.0
23128.350780513494,-209.0
23128.350843010325,-232.0
23128.350905507155,-224.0
23128.35096800399,-202.0
23128.35103050082,-222.0
23128.35109299765,-240.0
23128.35115549448,-231.0
23128.351217991312,-199.0
23128.351280488147,-209.0
23128.351342984977,-215.0
23128.351405481808,-177.0
23128.35146797864,-210.0
23128.35153047547,-192.0
23128.351592972303,-133.0
23128.351655469134,-163.0
23128.351717965965,-156.0
23128.351780462795,-135.0
23128.35184295963,-140.0
23128.35190545646,-75.0
23128.35196795329,-41.0
23128.35203045012,-85.0
23128.352092946952,-88.0
23128.352155443787,-116.0
23128.352217940617,-151.0
23128.352280437448,-162.0
23128.35234293428,-154.0
23128.35240543111,-146.0
23128.352467927944,-169.0
23128.352530424774,-132.0
23128.352592921605,-117.0
23128.352655418435,-146.0
23128.352717915266,-134.0
23128.3527804121,-134.0
23128.35284290893,-129.0
23128.35290540576,-101.0
23128.352967902592,-84.0
23128.353030399427,-106.0
23128.353092896257,-86.0
23128.353155393088,-51.0
23128.35321788992,-44.0
23128.35328038675,-35.0
23128.353342883584,-22.0
23128.353405380414,28.0
23128.353467877245,22.0
23128.353530374075,45.0
23128.353592870906,114.0
23128.35365536774,107.0
23128.35371786457,112.0
23128.3537803614,100.0
23128.353842858232,91.0
23128.353905355063,73.0
23128.353967851897,90.0
23128.354030348728,93.0
23128.35409284556,79.0
23128.35415534239,61.0
23128.354217839224,24.0
23128.354280336054,64.0
23128.354342832885,94.0
23128.354405329716,92.0
23128.354467826546,89.0
23128.35453032338,98.0
23128.35459282021,108.0
23128.35465531704,91.0
23128.354717813872,116.0
23128.354780310703,133.0
23128.354842807537,122.0
23128.354905304368,134.0
23128.3549678012,165.0
23128.35503029803,152.0
23128.35509279486,113.0
23128.355155291694,103.0
23128.355217788525,126.0
23128.355280285356,157.0
23128.355342782186,170.0
23128.35540527902,175.0
23128.35546777585,127.0
23128.35553027268,109.0
23128.355592769512,124.0
23128.355655266343,88.0
23128.355717763177,100.0
23128.355780260008,124.0
23128.35584275684,136.0
23128.35590525367,145.0
23128.3559677505,116.0
23128.356030247334,110.0
23128.356092744165,119.0
23128.356155240996,149.0
23128.356217737826,182.0
23128.356280234657,175.0
23128.35634273149,129.0
23128.35640522832,106.0
23128.356467725152,64.0
23128.356530221983,72.0
23128.356592718817,147.0
23128.356655215648,123.0
23128.35671771248,97.0
23128.35678020931,107.0
23128.35684270614,105.0
23128.356905202974,111.0
23128.356967699805,98.0
23128.357030196636,104.0
23128.357092693466,115.0
23128.357155190297,83.0
23128.35721768713,97.0
23128.357280183962,91.0
23128.357342680792,112.0
23128.357405177623,137.0
23128.357467674454,71.0
23128.357530171288,98.0
23128.35759266812,161.0
23128.35765516495,114.0
23128.35771766178,108.0
23128.357780158614,111.0
23128.357842655445,99.0
23128.357905152276,109.0
23128.357967649106,107.0
23128.358030145937,86.0
23128.35809264277,69.0
23128.358155139602,64.0
23128.358217636433,64.0
23128.358280133263,85.0
23128.358342630094,83.0
23128.358405126928,93.0
23128.35846762376,47.0
23128.35853012059,56.0
23128.35859261742,92.0
23128.35865511425,12.0
23128.358717611085,47.0
23128.358780107916,72.0
23128.358842604746,39.0
23128.358905101577,39.0
23128.35896759841,21.0
23128.359030095242,49.0
23128.359092592073,66.0
23128.359155088903,35.0
23128.359217585734,31.0
23128.359280082568,13.0
23128.3593425794,-1.0
23128.35940507623,43.0
23128.35946757306,9.0
23128.35953006989,20.0
23128.359592566725,64.0
23128.359655063556,6.0
23128.359717560386,-11.0
23128.359780057217,25.0
23128.359842554048,22.0
23128.359905050882,59.0
23128.359967547713,291.0
23128.360030044543,336.0
23128.360092541374,248.0
23128.360155038208,217.0
23128.36021753504,202.0
23128.36028003187,222.0
23128.3603425287,224.0
23128.36040502553,244.0
23128.360467522365,195.0
23128.360530019196,188.0
23128.360592516026,228.0
23128.360655012857,134.0
23128.360717509688,135.0
23128.360780006522,165.0
23128.360842503353,162.0
23128.360905000183,165.0
23128.360967497014,162.0
23128.361029993845,186.0
23128.36109249068,166.0
23128.36115498751,150.0
23128.36121748434,128.0
23128.36127998117,96.0
23128.361342478005,65.0
23128.361404974836,84.0
23128.361467471666,79.0
23128.361529968497,70.0
23128.361592465328,120.0
23128.361654962162,132.0
23128.361717458993,125.0
23128.361779955823,78.0
23128.361842452654,47.0
23128.361904949485,14.0
23128.36196744632,-30.0
23128.36202994315,-28.0
23128.36209243998,-22.0
23128.36215493681,11.0
23128.36221743364,56.0
23128.362279930476,68.0
23128.362342427306,84.0
23128.362404924137,127.0
23128.362467420968,114.0
23128.362529917802,119.0
23128.362592414633,159.0
23128.362654911463,118.0
23128.362717408294,122.0
23128.362779905125,138.0
23128.36284240196,120.0
23128.36290489879,118.0
23128.36296739562,103.0
23128.36302989245,106.0
23128.36309238928,85.0
23128.363154886116,59.0
23128.363217382946,35.0
23128.363279879777,-11.0
23128.363342376608,-17.0
23128.36340487344,-6.0
23128.363467370273,-69.0
23128.363529867103,-67.0
23128.363592363934,-37.0
23128.363654860765,-94.0
23128.3637173576,-77.0
23128.36377985443,-58.0
23128.36384235126,-95.0
23128.36390484809,-83.0
23128.36396734492,-66.0
23128.364029841756,-93.0
23128.364092338586,-101.0
23128.364154835417,-88.0
23128.364217332248,-97.0
23128.36427982908,-101.0
23128.364342325913,-61.0
23128.364404822743,-84.0
23128.364467319574,-117.0
23128.364529816405,-70.0
23128.364592313235,-58.0
23128.36465481007,-126.0
23128.3647173069,-155.0
23128.36477980373,-123.0
23128.36484230056,-108.0
23128.364904797396,-120.0
23128.364967294227,-126.0
23128.365029791057,-127.0
23128.365092287888,-140.0
23128.36515478472,-151.0
23128.365217281553,-159.0
23128.365279778383,-167.0
23128.365342275214,-140.0
23128.365404772045,-118.0
23128.365467268875,-139.0
23128.36552976571,-120.0
23128.36559226254,-59.0
23128.36565475937,-88.0
23128.3657172562,-108.0
23128.365779753032,-54.0
23128.365842249867,-56.0
23128.365904746697,-86.0
23128.365967243528,-62.0
23128.36602974036,-71.0
23128.366092237193,-94.0
23128.366154734023,-93.0
23128.366217230854,-95.0
23128.366279727685,-96.0
23128.366342224515,-71.0
23128.36640472135,-26.0
23128.36646721818,-71.0
23128.36652971501,-101.0
23128.36659221184,-66.0
23128.366654708672,-61.0
23128.366717205507,-82.0
23128.366779702337,-91.0
23128.366842199168,-87.0
23128.366904696,-65.0
23128.36696719283,-59.0
23128.367029689663,-83.0
23128.367092186494,-81.0
23128.367154683325,-64.0
23128.367217180155,-73.0
23128.36727967699,-72.0
23128.36734217382,-69.0
23128.36740467065,-73.0
23128.36746716748,-52.0
23128.367529664312,-36.0
23128.367592161147,-26.0
23128.367654657977,-40.0
23128.367717154808,-47.0
23128.36777965164,-40.0
23128.36784214847,-36.0
23128.367904645303,-59.0
23128.367967142134,-59.0
23128.368029638965,-46.0
23128.368092135795,-66.0
23128.368154632626,-49.0
23128.36821712946,-39.0
23128.36827962629,-55.0
23128.36834212312,-57.0
23128.368404619952,-58.0
23128.368467116787,-72.0
23128.368529613617,-60.0
23128.368592110448,-23.0
23128.36865460728,-54.0
23128.36871710411,-70.0
23128.368779600944,-38.0
23128.368842097774,-36.0
23128.368904594605,-37.0
23128.368967091435,-28.0
23128.369029588266,-31.0
23128.3690920851,-44.0
23128.36915458193,-42.0
23128.36921707876,-52.0
23128.369279575592,-45.0
23128.369342072423,-13.0
23128.369404569257,-15.0
23128.369467066088,-80.0
23128.36952956292,-38.0
23128.36959205975,17.0
23128.369654556584,-13.0
23128.369717053414,16.0
23128.369779550245,-1.0
23128.369842047076,5.0
23128.369904543906,0.0
23128.36996704074,-273.0
23128.37002953757,-369.0
23128.3700920344,-300.0
23128.370154531232,-330.0
23128.370217028063,-278.0
23128.370279524897,-248.0
23128.370342021728,-236.0
23128.37040451856,-204.0
23128.37046701539,-255.0
23128.37052951222,-244.0
23128.370592009054,-204.0
23128.370654505885,-227.0
23128.370717002716,-235.0
23128.370779499546,-218.0
23128.37084199638,-223.0
23128.37090449321,-247.0
23128.37096699004,-222.0
23128.371029486872,-225.0
23128.371091983703,-234.0
23128.371154480537,-210.0
23128.371216977368,-210.0
23128.3712794742,-206.0
23128.37134197103,-170.0
23128.37140446786,-137.0
23128.371466964694,-124.0
23128.371529461525,-102.0
23128.371591958356,-94.0
23128.371654455186,-116.0
23128.371716952017,-97.0
23128.37177944885,-86.0
23128.37184194568,-42.0
23128.371904442512,-12.0
23128.371966939343,-23.0
23128.372029436177,-8.0
23128.372091933008,-36.0
23128.37215442984,-101.0
23128.37221692667,-112.0
23128.3722794235,-145.0
23128.372341920334,-200.0
23128.372404417165,-162.0
23128.372466913996,-172.0
23128.372529410826,-162.0
23128.372591907657,-84.0
23128.37265440449,-128.0
23128.372716901322,-130.0
23128.372779398152,-91.0
23128.372841894983,-134.0
23128.372904391814,-117.0
23128.372966888648,-84.0
23128.37302938548,-92.0
23128.37309188231,-54.0
23128.37315437914,-42.0
23128.373216875974,-58.0
23128.373279372805,-43.0
23128.373341869636,-14.0
23128.373404366466,8.0
23128.373466863297,-24.0
23128.37352936013,12.0
23128.373591856962,74.0
23128.373654353793,70.0
23128.373716850623,71.0
23128.373779347454,86.0
23128.373841844288,105.0
23128.37390434112,86.0
23128.37396683795,96.0
23128.37402933478,94.0
23128.37409183161,84.0
23128.374154328445,104.0
23128.374216825276,87.0
23128.374279322106,65.0
23128.374341818937,77.0
23128.37440431577,102.0
23128.374466812602,72.0
23128.374529309433,80.0
23128.374591806263,91.0
23128.374654303094,80.0
23128.374716799928,128.0
23128.37477929676,114.0
23128.37484179359,93.0
23128.37490429042,107.0
23128.37496678725,109.0
23128.375029284085,121.0
23128.375091780916,118.0
23128.375154277746,123.0
23128.375216774577,134.0
23128.375279271408,105.0
23128.375341768242,109.0
23128.375404265073,98.0
23128.375466761903,53.0
23128.375529258734,87.0
23128.375591755568,130.0
23128.3756542524,106.0
23128.37571674923,114.0
23128.37577924606,126.0
23128.37584174289,110.0
23128.375904239725,107.0
23128.375966736556,102.0
23128.376029233386,93.0
23128.376091730217,109.0
23128.376154227048,130.0
23128.376216723882,129.0
23128.376279220713,107.0
23128.376341717543,134.0
23128.376404214374,153.0
23128.376466711205,90.0
23128.37652920804,95.0
23128.37659170487,125.0
23128.3766542017,87.0
23128.37671669853,98.0
23128.376779195365,102.0
23128.376841692196,83.0
23128.376904189026,82.0
23128.376966685857,97.0
23128.377029182688,116.0
23128.377091679522,85.0
23128.377154176353,59.0
23128.377216673183,51.0
23128.377279170014,50.0
23128.377341666845,65.0
23128.37740416368,69.0
23128.37746666051,34.0
23128.37752915734,34.0
23128.37759165417,97.0
23128.377654151,73.0
23128.377716647836,68.0
23128.377779144666,84.0
23128.377841641497,78.0
23128.377904138328,49.0
23128.377966635162,24.0
23128.378029131993,50.0
23128.378091628823,73.0
23128.378154125654,57.0
23128.378216622485,25.0
23128.37827911932,4.0
23128.37834161615,33.0
23128.37840411298,55.0
23128.37846660981,42.0
23128.37852910664,46.0
23128.378591603476,63.0
23128.378654100306,44.0
23128.378716597137,33.0
23128.378779093968,30.0
23128.3788415908,37.0
23128.378904087633,39.0
23128.378966584463,20.0
23128.379029081294,12.0
23128.379091578125,14.0
23128.37915407496,15.0
23128.37921657179,22.0
23128.37927906862,-1.0
23128.37934156545,7.0
23128.37940406228,31.0
23128.379466559116,-6.0
23128.379529055946,15.0
23128.379591552777,54.0
23128.379654049608,19.0
23128.37971654644,13.0
23128.379779043273,51.0
23128.379841540103,5.0
23128.379904036934,31.0
23128.379966533765,278.0
23128.380029030595,334.0
23128.38009152743,275.0
23128.38015402426,236.0
23128.38021652109,216.0
23128.38027901792,213.0
23128.380341514756,225.0
23128.380404011587,286.0
23128.380466508417,227.0
23128.380529005248,213.0
23128.38059150208,249.0
23128.380653998913,189.0
23128.380716495743,200.0
23128.380778992574,238.0
23128.380841489405,251.0
23128.380903986235,249.0
23128.38096648307,204.0
23128.3810289799,187.0
23128.38109147673,176.0
23128.38115397356,153.0
23128.381216470392,145.0
23128.381278967227,176.0
23128.381341464057,167.0
23128.381403960888,145.0
23128.38146645772,96.0
23128.381528954553,58.0
23128.381591451383,95.0
23128.381653948214,146.0
23128.381716445045,147.0
23128.381778941875,104.0
23128.38184143871,82.0
23128.38190393554,19.0
23128.38196643237,-3.0
23128.3820289292,7.0
23128.382091426032,29.0
23128.382153922867,93.0
23128.382216419697,108.0
23128.382278916528,144.0
23128.38234141336,156.0
23128.38240391019,152.0
23128.382466407023,124.0
23128.382528903854,141.0
23128.382591400685,153.0
23128.382653897515,97.0
23128.38271639435,96.0
23128.38277889118,104.0
23128.38284138801,108.0
23128.38290388484,95.0
23128.382966381672,99.0
23128.383028878507,109.0
23128.383091375337,63.0
23128.383153872168,31.0
23128.383216369,15.0
23128.38327886583,-32.0
23128.383341362663,-54.0
23128.383403859494,-47.0
23128.383466356325,-107.0
23128.383528853155,-112.0
23128.383591349986,-55.0
23128.38365384682,-86.0
23128.38371634365,-108.0
23128.38377884048,-88.0
23128.383841337312,-73.0
23128.383903834147,-70.0
23128.383966330977,-52.0
23128.384028827808,-51.0
23128.38409132464,-58.0
23128.38415382147,-62.0
23128.384216318304,-75.0
23128.384278815134,-58.0
23128.384341311965,-94.0
23128.384403808795,-86.0
23128.384466305626,-79.0
23128.38452880246,-120.0
23128.38459129929,-89.0
23128.38465379612,-141.0
23128.384716292952,-193.0
23128.384778789783,-153.0
23128.384841286617,-130.0
23128.384903783448,-183.0
23128.38496628028,-149.0
23128.38502877711,-132.0
23128.385091273944,-160.0
23128.385153770774,-156.0
23128.385216267605,-182.0
23128.385278764435,-180.0
23128.385341261266,-147.0
23128.3854037581,-113.0
23128.38546625493,-155.0
23128.38552875176,-151.0
23128.385591248592,-88.0
23128.385653745423,-141.0
23128.385716242257,-163.0
23128.385778739088,-135.0
23128.38584123592,-147.0
23128.38590373275,-122.0
23128.38596622958,-111.0
23128.386028726414,-139.0
23128.386091223245,-108.0
23128.386153720076,-105.0
23128.386216216906,-85.0
23128.38627871374,-59.0
23128.38634121057,-67.0
23128.3864037074,-48.0
23128.386466204232,-70.0
23128.386528701063,-76.0
23128.386591197897,-53.0
23128.386653694728,-65.0
23128.38671619156,-77.0
23128.38677868839,-75.0
23128.38684118522,-68.0
23128.386903682054,-101.0
23128.386966178885,-80.0
23128.387028675716,-66.0
23128.387091172546,-68.0
23128.387153669377,-51.0
23128.38721616621,-89.0
23128.38727866304,-93.0
23128.387341159872,-64.0
23128.387403656703,-62.0
23128.387466153537,-74.0
23128.387528650368,-65.0
23128.3875911472,-54.0
23128.38765364403,-62.0
23128.38771614086,-66.0
23128.387778637694,-76.0
23128.387841134525,-65.0
23128.387903631356,-34.0
23128.387966128186,-52.0
23128.388028625017,-60.0
23128.38809112185,-37.0
23128.388153618682,-22.0
23128.388216115512,-43.0
23128.388278612343,-37.0
23128.388341109174,-50.0
23128.388403606008,-50.0
23128.38846610284,-31.0
23128.38852859967,-26.0
23128.3885910965,-5.0
23128.388653593334,-7.0
23128.388716090165,-13.0
23128.388778586996,-9.0
23128.388841083826,-13.0
23128.388903580657,-19.0
23128.38896607749,-11.0
23128.389028574322,-36.0
23128.389091071153,-25.0
23128.389153567983,-24.0
23128.389216064814,-25.0
23128.389278561648,-22.0
23128.38934105848,-28.0
23128.38940355531,2.0
23128.38946605214,-33.0
23128.38952854897,-31.0
23128.389591045805,-17.0
23128.389653542636,-38.0
23128.389716039466,-27.0
23128.389778536297,-72.0
23128.38984103313,-40.0
23128.389903529962,-46.0
23128.389966026793,-283.0
23128.390028523623,-343.0
23128.390091020454,-279.0
23128.390153517288,-300.0
23128.39021601412,-277.0
23128.39027851095,-256.0
23128.39034100778,-234.0
23128.39040350461,-205.0
23128.390466001445,-225.0
23128.390528498276,-184.0
23128.390590995106,-189.0
23128.390653491937,-229.0
23128.390715988768,-220.0
23128.390778485602,-219.0
23128.390840982433,-208.0
23128.390903479263,-193.0
23128.390965976094,-155.0
23128.391028472928,-172.0
23128.39109096976,-183.0
23128.39115346659,-182.0
23128.39121596342,-155.0
23128.39127846025,-117.0
23128.391340957085,-123.0
23128.391403453916,-93.0
23128.391465950746,-121.0
23128.391528447577,-123.0
23128.391590944408,-55.0
23128.391653441242,-72.0
23128.391715938073,-116.0
23128.391778434903,-85.0
23128.391840931734,-29.0
23128.391903428565,-16.0
23128.3919659254,17.0
23128.39202842223,49.0
23128.39209091906,-7.0
23128.39215341589,-59.0
23128.392215912725,-81.0
23128.392278409556,-122.0
23128.392340906386,-119.0
23128.392403403217,-118.0
23128.392465900048,-159.0
23128.392528396882,-119.0
23128.392590893713,-86.0
23128.392653390543,-109.0
23128.392715887374,-101.0
23128.392778384205,-111.0
23128.39284088104,-96.0
23128.39290337787,-83.0
23128.3929658747,-52.0
23128.39302837153,-9.0
23128.39309086836,-32.0
23128.393153365196,-19.0
23128.393215862026,31.0
23128.393278358857,27.0
23128.393340855688,14.0
23128.393403352522,70.0
23128.393465849353,60.0
23128.393528346183,48.0
23128.393590843014,95.0
23128.393653339845,76.0
23128.39371583668,76.0
23128.39377833351,61.0
23128.39384083034,63.0
23128.39390332717,100.0
23128.393965824,51.0
23128.394028320836,49.0
23128.394090817666,88.0
23128.394153314497,51.0
23128.394215811328,65.0
23128.39427830816,76.0
23128.394340804993,44.0
23128.394403301823,65.0
23128.394465798654,25.0
23128.394528295485,37.0
23128.39459079232,120.0
23128.39465328915,100.0
23128.39471578598,95.0
23128.39477828281,113.0
23128.39484077964,114.0
23128.394903276476,120.0
23128.394965773306,132.0
23128.395028270137,133.0
23128.395090766968,136.0
23128.3951532638,151.0
23128.395215760633,150.0
23128.395278257463,122.0
23128.395340754294,104.0
23128.395403251125,131.0
23128.395465747955,110.0
23128.39552824479,98.0
23128.39559074162,142.0
23128.39565323845,104.0
23128.39571573528,102.0
23128.395778232116,109.0
23128.395840728946,80.0
23128.395903225777,89.0
23128.395965722608,104.0
23128.39602821944,83.0
23128.396090716273,65.0
23128.396153213103,81.0
23128.396215709934,54.0
23128.396278206765,25.0
23128.396340703595,57.0
23128.39640320043,63.0
23128.39646569726,28.0
23128.39652819409,72.0
23128.39659069092,88.0
23128.396653187752,55.0
23128.396715684587,85.0
23128.396778181417,81.0
23128.396840678248,67.0
23128.39690317508,73.0
23128.396965671913,77.0
23128.397028168743,73.0
23128.397090665574,49.0
23128.397153162405,41.0
23128.397215659235,72.0
23128.39727815607,46.0
23128.3973406529,23.0
23128.39740314973,39.0
23128.39746564656,18.0
23128.397528143392,39.0
23128.397590640227,82.0
23128.397653137057,27.0
23128.397715633888,3.0
23128.39777813072,28.0
23128.39784062755,44.0
23128.397903124383,38.0
23128.397965621214,15.0
23128.398028118045,17.0
23128.398090614875,15.0
23128.39815311171,10.0
23128.39821560854,-7.0
23128.39827810537,0.0
23128.3983406022,2.0
23128.398403099032,-21.0
23128.398465595867,-24.0
23128.398528092697,-38.0
23128.398590589528,-18.0
23128.39865308636,-16.0
23128.39871558319,-47.0
23128.398778080023,-48.0
23128.398840576854,-49.0
23128.398903073685,-42.0
23128.398965570515,-37.0
23128.399028067346,-38.0
23128.39909056418,-50.0
23128.39915306101,-28.0
23128.39921555784,1.0
23128.399278054672,-29.0
23128.399340551507,-22.0
23128.399403048337,-15.0
23128.399465545168,-47.0
23128.399528042,-35.0
23128.39959053883,-19.0
23128.399653035664,-40.0
23128.399715532494,-56.0
23128.399778029325,-40.0
23128.399840526155,-67.0
23128.399903022986,22.0
23128.39996551982,280.0
23128.40002801665,279.0
23128.40009051348,207.0
23128.400153010312,227.0
23128.400215507143,252.0
23128.400278003977,259.0
23128.400340500808,221.0
23128.40040299764,157.0
23128.40046549447,142.0
23128.400527991304,233.0
23128.400590488134,258.0
23128.400652984965,135.0
23128.400715481795,151.0
23128.400777978626,180.0
23128.40084047546,188.0
23128.40090297229,222.0
23128.40096546912,186.0
23128.401027965952,147.0
23128.401090462783,160.0
23128.401152959617,221.0
23128.401215456448,190.0
23128.40127795328,160.0
23128.40134045011,168.0
23128.40140294694,139.0
23128.401465443774,105.0
23128.401527940605,162.0
23128.401590437436,202.0
23128.401652934266,146.0
23128.4017154311,115.0
23128.40177792793,64.0
23128.40184042476,57.0
23128.401902921592,80.0
23128.401965418423,65.0
23128.402027915257,49.0
23128.402090412088,46.0
23128.40215290892,91.0
23128.40221540575,142.0
23128.40227790258,193.0
23128.402340399414,222.0
23128.402402896245,204.0
23128.402465393076,180.0
23128.402527889906,161.0
23128.402590386737,177.0
23128.40265288357,167.0
23128.4027153804,190.0
23128.402777877232,197.0
23128.402840374063,183.0
23128.402902870897,181.0
23128.402965367728,127.0
23128.40302786456,89.0
23128.40309036139,80.0
23128.40315285822,62.0
23128.403215355054,52.0
23128.403277851885,46.0
23128.403340348716,33.0
23128.403402845546,26.0
23128.403465342377,-26.0
23128.40352783921,-46.0
23128.40359033604,-26.0
23128.403652832872,-64.0
23128.403715329703,-31.0
23128.403777826534,9.0
23128.403840323368,-12.0
23128.4039028202,8.0
23128.40396531703,21.0
23128.40402781386,-27.0
23128.404090310694,-23.0
23128.404152807525,-2.0
23128.404215304356,-33.0
23128.404277801186,-29.0
23128.404340298017,-53.0
23128.40440279485,-42.0
23128.404465291682,-43.0
23128.404527788512,-42.0
23128.404590285343,-14.0
23128.404652782174,-66.0
23128.404715279008,-93.0
23128.40477777584,-78.0
23128.40484027267,-93.0
23128.4049027695,-119.0
23128.40496526633,-76.0
23128.405027763165,-92.0
23128.405090259996,-123.0
23128.405152756826,-82.0
23128.405215253657,-87.0
23128.40527775049,-82.0
23128.405340247322,-58.0
23128.405402744153,-85.0
23128.405465240983,-110.0
23128.405527737814,-77.0
23128.405590234648,-49.0
23128.40565273148,-78.0
23128.40571522831,-90.0
23128.40577772514,-107.0
23128.40584022197,-112.0
23128.405902718805,-113.0
23128.405965215636,-136.0
23128.406027712466,-137.0
23128.406090209297,-120.0
23128.406152706128,-114.0
23128.406215202962,-86.0
23128.406277699793,-98.0
23128.406340196623,-103.0
23128.406402693454,-95.0
23128.406465190288,-117.0
23128.40652768712,-82.0
23128.40659018395,-67.0
23128.40665268078,-93.0
23128.40671517761,-84.0
23128.406777674445,-100.0
23128.406840171276,-96.0
23128.406902668106,-103.0
23128.406965164937,-99.0
23128.407027661768,-75.0
23128.407090158602,-102.0
23128.407152655433,-119.0
23128.407215152263,-88.0
23128.407277649094,-77.0
23128.407340145925,-93.0
23128.40740264276,-75.0
23128.40746513959,-109.0
23128.40752763642,-99.0
23128.40759013325,-49.0
23128.407652630085,-100.0
23128.407715126916,-90.0
23128.407777623746,-74.0
23128.407840120577,-80.0
23128.407902617408,-69.0
23128.407965114242,-64.0
23128.408027611073,-54.0
23128.408090107903,-80.0
23128.408152604734,-103.0
23128.408215101565,-83.0
23128.4082775984,-65.0
23128.40834009523,-61.0
23128.40840259206,-35.0
23128.40846508889,-61.0
23128.40852758572,-64.0
23128.408590082556,-28.0
23128.408652579386,-35.0
23128.408715076217,-36.0
23128.408777573048,-48.0
23128.408840069882,-42.0
23128.408902566713,-47.0
23128.408965063543,-41.0
23128.409027560374,-20.0
23128.409090057205,-38.0
23128.40915255404,-27.0
23128.40921505087,-13.0
23128.4092775477,-29.0
23128.40934004453,-41.0
23128.40940254136,-47.0
23128.409465038196,-47.0
23128.409527535026,-25.0
23128.409590031857,0.0
23128.409652528688,-15.0
23128.40971502552,-9.0
23128.409777522353,-13.0
23128.409840019183,16.0
23128.409902516014,-49.0
23128.409965012845,-300.0
23128.41002750968,-360.0
23128.41009000651,-312.0
23128.41015250334,-262.0
23128.41021500017,-214.0
23128.410277497,-225.0
23128.410339993836,-203.0
23128.410402490666,-173.0
23128.410464987497,-214.0
23128.410527484328,-214.0
23128.41058998116,-173.0
23128.410652477993,-180.0
23128.410714974823,-169.0
23128.410777471654,-179.0
23128.410839968485,-195.0
23128.410902465315,-184.0
23128.41096496215,-180.0
23128.41102745898,-189.0
23128.41108995581,-159.0
23128.41115245264,-148.0
23128.411214949476,-160.0
23128.411277446306,-163.0
23128.411339943137,-176.0
23128.411402439968,-152.0
23128.4114649368,-147.0
23128.411527433633,-128.0
23128.411589930463,-83.0
23128.411652427294,-77.0
23128.411714924125,-90.0
23128.411777420955,-77.0
23128.41183991779,-23.0
23128.41190241462,9.0
23128.41196491145,27.0
23128.41202740828,13.0
23128.412089905112,-54.0
23128.412152401947,-120.0
23128.412214898777,-132.0
23128.412277395608,-140.0
23128.41233989244,-151.0
23128.412402389273,-114.0
23128.412464886103,-102.0
23128.412527382934,-102.0
23128.412589879765,-98.0
23128.412652376595,-131.0
23128.41271487343,-128.0
23128.41277737026,-126.0
23128.41283986709,-96.0
23128.41290236392,-82.0
23128.412964860752,-71.0
23128.413027357587,-21.0
23128.413089854417,-8.0
23128.413152351248,-47.0
23128.41321484808,-64.0
23128.41327734491,-36.0
23128.413339841743,-29.0
23128.413402338574,-19.0
23128.413464835405,2.0
23128.413527332235,45.0
23128.41358982907,65.0
23128.4136523259,34.0
23128.41371482273,42.0
23128.41377731956,68.0
23128.413839816392,70.0
23128.413902313227,40.0
23128.413964810057,28.0
23128.414027306888,21.0
23128.41408980372,30.0
23128.41415230055,42.0
23128.414214797383,43.0
23128.414277294214,28.0
23128.414339791045,41.0
23128.414402287875,82.0
23128.414464784706,48.0
23128.41452728154,73.0
23128.41458977837,120.0
23128.4146522752,90.0
23128.414714772032,111.0
23128.414777268867,129.0
23128.414839765697,89.0
23128.414902262528,86.0
23128.41496475936,99.0
23128.41502725619,73.0
23128.415089753023,69.0
23128.415152249854,92.0
23128.415214746685,95.0
23128.415277243515,57.0
23128.415339740346,53.0
23128.41540223718,75.0
23128.41546473401,40.0
23128.41552723084,66.0
23128.415589727672,95.0
23128.415652224503,52.0
23128.415714721337,67.0
23128.415777218168,93.0
23128.415839715,71.0
23128.41590221183,69.0
23128.415964708664,96.0
23128.416027205494,89.0
23128.416089702325,84.0
23128.416152199155,87.0
23128.416214695986,79.0
23128.41627719282,61.0
23128.41633968965,59.0
23128.41640218648,66.0
23128.416464683312,27.0
23128.416527180143,44.0
23128.416589676977,83.0
23128.416652173808,45.0
23128.41671467064,37.0
23128.41677716747,43.0
23128.4168396643,29.0
23128.416902161134,22.0
23128.416964657965,30.0
23128.417027154796,38.0
23128.417089651626,65.0
23128.41715214846,75.0
23128.41721464529,54.0
23128.41727714212,66.0
23128.417339638952,65.0
23128.417402135783,61.0
23128.417464632617,43.0
23128.417527129448,46.0
23128.41758962628,96.0
23128.41765212311,74.0
23128.41771461994,31.0
23128.417777116774,43.0
23128.417839613605,73.0
23128.417902110436,69.0
23128.417964607266,44.0
23128.418027104097,40.0
23128.41808960093,52.0
23128.41815209776,47.0
23128.418214594592,55.0
23128.418277091423,44.0
23128.418339588257,37.0
23128.418402085088,43.0
23128.41846458192,-5.0
23128.41852707875,-2.0
23128.41858957558,35.0
23128.418652072414,1.0
23128.418714569245,15.0
23128.418777066076,20.0
23128.418839562906,1.0
23128.418902059737,42.0
23128.41896455657,40.0
23128.4190270534,17.0
23128.419089550232,15.0
23128.419152047063,12.0
23128.419214543894,6.0
23128.419277040728,12.0
23128.41933953756,-9.0
23128.41940203439,-7.0
23128.41946453122,-21.0
23128.419527028054,-33.0
23128.419589524885,31.0
23128.419652021716,4.0
23128.419714518546,-29.0
23128.419777015377,8.0
23128.41983951221,-28.0
23128.419902009042,24.0
23128.419964505872,244.0
23128.420027002703,271.0
23128.420089499534,217.0
23128.420151996368,233.0
23128.4202144932,230.0
23128.42027699003,202.0
23128.42033948686,204.0
23128.42040198369,183.0
23128.420464480525,126.0
23128.420526977356,157.0
23128.420589474186,238.0
23128.420651971017,189.0
23128.42071446785,177.0
23128.420776964682,198.0
23128.420839461513,149.0
23128.420901958343,149.0
23128.420964455174,163.0
23128.421026952008,196.0
23128.42108944884,205.0
23128.42115194567,158.0
23128.4212144425,118.0
23128.42127693933,101.0
23128.421339436165,131.0
23128.421401932996,177.0
23128.421464429826,118.0
23128.421526926657,77.0
23128.421589423488,138.0
23128.421651920322,128.0
23128.421714417153,130.0
23128.421776913983,105.0
23128.421839410814,47.0
23128.421901907648,13.0
23128.42196440448,1.0
23128.42202690131,62.0
23128.42208939814,74.0
23128.42215189497,97.0
23128.422214391805,150.0
23128.422276888636,173.0
23128.422339385466,201.0
23128.422401882297,195.0
23128.422464379128,128.0
23128.422526875962,131.0
23128.422589372793,158.0
23128.422651869623,121.0
23128.422714366454,158.0
23128.422776863285,165.0
23128.42283936012,101.0
23128.42290185695,89.0
23128.42296435378,114.0
23128.42302685061,134.0
23128.423089347445,129.0
23128.423151844276,63.0
23128.423214341106,17.0
23128.423276837937,15.0
23128.423339334768,12.0
23128.423401831602,33.0
23128.423464328433,9.0
23128.423526825263,-38.0
23128.423589322094,-10.0
23128.423651818925,-66.0
23128.42371431576,-89.0
23128.42377681259,-56.0
23128.42383930942,-36.0
23128.42390180625,-39.0
23128.42396430308,-57.0
23128.424026799916,-69.0
23128.424089296746,-90.0
23128.424151793577,-42.0
23128.424214290408,-13.0
23128.424276787242,-13.0
23128.424339284073,8.0
23128.424401780903,-13.0
23128.424464277734,-91.0
23128.424526774565,-94.0
23128.4245892714,-65.0
23128.42465176823,-102.0
23128.42471426506,-84.0
23128.42477676189,-69.0
23128.42483925872,-82.0
23128.424901755556,-96.0
23128.424964252386,-123.0
23128.425026749217,-119.0
23128.425089246048,-103.0
23128.42515174288,-87.0
23128.425214239713,-61.0
23128.425276736543,-44.0
23128.425339233374,-29.0
23128.425401730205,-20.0
23128.42546422704,-60.0
23128.42552672387,-52.0
23128.4255892207,-6.0
23128.42565171753,-48.0
23128.42571421436,-61.0
23128.425776711196,-36.0
23128.425839208026,-60.0
23128.425901704857,-84.0
23128.425964201688,-30.0
23128.42602669852,-17.0
23128.426089195353,-74.0
23128.426151692183,-68.0
23128.426214189014,-12.0
23128.426276685845,-17.0
23128.426339182675,-40.0
23128.42640167951,-54.0
23128.42646417634,-88.0
23128.42652667317,-65.0
23128.42658917,-24.0
23128.426651666836,-61.0
23128.426714163666,-81.0
23128.426776660497,-76.0
23128.426839157328,-86.0
23128.42690165416,-94.0
23128.426964150993,-82.0
23128.427026647823,-72.0
23128.427089144654,-66.0
23128.427151641485,-44.0
23128.427214138315,-61.0
23128.42727663515,-84.0
23128.42733913198,-65.0
23128.42740162881,-56.0
23128.42746412564,-87.0
23128.427526622472,-61.0
23128.427589119307,-39.0
23128.427651616137,-71.0
23128.427714112968,-53.0
23128.4277766098,-36.0
23128.427839106633,-49.0
23128.427901603463,-60.0
23128.427964100294,-49.0
23128.428026597125,-53.0
23128.428089093955,-52.0
23128.42815159079,-54.0
23128.42821408762,-66.0
23128.42827658445,-48.0
23128.42833908128,-42.0
23128.428401578112,-32.0
23128.428464074947,-57.0
23128.428526571777,-55.0
23128.428589068608,-26.0
23128.42865156544,-25.0
23128.42871406227,-19.0
23128.428776559103,-24.0
23128.428839055934,-31.0
23128.428901552765,-30.0
23128.428964049595,-25.0
23128.42902654643,-19.0
23128.42908904326,-4.0
23128.42915154009,-18.0
23128.42921403692,-16.0
23128.429276533752,-14.0
23128.429339030587,-32.0
23128.429401527417,-9.0
23128.429464024248,-5.0
23128.42952652108,-8.0
23128.42958901791,15.0
23128.429651514743,0.0
23128.429714011574,-17.0
23128.429776508405,-32.0
23128.429839005235,29.0
23128.429901502066,-31.0
23128.4299639989,-288.0
23128.43002649573,-315.0
23128.43008899256,-288.0
23128.430151489392,-296.0
23128.430213986227,-245.0
23128.430276483057,-250.0
23128.430338979888,-264.0
23128.43040147672,-213.0
23128.43046397355,-220.0
23128.430526470383,-232.0
23128.430588967214,-193.0
23128.430651464045,-165.0
23128.430713960875,-188.0
23128.430776457706,-220.0
23128.43083895454,-184.0
23128.43090145137,-185.0
23128.4309639482,-181.0
23128.431026445032,-166.0
23128.431088941863,-177.0
23128.431151438697,-168.0
23128.431213935528,-144.0
23128.43127643236,-148.0
23128.43133892919,-123.0
23128.431401426024,-74.0
23128.431463922854,-85.0
23128.431526419685,-68.0
23128.431588916515,-38.0
23128.431651413346,-84.0
23128.43171391018,-68.0
23128.43177640701,-5.0
23128.43183890384,21.0
23128.431901400672,46.0
23128.431963897503,22.0
23128.432026394337,8.0
23128.432088891168,-16.0
23128.432151388,-95.0
23128.43221388483,-109.0
23128.43227638166,-130.0
23128.432338878494,-119.0
23128.432401375325,-91.0
23128.432463872155,-144.0
23128.432526368986,-130.0
23128.43258886582,-90.0
23128.43265136265,-108.0
23128.43271385948,-88.0
23128.432776356312,-72.0
23128.432838853143,-92.0
23128.432901349977,-93.0
23128.432963846808,-78.0
23128.43302634364,-81.0
23128.43308884047,-50.0
23128.4331513373,-11.0
23128.433213834134,9.0
23128.433276330965,5.0
23128.433338827796,18.0
23128.433401324626,54.0
23128.433463821457,37.0
23128.43352631829,63.0
23128.43358881512,144.0
23128.433651311952,113.0
23128.433713808783,111.0
23128.433776305617,129.0
23128.433838802448,102.0
23128.43390129928,114.0
23128.43396379611,145.0
23128.43402629294,138.0
23128.434088789774,114.0
23128.434151286605,98.0
23128.434213783436,103.0
23128.434276280266,76.0
23128.434338777097,79.0
23128.43440127393,124.0
23128.43446377076,104.0
23128.434526267592,146.0
23128.434588764423,197.0
23128.434651261254,168.0
23128.434713758088,147.0
23128.43477625492,155.0
23128.43483875175,149.0
23128.43490124858,104.0
23128.434963745414,141.0
23128.435026242245,152.0
23128.435088739076,142.0
23128.435151235906,164.0
23128.435213732737,179.0
23128.43527622957,179.0
23128.435338726402,170.0
23128.435401223232,183.0
23128.435463720063,149.0
23128.435526216894,146.0
23128.435588713728,190.0
23128.43565121056,147.0
23128.43571370739,125.0
23128.43577620422,133.0
23128.43583870105,132.0
23128.435901197885,127.0
23128.435963694716,121.0
23128.436026191546,131.0
23128.436088688377,121.0
23128.43615118521,114.0
23128.436213682042,137.0
23128.436276178873,129.0
23128.436338675703,136.0
23128.436401172534,145.0
23128.436463669368,115.0
23128.4365261662,125.0
23128.43658866303,153.0
23128.43665115986,107.0
23128.43671365669,77.0
23128.436776153525,86.0
23128.436838650356,47.0
23128.436901147186,65.0
23128.436963644017,86.0
23128.437026140848,41.0
23128.437088637682,42.0
23128.437151134513,38.0
23128.437213631343,0.0
23128.437276128174,27.0
23128.437338625008,49.0
23128.43740112184,39.0
23128.43746361867,-1.0
23128.4375261155,-10.0
23128.43758861233,33.0
23128.437651109165,8.0
23128.437713605996,-13.0
23128.437776102826,-28.0
23128.437838599657,-38.0
23128.437901096488,0.0
23128.437963593322,-5.0
23128.438026090153,1.0
23128.438088586983,15.0
23128.438151083814,11.0
23128.438213580645,13.0
23128.43827607748,-4.0
23128.43833857431,-10.0
23128.43840107114,-3.0
23128.43846356797,-18.0
23128.438526064805,-7.0
23128.438588561636,0.0
23128.438651058466,-31.0
23128.438713555297,-13.0
23128.438776052128,-15.0
23128.438838548962,-23.0
23128.438901045793,-3.0
23128.438963542623,-7.0
23128.439026039454,-25.0
23128.439088536285,-30.0
23128.43915103312,-47.0
23128.43921352995,-49.0
23128.43927602678,-49.0
23128.43933852361,-57.0
23128.43940102044,-32.0
23128.439463517276,-48.0
23128.439526014106,-51.0
23128.439588510937,6.0
23128.439651007768,3.0
23128.439713504602,-36.0
23128.439776001433,-20.0
23128.439838498263,-57.0
23128.439900995094,-16.0
23128.439963491925,237.0
23128.44002598876,271.0
23128.44008848559,236.0
23128.44015098242,268.0
23128.44021347925,219.0
23128.44027597608,224.0
23128.440338472916,203.0
23128.440400969746,156.0
23128.440463466577,133.0
23128.440525963408,156.0
23128.44058846024,203.0
23128.440650957073,179.0
23128.440713453903,200.0
23128.440775950734,214.0
23128.440838447565,205.0
23128.4409009444,181.0
23128.44096344123,137.0
23128.44102593806,157.0
23128.44108843489,147.0
23128.44115093172,154.0
23128.441213428556,181.0
23128.441275925386,136.0
23128.441338422217,134.0
23128.441400919048,145.0
23128.44146341588,85.0
23128.441525912713,106.0
23128.441588409543,161.0
23128.441650906374,138.0
23128.441713403205,126.0
23128.441775900035,99.0
23128.44183839687,41.0
23128.4419008937,-15.0
23128.44196339053,17.0
23128.44202588736,77.0
23128.442088384196,105.0
23128.442150881026,174.0
23128.442213377857,183.0
23128.442275874688,151.0
23128.44233837152,168.0
23128.442400868353,220.0
23128.442463365183,207.0
23128.442525862014,189.0
23128.442588358845,225.0
23128.442650855675,170.0
23128.44271335251,142.0
23128.44277584934,160.0
23128.44283834617,163.0
23128.442900843,135.0
23128.442963339832,110.0
23128.443025836666,107.0
23128.443088333497,76.0
23128.443150830328,79.0
23128.44321332716,88.0
23128.443275823993,40.0
23128.443338320823,-12.0
23128.443400817654,-43.0
23128.443463314485,-90.0
23128.443525811315,-49.0
23128.44358830815,8.0
23128.44365080498,-85.0
23128.44371330181,-131.0
23128.44377579864,-79.0
23128.443838295472,-45.0
23128.443900792307,-41.0
23128.443963289137,-82.0
23128.444025785968,-130.0
23128.4440882828,-119.0
23128.44415077963,-75.0
23128.444213276463,-48.0
23128.444275773294,-74.0
23128.444338270125,-113.0
23128.444400766955,-104.0
23128.44446326379,-125.0
23128.44452576062,-91.0
23128.44458825745,-58.0
23128.44465075428,-120.0
23128.444713251112,-160.0
23128.444775747947,-152.0
23128.444838244777,-119.0
23128.444900741608,-110.0
23128.44496323844,-109.0
23128.44502573527,-116.0
23128.445088232103,-150.0
23128.445150728934,-171.0
23128.445213225765,-161.0
23128.445275722595,-136.0
23128.445338219426,-133.0
23128.44540071626,-120.0
23128.44546321309,-165.0
23128.44552570992,-171.0
23128.445588206752,-114.0
23128.445650703587,-126.0
23128.445713200417,-114.0
23128.445775697248,-111.0
23128.44583819408,-145.0
23128.44590069091,-168.0
23128.445963187743,-189.0
23128.446025684574,-184.0
23128.446088181405,-169.0
23128.446150678235,-173.0
23128.446213175066,-112.0
23128.4462756719,-96.0
23128.44633816873,-116.0
23128.44640066556,-101.0
23128.446463162392,-123.0
23128.446525659223,-111.0
23128.446588156057,-91.0
23128.446650652888,-110.0
23128.44671314972,-105.0
23128.44677564655,-115.0
23128.446838143384,-83.0
23128.446900640214,-96.0
23128.446963137045,-122.0
23128.447025633875,-80.0
23128.447088130706,-86.0
23128.44715062754,-98.0
23128.44721312437,-79.0
23128.4472756212,-72.0
23128.447338118032,-82.0
23128.447400614863,-84.0
23128.447463111697,-97.0
23128.447525608528,-71.0
23128.44758810536,-48.0
23128.44765060219,-70.0
23128.44771309902,-50.0
23128.447775595854,-51.0
23128.447838092685,-65.0
23128.447900589515,-63.0
23128.447963086346,-55.0
23128.44802558318,-61.0
23128.44808808001,-51.0
23128.44815057684,-26.0
23128.448213073672,-37.0
23128.448275570503,-35.0
23128.448338067337,-37.0
23128.448400564168,-70.0
23128.448463061,-91.0
23128.44852555783,-48.0
23128.44858805466,-36.0
23128.448650551494,-62.0
23128.448713048325,-43.0
23128.448775545156,-46.0
23128.448838041986,-62.0
23128.448900538817,-47.0
23128.44896303565,-41.0
23128.44902553248,-39.0
23128.449088029312,-36.0
23128.449150526143,-65.0
23128.449213022977,-66.0
23128.449275519808,-43.0
23128.44933801664,-61.0
23128.44940051347,-65.0
23128.4494630103,-68.0
23128.449525507134,-46.0
23128.449588003965,-2.0
23128.449650500796,-34.0
23128.449712997626,-38.0
23128.449775494457,-31.0
23128.44983799129,7.0
23128.44990048812,-63.0
23128.449962984952,-321.0
23128.450025481783,-351.0
23128.450087978614,-301.0
23128.450150475448,-310.0
23128.45021297228,-261.0
23128.45027546911,-267.0
23128.45033796594,-264.0
23128.450400462774,-242.0
23128.450462959605,-256.0
23128.450525456436,-232.0
23128.450587953266,-234.0
23128.450650450097,-220.0
23128.45071294693,-223.0
23128.45077544376,-266.0
23128.450837940592,-258.0
23128.450900437423,-235.0
23128.450962934254,-204.0
23128.451025431088,-200.0
23128.45108792792,-154.0
23128.45115042475,-144.0
23128.45121292158,-152.0
23128.45127541841,-104.0
23128.451337915245,-107.0
23128.451400412076,-88.0
23128.451462908906,-118.0
23128.451525405737,-142.0
23128.45158790257,-63.0
23128.451650399402,-86.0
23128.451712896232,-101.0
23128.451775393063,-74.0
23128.451837889894,-70.0
23128.451900386728,-43.0
23128.45196288356,-31.0
23128.45202538039,-30.0
23128.45208787722,-61.0
23128.45215037405,-113.0
23128.452212870885,-112.0
23128.452275367716,-114.0
23128.452337864546,-123.0
23128.452400361377,-125.0
23128.452462858208,-130.0
23128.452525355042,-120.0
23128.452587851873,-109.0
23128.452650348703,-136.0
23128.452712845534,-136.0
23128.452775342368,-117.0
23128.4528378392,-85.0
23128.45290033603,-79.0
23128.45296283286,-56.0
23128.45302532969,-25.0
23128.453087826525,-13.0
23128.453150323356,-8.0
23128.453212820186,14.0
23128.453275317017,33.0
23128.453337813848,47.0
23128.453400310682,93.0
23128.453462807513,83.0
23128.453525304343,90.0
23128.453587801174,123.0
23128.453650298005,97.0
23128.45371279484,83.0
23128.45377529167,73.0
23128.4538377885,119.0
23128.45390028533,130.0
23128.453962782165,102.0
23128.454025278996,95.0
23128.454087775826,70.0
23128.454150272657,71.0
23128.454212769488,93.0
23128.454275266322,100.0
23128.454337763153,80.0
23128.454400259983,79.0
23128.454462756814,54.0
23128.454525253645,66.0
23128.45458775048,127.0
23128.45465024731,121.0
23128.45471274414,121.0
23128.45477524097,111.0
23128.4548377378,112.0
23128.454900234636,109.0
23128.454962731466,77.0
23128.455025228297,112.0
23128.455087725128,140.0
23128.455150221962,135.0
23128.455212718793,147.0
23128.455275215623,110.0
23128.455337712454,95.0
23128.455400209285,108.0
23128.45546270612,81.0
23128.45552520295,100.0
23128.45558769978,130.0
23128.45565019661,88.0
23128.45571269344,81.0
23128.455775190276,62.0
23128.455837687106,42.0
23128.455900183937,61.0
23128.455962680768,62.0
23128.4560251776,67.0
23128.456087674433,89.0
23128.456150171263,85.0
23128.456212668094,96.0
23128.456275164925,70.0
23128.45633766176,50.0
23128.45640015859,36.0
23128.45646265542,-13.0
23128.45652515225,23.0
23128.45658764908,59.0
23128.456650145916,28.0
23128.456712642746,34.0
23128.456775139577,35.0
23128.456837636408,33.0
23128.45690013324,22.0
23128.456962630073,-3.0
23128.457025126903,0.0
23128.457087623734,18.0
23128.457150120565,13.0
23128.457212617395,22.0
23128.45727511423,20.0
23128.45733761106,29.0
23128.45740010789,44.0
23128.45746260472,4.0
23128.457525101556,32.0
23128.457587598386,91.0
23128.457650095217,64.0
23128.457712592048,62.0
23128.45777508888,59.0
23128.457837585713,42.0
23128.457900082543,39.0
23128.457962579374,20.0
23128.458025076205,39.0
23128.458087573035,70.0
23128.45815006987,50.0
23128.4582125667,24.0
23128.45827506353,22.0
23128.45833756036,28.0
23128.458400057192,21.0
23128.458462554026,-2.0
23128.458525050857,31.0
23128.458587547688,87.0
23128.45865004452,27.0
23128.458712541353,10.0
23128.458775038183,33.0
23128.458837535014,24.0
23128.458900031845,8.0
23128.458962528675,24.0
23128.45902502551,44.0
23128.45908752234,26.0
23128.45915001917,32.0
23128.459212516,30.0
23128.459275012832,24.0
23128.459337509667,46.0
23128.459400006497,60.0
23128.459462503328,2.0
23128.45952500016,15.0
23128.45958749699,88.0
23128.459649993823,43.0
23128.459712490654,7.0
23128.459774987485,47.0
23128.459837484315,10.0
23128.45989998115,102.0
23128.45996247798,346.0
23128.46002497481,329.0
23128.46008747164,269.0
23128.460149968472,279.0
23128.460212465307,237.0
23128.460274962137,226.0
23128.460337458968,217.0
23128.4603999558,195.0
23128.46046245263,165.0
23128.460524949463,181.0
23128.460587446294,246.0
23128.460649943125,206.0
23128.460712439955,229.0
23128.460774936786,247.0
23128.46083743362,214.0
23128.46089993045,224.0
23128.46096242728,205.0
23128.461024924112,162.0
23128.461087420947,149.0
23128.461149917777,155.0
23128.461212414608,123.0
23128.46127491144,106.0
23128.46133740827,119.0
23128.461399905103,89.0
23128.461462401934,60.0
23128.461524898765,96.0
23128.461587395595,128.0
23128.461649892426,97.0
23128.46171238926,80.0
23128.46177488609,56.0
23128.46183738292,4.0
23128.461899879752,-46.0
23128.461962376583,-36.0
23128.462024873417,-19.0
23128.462087370248,3.0
23128.46214986708,78.0
23128.46221236391,139.0
23128.462274860743,160.0
23128.462337357574,129.0
23128.462399854405,125.0
23128.462462351235,92.0
23128.462524848066,83.0
23128.4625873449,132.0
23128.46264984173,108.0
23128.46271233856,116.0
23128.462774835392,126.0
23128.462837332223,104.0
23128.462899829057,103.0
23128.462962325888,81.0
23128.46302482272,64.0
23128.46308731955,46.0
23128.46314981638,37.0
23128.463212313214,54.0
23128.463274810045,19.0
23128.463337306875,-70.0
23128.463399803706,-114.0
23128.46346230054,-109.0
23128.46352479737,-44.0
23128.4635872942,-11.0
23128.463649791032,-46.0
23128.463712287863,-49.0
23128.463774784697,-92.0
23128.463837281528,-106.0
23128.46389977836,-87.0
23128.46396227519,-68.0
23128.46402477202,-48.0
23128.464087268854,-55.0
23128.464149765685,-63.0
23128.464212262516,-88.0
23128.464274759346,-63.0
23128.464337256177,-64.0
23128.46439975301,-67.0
23128.46446224984,-65.0
23128.464524746672,-111.0
23128.464587243503,-136.0
23128.464649740337,-113.0
23128.464712237168,-55.0
23128.464774734,-78.0
23128.46483723083,-123.0
23128.46489972766,-128.0
23128.464962224494,-77.0
23128.465024721325,-41.0
23128.465087218156,-68.0
23128.465149714986,-86.0
23128.465212211817,-113.0
23128.46527470865,-117.0
23128.46533720548,-57.0
23128.465399702312,-61.0
23128.465462199143,-116.0
23128.465524695974,-78.0
23128.465587192808,-21.0
23128.46564968964,-51.0
23128.46571218647,-64.0
23128.4657746833,-60.0
23128.465837180134,-86.0
23128.465899676965,-84.0
23128.465962173796,-41.0
23128.466024670626,-56.0
23128.466087167457,-66.0
23128.46614966429,-59.0
23128.46621216112,-89.0
23128.466274657952,-87.0
23128.466337154783,-77.0
23128.466399651614,-78.0
23128.466462148448,-78.0
23128.46652464528,-37.0
23128.46658714211,-26.0
23128.46664963894,-55.0
23128.46671213577,-47.0
23128.466774632605,-48.0
23128.466837129436,-38.0
23128.466899626266,-34.0
23128.466962123097,-33.0
23128.46702461993,-24.0
23128.467087116762,-18.0
23128.467149613592,-33.0
23128.467212110423,-42.0
23128.467274607254,-41.0
23128.467337104088,-31.0
23128.46739960092,-5.0
23128.46746209775,-37.0
23128.46752459458,-36.0
23128.46758709141,-6.0
23128.467649588245,-36.0
23128.467712085076,-30.0
23128.467774581906,-25.0
23128.467837078737,-40.0
23128.467899575568,-30.0
23128.467962072402,-38.0
23128.468024569233,-31.0
23128.468087066063,-2.0
23128.468149562894,-31.0
23128.468212059728,-21.0
23128.46827455656,-2.0
23128.46833705339,-24.0
23128.46839955022,-7.0
23128.46846204705,-23.0
23128.468524543885,-33.0
23128.468587040716,14.0
23128.468649537546,38.0
23128.468712034377,32.0
23128.468774531208,29.0
23128.468837028042,19.0
23128.468899524873,3.0
23128.468962021703,-24.0
23128.469024518534,-13.0
23128.469087015364,25.0
23128.4691495122,-15.0
23128.46921200903,-15.0
23128.46927450586,26.0
23128.46933700269,32.0
23128.469399499525,58.0
23128.469461996356,26.0
23128.469524493186,-6.0
23128.469586990017,37.0
23128.469649486848,21.0
23128.469711983682,-8.0
23128.469774480513,-20.0
23128.469836977343,28.0
23128.469899474174,-41.0
23128.469961971005,-281.0
23128.47002446784,-305.0
23128.47008696467,-266.0
23128.4701494615,-242.0
23128.47021195833,-191.0
23128.47027445516,-233.0
23128.470336951996,-214.0
23128.470399448826,-181.0
23128.470461945657,-249.0
23128.470524442488,-201.0
23128.470586939322,-153.0
23128.470649436153,-187.0
23128.470711932983,-186.0
23128.470774429814,-202.0
23128.470836926645,-182.0
23128.47089942348,-178.0
23128.47096192031,-186.0
23128.47102441714,-173.0
23128.47108691397,-166.0
23128.4711494108,-171.0
23128.471211907636,-150.0
23128.471274404466,-123.0
23128.471336901297,-135.0
23128.471399398128,-125.0
23128.47146189496,-147.0
23128.471524391793,-142.0
23128.471586888623,-106.0
23128.471649385454,-132.0
23128.471711882285,-90.0
23128.47177437912,-49.0
23128.47183687595,-38.0
23128.47189937278,13.0
23128.47196186961,22.0
23128.47202436644,8.0
23128.472086863276,-19.0
23128.472149360106,-79.0
23128.472211856937,-83.0
23128.472274353768,-82.0
23128.4723368506,-111.0
23128.472399347433,-108.0
23128.472461844263,-125.0
23128.472524341094,-91.0
23128.472586837925,-60.0
23128.472649334755,-99.0
23128.47271183159,-75.0
23128.47277432842,-75.0
23128.47283682525,-88.0
23128.47289932208,-78.0
23128.472961818916,-28.0
23128.473024315746,3.0
23128.473086812577,23.0
23128.473149309408,72.0
23128.47321180624,81.0
23128.473274303073,75.0
23128.473336799903,83.0
23128.473399296734,106.0
23128.473461793565,90.0
23128.473524290395,96.0
23128.47358678723,122.0
23128.47364928406,84.0
23128.47371178089,97.0
23128.47377427772,121.0
23128.473836774552,100.0
23128.473899271386,131.0
23128.473961768217,164.0
23128.474024265048,132.0
23128.47408676188,97.0
23128.474149258713,89.0
23128.474211755543,112.0
23128.474274252374,78.0
23128.474336749205,82.0
23128.474399246035,149.0
23128.47446174287,147.0
23128.4745242397,178.0
23128.47458673653,221.0
23128.47464923336,177.0
23128.474711730192,165.0
23128.474774227027,133.0
23128.474836723857,101.0
23128.474899220688,128.0
23128.47496171752,143.0
23128.47502421435,153.0
23128.475086711183,138.0
23128.475149208014,134.0
23128.475211704845,146.0
23128.475274201675,100.0
23128.47533669851,99.0
23128.47539919534,118.0
23128.47546169217,81.0
23128.475524189,114.0
23128.475586685832,134.0
23128.475649182667,83.0
23128.475711679497,76.0
23128.475774176328,83.0
23128.47583667316,100.0
23128.47589916999,120.0
23128.475961666823,128.0
23128.476024163654,76.0
23128.476086660485,66.0
23128.476149157315,85.0
23128.476211654146,90.0
23128.47627415098,82.0
23128.47633664781,56.0
23128.47639914464,53.0
23128.476461641472,34.0
23128.476524138307,40.0
23128.476586635137,95.0
23128.476649131968,93.0
23128.4767116288,80.0
23128.47677412563,69.0
23128.476836622463,71.0
23128.476899119294,69.0
23128.476961616125,60.0
23128.477024112955,84.0
23128.477086609786,75.0
23128.47714910662,54.0
23128.47721160345,63.0
23128.47727410028,46.0
23128.477336597112,47.0
23128.477399093943,73.0
23128.477461590777,30.0
23128.477524087608,54.0
23128.47758658444,113.0
23128.47764908127,64.0
23128.477711578103,60.0
23128.477774074934,51.0
23128.477836571765,24.0
23128.477899068595,56.0
23128.477961565426,66.0
23128.47802406226,52.0
23128.47808655909,67.0
23128.47814905592,59.0
23128.478211552752,49.0
23128.478274049583,51.0
23128.478336546417,38.0
23128.478399043248,66.0
23128.47846154008,41.0
23128.47852403691,41.0
23128.47858653374,82.0
23128.478649030574,48.0
23128.478711527405,32.0
23128.478774024235,44.0
23128.478836521066,43.0
23128.4788990179,37.0
23128.47896151473,57.0
23128.47902401156,55.0
23128.479086508392,53.0
23128.479149005223,58.0
23128.479211502057,34.0
23128.479273998888,37.0
23128.47933649572,44.0
23128.47939899255,62.0
23128.47946148938,29.0
23128.479523986214,18.0
23128.479586483045,72.0
23128.479648979875,20.0
23128.479711476706,5.0
23128.479773973537,43.0
23128.47983647037,1.0
23128.4798989672,126.0
23128.479961464032,369.0
23128.480023960863,348.0
23128.480086457697,293.0
23128.480148954528,288.0
23128.48021145136,248.0
23128.48027394819,248.0
23128.48033644502,246.0
23128.480398941854,233.0
23128.480461438685,197.0
23128.480523935516,212.0
23128.480586432346,261.0
23128.480648929177,192.0
23128.48071142601,184.0
23128.48077392284,216.0
23128.480836419672,210.0
23128.480898916503,191.0
23128.480961413334,192.0
23128.481023910168,190.0
23128.481086407,170.0
23128.48114890383,153.0
23128.48121140066,139.0
23128.481273897494,113.0
23128.481336394325,104.0
23128.481398891156,118.0
23128.481461387986,65.0
23128.481523884817,62.0
23128.48158638165,108.0
23128.48164887848,70.0
23128.481711375312,42.0
23128.481773872143,19.0
23128.481836368974,-9.0
23128.481898865808,-35.0
23128.48196136264,-50.0
23128.48202385947,-30.0
23128.4820863563,13.0
23128.48214885313,59.0
23128.482211349965,77.0
23128.482273846796,103.0
23128.482336343626,128.0
23128.482398840457,107.0
23128.48246133729,38.0
23128.482523834122,29.0
23128.482586330952,89.0
23128.482648827783,64.0
23128.482711324614,41.0
23128.482773821448,67.0
23128.48283631828,60.0
23128.48289881511,57.0
23128.48296131194,92.0
23128.48302380877,89.0
23128.483086305605,49.0
23128.483148802436,35.0
23128.483211299266,2.0
23128.483273796097,-36.0
23128.483336292928,-65.0
23128.483398789762,-85.0
23128.483461286593,-102.0
23128.483523783423,-78.0
23128.483586280254,-37.0
23128.483648777088,-77.0
23128.48371127392,-76.0
23128.48377377075,-109.0
23128.48383626758,-153.0
23128.48389876441,-148.0
23128.483961261245,-155.0
23128.484023758076,-134.0
23128.484086254906,-106.0
23128.484148751737,-66.0
23128.484211248568,-44.0
23128.484273745402,-95.0
23128.484336242233,-139.0
23128.484398739063,-160.0
23128.484461235894,-185.0
23128.484523732724,-163.0
23128.48458622956,-91.0
23128.48464872639,-118.0
23128.48471122322,-190.0
23128.48477372005,-213.0
23128.484836216885,-196.0
23128.484898713716,-193.0
23128.484961210546,-176.0
23128.485023707377,-190.0
23128.485086204208,-202.0
23128.485148701042,-174.0
23128.485211197873,-200.0
23128.485273694703,-185.0
23128.485336191534,-140.0
23128.485398688365,-110.0
23128.4854611852,-141.0
23128.48552368203,-144.0
23128.48558617886,-128.0
23128.48564867569,-184.0
23128.48571117252,-153.0
23128.485773669356,-114.0
23128.485836166186,-113.0
23128.485898663017,-145.0
23128.485961159848,-168.0
23128.486023656682,-142.0
23128.486086153513,-147.0
23128.486148650343,-127.0
23128.486211147174,-100.0
23128.486273644005,-119.0
23128.48633614084,-154.0
23128.48639863767,-130.0
23128.4864611345,-145.0
23128.48652363133,-130.0
23128.48658612816,-66.0
23128.486648624996,-107.0
23128.486711121826,-103.0
23128.486773618657,-78.0
23128.486836115488,-93.0
23128.48689861232,-109.0
23128.486961109153,-107.0
23128.487023605983,-102.0
23128.487086102814,-105.0
23128.487148599645,-107.0
23128.48721109648,-98.0
23128.48727359331,-95.0
23128.48733609014,-95.0
23128.48739858697,-84.0
23128.4874610838,-141.0
23128.487523580636,-130.0
23128.487586077466,-63.0
23128.487648574297,-90.0
23128.487711071128,-93.0
23128.48777356796,-103.0
23128.487836064793,-108.0
23128.487898561623,-105.0
23128.487961058454,-99.0
23128.488023555285,-89.0
23128.488086052115,-100.0
23128.48814854895,-97.0
23128.48821104578,-79.0
23128.48827354261,-73.0
23128.48833603944,-79.0
23128.488398536276,-59.0
23128.488461033106,-65.0
23128.488523529937,-65.0
23128.488586026768,-40.0
23128.4886485236,-65.0
23128.488711020433,-41.0
23128.488773517263,-51.0
23128.488836014094,-55.0
23128.488898510925,-41.0
23128.488961007755,-56.0
23128.48902350459,-27.0
23128.48908600142,-29.0
23128.48914849825,-37.0
23128.48921099508,-17.0
23128.489273491912,-25.0
23128.489335988746,-47.0
23128.489398485577,-34.0
23128.489460982408,-61.0
23128.48952347924,-68.0
23128.489585976073,-29.0
23128.489648472903,-45.0
23128.489710969734,-51.0
23128.489773466565,-66.0
23128.489835963395,-17.0
23128.48989846023,-106.0
23128.48996095706,-385.0
23128.49002345389,-389.0
23128.49008595072,-308.0
23128.490148447552,-294.0
23128.490210944386,-250.0
23128.490273441217,-237.0
23128.490335938048,-246.0
23128.49039843488,-234.0
23128.49046093171,-250.0
23128.490523428543,-255.0
23128.490585925374,-243.0
23128.490648422205,-234.0
23128.490710919035,-247.0
23128.49077341587,-272.0
23128.4908359127,-263.0
23128.49089840953,-238.0
23128.49096090636,-195.0
23128.491023403192,-199.0
23128.491085900027,-186.0
23128.491148396857,-190.0
23128.491210893688,-212.0
23128.49127339052,-200.0
23128.49133588735,-212.0
23128.491398384183,-210.0
23128.491460881014,-216.0
23128.491523377845,-193.0
23128.491585874675,-148.0
23128.491648371506,-202.0
23128.49171086834,-188.0
23128.49177336517,-132.0
23128.491835862,-120.0
23128.491898358832,-74.0
23128.491960855667,-63.0
23128.492023352497,-74.0
23128.492085849328,-89.0
23128.49214834616,-124.0
23128.49221084299,-140.0
23128.492273339823,-181.0
23128.492335836654,-199.0
23128.492398333485,-183.0
23128.492460830315,-191.0
23128.492523327146,-185.0
23128.49258582398,-125.0
23128.49264832081,-149.0
23128.49271081764,-152.0
23128.492773314472,-126.0
23128.492835811303,-154.0
23128.492898308137,-141.0
23128.492960804968,-96.0
23128.4930233018,-76.0
23128.49308579863,-92.0
23128.493148295463,-78.0
23128.493210792294,-54.0
23128.493273289125,-43.0
23128.493335785955,-12.0
23128.493398282786,11.0
23128.49346077962,-22.0
23128.49352327645,7.0
23128.49358577328,88.0
23128.493648270112,76.0
23128.493710766943,74.0
23128.493773263777,65.0
23128.493835760608,65.0
23128.49389825744,80.0
23128.49396075427,91.0
23128.4940232511,61.0
23128.494085747934,32.0
23128.494148244765,46.0
23128.494210741595,63.0
23128.494273238426,56.0
23128.49433573526,38.0
23128.49439823209,58.0
23128.49446072892,43.0
23128.494523225752,57.0
23128.494585722583,117.0
23128.494648219417,107.0
23128.494710716248,111.0
23128.49477321308,130.0
23128.49483570991,115.0
23128.49489820674,104.0
23128.494960703574,100.0
23128.495023200405,99.0
23128.495085697235,101.0
23128.495148194066,115.0
23128.495210690897,115.0
23128.49527318773,83.0
23128.49533568456,72.0
23128.495398181392,64.0
23128.495460678223,52.0
23128.495523175057,71.0
23128.495585671888,96.0
23128.49564816872,102.0
23128.49571066555,120.0
23128.49577316238,114.0
23128.495835659214,98.0
23128.495898156045,82.0
23128.495960652876,69.0
23128.496023149706,87.0
23128.496085646537,107.0
23128.49614814337,115.0
23128.4962106402,99.0
23128.496273137032,80.0
23128.496335633863,86.0
23128.496398130694,63.0
23128.496460627528,8.0
23128.49652312436,52.0
23128.49658562119,133.0
23128.49664811802,101.0
23128.496710614854,92.0
23128.496773111685,92.0
23128.496835608516,80.0
23128.496898105346,85.0
23128.496960602177,76.0
23128.49702309901,68.0
23128.49708559584,86.0
23128.497148092672,87.0
23128.497210589503,57.0
23128.497273086334,62.0
23128.497335583168,82.0
23128.49739808,80.0
23128.49746057683,38.0
23128.49752307366,53.0
23128.49758557049,98.0
23128.497648067325,50.0
23128.497710564156,69.0
23128.497773060986,81.0
23128.497835557817,46.0
23128.49789805465,58.0
23128.49796055148,55.0
23128.498023048312,33.0
23128.498085545143,40.0
23128.498148041974,33.0
23128.498210538808,41.0
23128.49827303564,58.0
23128.49833553247,49.0
23128.4983980293,66.0
23128.49846052613,55.0
23128.498523022965,32.0
23128.498585519796,68.0
23128.498648016626,63.0
23128.498710513457,59.0
23128.498773010288,53.0
23128.498835507122,40.0
23128.498898003952,29.0
23128.498960500783,4.0
23128.499022997614,11.0
23128.499085494448,32.0
23128.49914799128,36.0
23128.49921048811,46.0
23128.49927298494,49.0
23128.49933548177,51.0
23128.499397978605,60.0
23128.499460475436,36.0
23128.499522972266,36.0
23128.499585469097,88.0
23128.499647965928,78.0
23128.499710462762,48.0
23128.499772959593,66.0
23128.499835456423,46.0
23128.499897953254,157.0
23128.499960450084,359.0
23128.50002294692,334.0
23128.50008544375,320.0
23128.50014794058,316.0
23128.50021043741,271.0
23128.500272934245,275.0
23128.500335431076,266.0
23128.500397927906,260.0
23128.500460424737,235.0
23128.500522921568,219.0
23128.500585418402,288.0
23128.500647915233,252.0
23128.500710412063,208.0
23128.500772908894,237.0
23128.500835405725,237.0
23128.50089790256,225.0
23128.50096039939,205.0
23128.50102289622,190.0
23128.50108539305,186.0
23128.50114788988,175.0
23128.501210386716,204.0
23128.501272883546,182.0
23128.501335380377,145.0
23128.501397877208,158.0
23128.501460374042,97.0
23128.501522870873,110.0
23128.501585367703,183.0
23128.501647864534,123.0
23128.501710361365,107.0
23128.5017728582,88.0
23128.50183535503,38.0
23128.50189785186,36.0
23128.50196034869,46.0
23128.50202284552,45.0
23128.502085342356,72.0
23128.502147839186,114.0
23128.502210336017,137.0
23128.502272832848,165.0
23128.50233532968,155.0
23128.502397826513,182.0
23128.502460323343,159.0
23128.502522820174,124.0
23128.502585317005,166.0
23128.50264781384,143.0
23128.50271031067,166.0
23128.5027728075,179.0
23128.50283530433,141.0
23128.50289780116,135.0
23128.502960297996,118.0
23128.503022794826,108.0
23128.503085291657,88.0
23128.503147788488,75.0
23128.50321028532,72.0
23128.503272782153,33.0
23128.503335278983,12.0
23128.503397775814,4.0
23128.503460272645,-18.0
23128.503522769475,-24.0
23128.50358526631,-17.0
23128.50364776314,-14.0
23128.50371025997,-28.0
23128.5037727568,-64.0
23128.503835253636,-92.0
23128.503897750466,-81.0
23128.503960247297,-72.0
23128.504022744128,-78.0
23128.50408524096,-71.0
23128.504147737793,-66.0
23128.504210234623,-27.0
23128.504272731454,-16.0
23128.504335228285,-28.0
23128.504397725115,-14.0
23128.50446022195,-45.0
23128.50452271878,-59.0
23128.50458521561,-82.0
23128.50464771244,-137.0
23128.504710209272,-134.0
23128.504772706106,-120.0
23128.504835202937,-116.0
23128.504897699768,-98.0
23128.5049601966,-68.0
23128.505022693433,-56.0
23128.505085190263,-87.0
23128.505147687094,-110.0
23128.505210183925,-112.0
23128.505272680755,-131.0
23128.50533517759,-141.0
23128.50539767442,-112.0
23128.50546017125,-106.0
23128.50552266808,-96.0
23128.505585164912,-76.0
23128.505647661746,-77.0
23128.505710158577,-77.0
23128.505772655408,-105.0
23128.50583515224,-102.0
23128.50589764907,-68.0
23128.505960145903,-69.0
23128.506022642734,-66.0
23128.506085139565,-49.0
23128.506147636395,-55.0
23128.50621013323,-58.0
23128.50627263006,-52.0
23128.50633512689,-70.0
23128.50639762372,-51.0
23128.506460120552,-53.0
23128.506522617387,-25.0
23128.506585114217,15.0
23128.506647611048,-2.0
23128.50671010788,-9.0
23128.50677260471,-20.0
23128.506835101543,-10.0
23128.506897598374,-32.0
23128.506960095205,-34.0
23128.507022592035,-18.0
23128.507085088866,-16.0
23128.5071475857,-3.0
23128.50721008253,5.0
23128.50727257936,-14.0
23128.507335076192,-10.0
23128.507397573027,4.0
23128.507460069857,-29.0
23128.507522566688,-15.0
23128.50758506352,30.0
23128.50764756035,-7.0
23128.507710057183,-8.0
23128.507772554014,22.0
23128.507835050845,15.0
23128.507897547675,2.0
23128.507960044506,-8.0
23128.50802254134,7.0
23128.50808503817,17.0
23128.508147535,23.0
23128.508210031832,40.0
23128.508272528663,27.0
23128.508335025497,17.0
23128.508397522328,32.0
23128.50846001916,3.0
23128.50852251599,16.0
23128.508585012823,85.0
23128.508647509654,46.0
23128.508710006485,21.0
23128.508772503315,52.0
23128.508835000146,42.0
23128.50889749698,22.0
23128.50895999381,22.0
23128.50902249064,42.0
23128.509084987472,46.0
23128.509147484303,23.0
23128.509209981137,14.0
23128.509272477968,40.0
23128.5093349748,44.0
23128.50939747163,12.0
23128.50945996846,-37.0
23128.509522465294,-25.0
23128.509584962125,26.0
23128.509647458955,-4.0
23128.509709955786,-2.0
23128.50977245262,-4.0
23128.50983494945,27.0
23128.50989744628,-66.0
23128.509959943112,-311.0
23128.510022439943,-299.0
23128.510084936777,-227.0
23128.510147433608,-233.0
23128.51020993044,-248.0
23128.51027242727,-235.0
23128.5103349241,-202.0
23128.510397420934,-201.0
23128.510459917765,-195.0
23128.510522414595,-195.0
23128.510584911426,-160.0
23128.510647408257,-134.0
23128.51070990509,-199.0
23128.51077240192,-232.0
23128.510834898752,-227.0
23128.510897395583,-206.0
23128.510959892417,-162.0
23128.511022389248,-142.0
23128.51108488608,-131.0
23128.51114738291,-119.0
23128.51120987974,-124.0
23128.511272376574,-146.0
23128.511334873405,-169.0
23128.511397370235,-137.0
23128.511459867066,-113.0
23128.511522363897,-104.0
23128.51158486073,-51.0
23128.51164735756,-51.0
23128.511709854392,-47.0
23128.511772351223,-35.0
23128.511834848054,-3.0
23128.511897344888,-15.0
23128.51195984172,-28.0
23128.51202233855,5.0
23128.51208483538,-17.0
23128.512147332214,-44.0
23128.512209829045,-69.0
23128.512272325876,-95.0
23128.512334822706,-86.0
23128.512397319537,-74.0
23128.51245981637,-101.0
23128.5125223132,-85.0
23128.512584810032,-38.0
23128.512647306863,-59.0
23128.512709803694,-84.0
23128.512772300528,-91.0
23128.51283479736,-108.0
23128.51289729419,-113.0
23128.51295979102,-73.0
23128.51302228785,-25.0
23128.513084784685,-18.0
23128.513147281516,-4.0
23128.513209778346,31.0
23128.513272275177,51.0
23128.51333477201,50.0
23128.51339726884,92.0
23128.513459765672,103.0
23128.513522262503,93.0
23128.513584759334,153.0
23128.513647256168,158.0
23128.513709753,161.0
23128.51377224983,134.0
23128.51383474666,120.0
23128.51389724349,128.0
23128.513959740325,111.0
23128.514022237156,117.0
23128.514084733986,129.0
23128.514147230817,113.0
23128.514209727648,108.0
23128.514272224482,115.0
23128.514334721312,110.0
23128.514397218143,129.0
23128.514459714974,121.0
23128.514522211808,116.0
23128.51458470864,154.0
23128.51464720547,125.0
23128.5147097023,126.0
23128.51477219913,133.0
23128.514834695965,120.0
23128.514897192796,142.0
23128.514959689626,135.0
23128.515022186457,137.0
23128.515084683288,146.0
23128.515147180122,146.0
23128.515209676953,155.0
23128.515272173783,152.0
23128.515334670614,145.0
23128.515397167444,141.0
23128.51545966428,111.0
23128.51552216111,110.0
23128.51558465794,136.0
23128.51564715477,96.0
23128.515709651605,104.0
23128.515772148436,100.0
23128.515834645266,89.0
23128.515897142097,108.0
23128.515959638928,89.0
23128.516022135762,94.0
23128.516084632593,84.0
23128.516147129423,73.0
23128.516209626254,96.0
23128.516272123084,107.0
23128.51633461992,103.0
23128.51639711675,132.0
23128.51645961358,110.0
23128.51652211041,93.0
23128.51658460724,121.0
23128.516647104076,75.0
23128.516709600906,54.0
23128.516772097737,52.0
23128.516834594568,59.0
23128.516897091402,73.0
23128.516959588233,65.0
23128.517022085063,57.0
23128.517084581894,53.0
23128.517147078725,69.0
23128.51720957556,78.0
23128.51727207239,70.0
23128.51733456922,62.0
23128.51739706605,79.0
23128.51745956288,81.0
23128.517522059716,70.0
23128.517584556546,103.0
23128.517647053377,88.0
23128.517709550208,73.0
23128.51777204704,80.0
23128.517834543873,58.0
23128.517897040703,47.0
23128.517959537534,74.0
23128.518022034365,84.0
23128.5180845312,80.0
23128.51814702803,77.0
23128.51820952486,80.0
23128.51827202169,75.0
23128.51833451852,61.0
23128.518397015356,87.0
23128.518459512186,60.0
23128.518522009017,52.0
23128.518584505848,107.0
23128.51864700268,69.0
23128.518709499513,52.0
23128.518771996343,35.0
23128.518834493174,36.0
23128.518896990005,59.0
23128.518959486835,49.0
23128.51902198367,37.0
23128.5190844805,31.0
23128.51914697733,47.0
23128.51920947416,55.0
23128.519271970996,45.0
23128.519334467826,44.0
23128.519396964657,56.0
23128.519459461488,35.0
23128.51952195832,46.0
23128.519584455153,108.0
23128.519646951983,84.0
23128.519709448814,55.0
23128.519771945645,73.0
23128.519834442475,31.0
23128.51989693931,156.0
23128.51995943614,392.0
23128.52002193297,364.0
23128.5200844298,309.0
23128.520146926632,296.0
23128.520209423466,286.0
23128.520271920297,284.0
23128.520334417128,278.0
23128.52039691396,300.0
23128.520459410793,270.0
23128.520521907623,257.0
23128.520584404454,270.0
23128.520646901285,207.0
23128.520709398115,225.0
23128.52077189495,256.0
23128.52083439178,236.0
23128.52089688861,223.0
23128.52095938544,271.0
23128.521021882272,244.0
23128.521084379106,204.0
23128.521146875937,201.0
23128.521209372768,161.0
23128.5212718696,152.0
23128.52133436643,128.0
23128.521396863263,132.0
23128.521459360094,104.0
23128.521521856925,79.0
23128.521584353755,157.0
23128.52164685059,145.0
23128.52170934742,102.0
23128.52177184425,77.0
23128.52183434108,64.0
23128.521896837912,46.0
23128.521959334746,36.0
23128.522021831577,74.0
23128.522084328408,83.0
23128.52214682524,120.0
23128.52220932207,159.0
23128.522271818903,161.0
23128.522334315734,157.0
23128.522396812565,158.0
23128.522459309395,102.0
23128.522521806226,81.0
23128.52258430306,107.0
23128.52264679989,80.0
23128.52270929672,83.0
23128.522771793552,69.0
23128.522834290387,42.0
23128.522896787217,43.0
23128.522959284048,36.0
23128.52302178088,14.0
23128.52308427771,-7.0
23128.523146774543,-22.0
23128.523209271374,-37.0
23128.523271768205,-51.0
23128.523334265035,-62.0
23128.523396761866,-75.0
23128.5234592587,-141.0
23128.52352175553,-130.0
23128.52358425236,-86.0
23128.523646749192,-144.0
23128.523709246023,-159.0
23128.523771742857,-151.0
23128.523834239688,-180.0
23128.52389673652,-174.0
23128.52395923335,-130.0
23128.524021730183,-138.0
23128.524084227014,-144.0
23128.524146723845,-116.0
23128.524209220675,-120.0
23128.524271717506,-111.0
23128.52433421434,-130.0
23128.52439671117,-136.0
23128.524459208,-175.0
23128.524521704832,-171.0
23128.524584201663,-131.0
23128.524646698497,-152.0
23128.524709195328,-133.0
23128.52477169216,-152.0
23128.52483418899,-169.0
23128.52489668582,-161.0
23128.524959182654,-158.0
23128.525021679485,-152.0
23128.525084176315,-160.0
23128.525146673146,-178.0
23128.52520916998,-191.0
23128.52527166681,-198.0
23128.52533416364,-201.0
23128.525396660472,-187.0
23128.525459157303,-189.0
23128.525521654137,-180.0
23128.525584150968,-153.0
23128.5256466478,-174.0
23128.52570914463,-173.0
23128.52577164146,-151.0
23128.525834138294,-146.0
23128.525896635125,-135.0
23128.525959131955,-139.0
23128.526021628786,-172.0
23128.526084125617,-202.0
23128.52614662245,-172.0
23128.52620911928,-150.0
23128.526271616112,-175.0
23128.526334112943,-178.0
23128.526396609777,-141.0
23128.526459106608,-148.0
23128.52652160344,-154.0
23128.52658410027,-107.0
23128.5266465971,-121.0
23128.526709093934,-138.0
23128.526771590765,-136.0
23128.526834087595,-136.0
23128.526896584426,-125.0
23128.526959081257,-104.0
23128.52702157809,-111.0
23128.52708407492,-121.0
23128.527146571752,-117.0
23128.527209068583,-102.0
23128.527271565414,-109.0
23128.527334062248,-140.0
23128.52739655908,-118.0
23128.52745905591,-97.0
23128.52752155274,-106.0
23128.527584049574,-137.0
23128.527646546405,-133.0
23128.527709043236,-109.0
23128.527771540066,-119.0
23128.527834036897,-87.0
23128.52789653373,-65.0
23128.52795903056,-95.0
23128.528021527392,-105.0
23128.528084024223,-76.0
23128.528146521054,-59.0
23128.528209017888,-81.0
23128.52827151472,-79.0
23128.52833401155,-70.0
23128.52839650838,-63.0
23128.52845900521,-84.0
23128.528521502045,-89.0
23128.528583998876,-42.0
23128.528646495706,-48.0
23128.528708992537,-67.0
23128.52877148937,-45.0
23128.5288339862,-41.0
23128.528896483032,-60.0
23128.528958979863,-42.0
23128.529021476694,-52.0
23128.529083973528,-52.0
23128.52914647036,-36.0
23128.52920896719,-47.0
23128.52927146402,-14.0
23128.52933396085,-24.0
23128.529396457685,-36.0
23128.529458954516,-39.0
23128.529521451346,-49.0
23128.529583948177,-7.0
23128.529646445008,-33.0
23128.52970894184,-47.0
23128.529771438672,-45.0
23128.529833935503,9.0
23128.529896432334,-137.0
23128.529958929168,-387.0
23128.530021426,-315.0
23128.53008392283,-279.0
23128.53014641966,-293.0
23128.53020891649,-264.0
23128.530271413325,-254.0
23128.530333910156,-212.0
23128.530396406986,-172.0
23128.530458903817,-193.0
23128.530521400648,-247.0
23128.530583897482,-210.0
23128.530646394312,-187.0
23128.530708891143,-200.0
23128.530771387974,-194.0
23128.530833884804,-216.0
23128.53089638164,-238.0
23128.53095887847,-237.0
23128.5310213753,-208.0
23128.53108387213,-186.0
23128.531146368965,-173.0
23128.531208865796,-171.0
23128.531271362626,-197.0
23128.531333859457,-199.0
23128.531396356288,-148.0
23128.531458853122,-136.0
23128.531521349953,-134.0
23128.531583846783,-77.0
23128.531646343614,-120.0
23128.531708840444,-142.0
23128.53177133728,-90.0
23128.53183383411,-62.0
23128.53189633094,-27.0
23128.53195882777,-1.0
23128.5320213246,-21.0
23128.532083821436,-53.0
23128.532146318266,-127.0
23128.532208815097,-165.0
23128.532271311928,-160.0
23128.532333808762,-189.0
23128.532396305593,-145.0
23128.532458802423,-136.0
23128.532521299254,-134.0
23128.532583796085,-95.0
23128.53264629292,-144.0
23128.53270878975,-174.0
23128.53277128658,-166.0
23128.53283378341,-167.0
23128.53289628024,-116.0
23128.532958777076,-60.0
23128.533021273906,-57.0
23128.533083770737,-52.0
23128.533146267568,-25.0
23128.5332087644,-33.0
23128.533271261233,-30.0
23128.533333758063,-11.0
23128.533396254894,-34.0
23128.533458751725,-23.0
23128.53352124856,50.0
23128.53358374539,90.0
23128.53364624222,51.0
23128.53370873905,67.0
23128.53377123588,98.0
23128.533833732716,58.0
23128.533896229546,41.0
23128.533958726377,47.0
23128.534021223208,10.0
23128.53408372004,-19.0
23128.534146216873,-26.0
23128.534208713703,-46.0
23128.534271210534,-57.0
23128.534333707365,-25.0
23128.534396204195,12.0
23128.53445870103,-5.0
23128.53452119786,34.0
23128.53458369469,103.0
23128.53464619152,60.0
23128.534708688356,66.0
23128.534771185186,64.0
23128.534833682017,50.0
23128.534896178848,71.0
23128.53495867568,80.0
23128.535021172513,81.0
23128.535083669343,68.0
23128.535146166174,93.0
23128.535208663005,88.0
23128.535271159835,32.0
23128.53533365667,33.0
23128.5353961535,47.0
23128.53545865033,14.0
23128.53552114716,-1.0
23128.535583643992,16.0
23128.535646140826,24.0
23128.535708637657,31.0
23128.535771134488,18.0
23128.53583363132,-8.0
23128.535896128153,-11.0
23128.535958624983,8.0
23128.536021121814,-4.0
23128.536083618645,6.0
23128.536146115475,17.0
23128.53620861231,-1.0
23128.53627110914,4.0
23128.53633360597,11.0
23128.5363961028,43.0
23128.536458599632,44.0
23128.536521096466,5.0
23128.536583593297,50.0
23128.536646090128,32.0
23128.53670858696,-4.0
23128.53677108379,22.0
23128.536833580623,4.0
23128.536896077454,-9.0
23128.536958574285,29.0
23128.537021071115,21.0
23128.53708356795,7.0
23128.53714606478,11.0
23128.53720856161,1.0
23128.53727105844,26.0
23128.537333555272,29.0
23128.537396052106,39.0
23128.537458548937,1.0
23128.537521045768,-14.0
23128.5375835426,49.0
23128.53764603943,27.0
23128.537708536263,11.0
23128.537771033094,29.0
23128.537833529925,42.0
23128.537896026755,37.0
23128.537958523586,39.0
23128.53802102042,30.0
23128.53808351725,33.0
23128.53814601408,72.0
23128.538208510912,55.0
23128.538271007747,40.0
23128.538333504577,74.0
23128.538396001408,63.0
23128.53845849824,24.0
23128.53852099507,26.0
23128.538583491903,84.0
23128.538645988734,62.0
23128.538708485565,30.0
23128.538770982395,36.0
23128.538833479226,45.0
23128.53889597606,45.0
23128.53895847289,28.0
23128.53902096972,42.0
23128.539083466552,33.0
23128.539145963383,23.0
23128.539208460217,37.0
23128.539270957048,43.0
23128.53933345388,40.0
23128.53939595071,64.0
23128.539458447543,17.0
23128.539520944374,-3.0
23128.539583441205,84.0
23128.539645938035,40.0
23128.539708434866,4.0
23128.539770931697,29.0
23128.53983342853,-10.0
23128.53989592536,152.0
23128.539958422192,358.0
23128.540020919023,294.0
23128.540083415857,232.0
23128.540145912688,223.0
23128.54020840952,201.0
23128.54027090635,206.0
23128.54033340318,198.0
23128.540395900014,218.0
23128.540458396845,173.0
23128.540520893675,158.0
23128.540583390506,240.0
23128.54064588734,189.0
23128.54070838417,176.0
23128.540770881,207.0
23128.540833377832,179.0
23128.540895874663,149.0
23128.540958371494,168.0
23128.541020868328,175.0
23128.54108336516,171.0
23128.54114586199,159.0
23128.54120835882,141.0
23128.541270855654,118.0
23128.541333352485,82.0
23128.541395849315,71.0
23128.541458346146,65.0
23128.541520842977,78.0
23128.54158333981,116.0
23128.54164583664,96.0
23128.541708333472,56.0
23128.541770830303,22.0
23128.541833327137,-9.0
23128.541895823968,-36.0
23128.5419583208,-27.0
23128.54202081763,27.0
23128.54208331446,50.0
23128.54214581129,91.0
23128.542208308125,123.0
23128.542270804955,114.0
23128.542333301786,116.0
23128.542395798617,109.0
23128.54245829545,68.0
23128.54252079228,73.0
23128.542583289112,100.0
23128.542645785943,89.0
23128.542708282774,95.0
23128.542770779608,106.0
23128.54283327644,120.0
23128.54289577327,87.0
23128.5429582701,74.0
23128.543020766934,62.0
23128.543083263765,9.0
23128.543145760596,-23.0
23128.543208257426,-37.0
23128.543270754257,-57.0
23128.543333251087,-72.0
23128.54339574792,-47.0
23128.543458244752,-82.0
23128.543520741583,-90.0
23128.543583238414,-41.0
23128.543645735248,-68.0
23128.54370823208,-84.0
23128.54377072891,-61.0
23128.54383322574,-58.0
23128.54389572257,-70.0
23128.543958219405,-71.0
23128.544020716236,-54.0
23128.544083213066,-56.0
23128.544145709897,-77.0
23128.54420820673,-61.0
23128.54427070356,-86.0
23128.544333200392,-118.0
23128.544395697223,-106.0
23128.544458194054,-131.0
23128.544520690884,-128.0
23128.54458318772,-104.0
23128.54464568455,-129.0
23128.54470818138,-158.0
23128.54477067821,-169.0
23128.544833175045,-152.0
23128.544895671876,-154.0
23128.544958168706,-161.0
23128.545020665537,-136.0
23128.545083162368,-134.0
23128.5451456592,-159.0
23128.545208156032,-146.0
23128.545270652863,-124.0
23128.545333149694,-139.0
23128.545395646528,-129.0
23128.54545814336,-131.0
23128.54552064019,-121.0
23128.54558313702,-83.0
23128.54564563385,-86.0
23128.54570813068,-90.0
23128.545770627516,-80.0
23128.545833124346,-77.0
23128.545895621177,-92.0
23128.545958118008,-105.0
23128.546020614842,-87.0
23128.546083111672,-98.0
23128.546145608503,-72.0
23128.546208105334,-28.0
23128.546270602164,-28.0
23128.546333099,-31.0
23128.54639559583,-23.0
23128.54645809266,-31.0
23128.54652058949,-47.0
23128.546583086325,-27.0
23128.546645583156,-28.0
23128.546708079986,-39.0
23128.546770576817,-32.0
23128.546833073648,-46.0
23128.54689557048,-36.0
23128.546958067313,-19.0
23128.547020564143,-10.0
23128.547083060974,1.0
23128.547145557804,-14.0
23128.54720805464,8.0
23128.54727055147,12.0
23128.5473330483,-25.0
23128.54739554513,16.0
23128.54745804196,-4.0
23128.547520538796,-16.0
23128.547583035626,45.0
23128.547645532457,12.0
23128.547708029288,6.0
23128.547770526122,21.0
23128.547833022953,19.0
23128.547895519783,5.0
23128.547958016614,-28.0
23128.548020513444,-7.0
23128.548083010275,-2.0
23128.54814550711,-3.0
23128.54820800394,-6.0
23128.54827050077,-1.0
23128.5483329976,10.0
23128.548395494436,-10.0
23128.548457991266,-36.0
23128.548520488097,-23.0
23128.548582984928,26.0
23128.54864548176,-32.0
23128.548707978593,-44.0
23128.548770475423,-5.0
23128.548832972254,-4.0
23128.548895469085,10.0
23128.54895796592,-7.0
23128.54902046275,-3.0
23128.54908295958,25.0
23128.54914545641,20.0
23128.54920795324,20.0
23128.549270450072,28.0
23128.549332946906,35.0
23128.549395443737,39.0
23128.549457940568,15.0
23128.5495204374,-11.0
23128.549582934233,40.0
23128.549645431063,43.0
23128.549707927894,39.0
23128.549770424725,45.0
23128.549832921555,79.0
23128.54989541839,-49.0
23128.54995791522,-329.0
23128.55002041205,-315.0
23128.55008290888,-239.0
23128.550145405716,-210.0
23128.550207902546,-166.0
23128.550270399377,-196.0
23128.550332896208,-221.0
23128.55039539304,-168.0
23128.55045788987,-187.0
23128.550520386703,-177.0
23128.550582883534,-117.0
23128.550645380365,-164.0
23128.550707877195,-192.0
23128.55077037403,-174.0
23128.55083287086,-152.0
23128.55089536769,-128.0
23128.55095786452,-150.0
23128.551020361352,-186.0
23128.551082858186,-162.0
23128.551145355017,-102.0
23128.551207851848,-67.0
23128.55127034868,-120.0
23128.551332845513,-148.0
23128.551395342343,-116.0
23128.551457839174,-96.0
23128.551520336005,-66.0
23128.551582832835,-63.0
23128.551645329666,-112.0
23128.5517078265,-96.0
23128.55177032333,-7.0
23128.55183282016,36.0
23128.551895316992,28.0
23128.551957813826,28.0
23128.552020310657,-11.0
23128.552082807488,-44.0
23128.55214530432,-33.0
23128.55220780115,-83.0
23128.552270297983,-129.0
23128.552332794814,-126.0
23128.552395291645,-122.0
23128.552457788475,-121.0
23128.55252028531,-61.0
23128.55258278214,13.0
23128.55264527897,-67.0
23128.5527077758,-86.0
23128.552770272632,-57.0
23128.552832769463,-90.0
23128.552895266297,-64.0
23128.552957763128,13.0
23128.55302025996,15.0
23128.55308275679,-10.0
23128.553145253623,5.0
23128.553207750454,-1.0
23128.553270247285,10.0
23128.553332744115,61.0
23128.553395240946,116.0
23128.55345773778,92.0
23128.55352023461,63.0
23128.55358273144,91.0
23128.553645228272,71.0
23128.553707725107,53.0
23128.553770221937,66.0
23128.553832718768,111.0
23128.5538952156,133.0
23128.55395771243,140.0
23128.55402020926,139.0
23128.554082706094,91.0
23128.554145202925,71.0
23128.554207699755,85.0
23128.554270196586,78.0
23128.55433269342,100.0
23128.55439519025,152.0
23128.55445768708,131.0
23128.554520183912,133.0
23128.554582680743,166.0
23128.554645177577,131.0
23128.554707674408,131.0
23128.55477017124,120.0
23128.55483266807,125.0
23128.554895164903,139.0
23128.554957661734,127.0
23128.555020158565,131.0
23128.555082655395,129.0
23128.555145152226,131.0
23128.555207649057,124.0
23128.55527014589,101.0
23128.55533264272,82.0
23128.555395139552,97.0
23128.555457636383,75.0
23128.555520133217,51.0
23128.555582630048,115.0
23128.55564512688,81.0
23128.55570762371,61.0
23128.55577012054,108.0
23128.555832617374,87.0
23128.555895114205,89.0
23128.555957611035,139.0
23128.556020107866,133.0
23128.5560826047,108.0
23128.55614510153,104.0
23128.55620759836,107.0
23128.556270095192,103.0
23128.556332592023,79.0
23128.556395088854,61.0
23128.556457585688,41.0
23128.55652008252,39.0
23128.55658257935,88.0
23128.55664507618,59.0
23128.556707573014,50.0
23128.556770069845,66.0
23128.556832566675,39.0
23128.556895063506,31.0
23128.556957560337,47.0
23128.55702005717,54.0
23128.557082554,39.0
23128.557145050832,30.0
23128.557207547663,45.0
23128.557270044497,49.0
23128.557332541328,40.0
23128.55739503816,67.0
23128.55745753499,40.0
23128.55752003182,46.0
23128.55758252865,99.0
23128.557645025485,40.0
23128.557707522315,4.0
23128.557770019146,36.0
23128.557832515977,63.0
23128.55789501281,67.0
23128.55795750964,57.0
23128.558020006472,36.0
23128.558082503303,43.0
23128.558145000134,46.0
23128.558207496968,23.0
23128.5582699938,38.0
23128.55833249063,40.0
23128.55839498746,34.0
23128.558457484294,19.0
23128.558519981125,10.0
23128.558582477955,51.0
23128.558644974786,43.0
23128.558707471617,36.0
23128.558769968447,44.0
23128.55883246528,55.0
23128.558894962112,55.0
23128.558957458943,55.0
23128.559019955774,47.0
23128.559082452608,36.0
23128.55914494944,45.0
23128.55920744627,39.0
23128.5592699431,39.0
23128.55933243993,34.0
23128.559394936765,45.0
23128.559457433596,34.0
23128.559519930426,43.0
23128.559582427257,104.0
23128.55964492409,74.0
23128.55970742092,52.0
23128.559769917752,55.0
23128.559832414583,40.0
23128.559894911414,236.0
23128.559957408244,436.0
23128.56001990508,381.0
23128.56008240191,326.0
23128.56014489874,296.0
23128.56020739557,275.0
23128.560269892405,280.0
23128.560332389236,251.0
23128.560394886066,222.0
23128.560457382897,204.0
23128.560519879728,241.0
23128.56058237656,273.0
23128.560644873392,222.0
23128.560707370223,231.0
23128.560769867054,224.0
23128.560832363888,243.0
23128.56089486072,225.0
23128.56095735755,180.0
23128.56101985438,206.0
23128.56108235121,237.0
23128.56114484804,198.0
23128.561207344876,145.0
23128.561269841706,141.0
23128.561332338537,151.0
23128.561394835368,161.0
23128.561457332202,136.0
23128.561519829032,131.0
23128.561582325863,169.0
23128.561644822694,127.0
23128.561707319524,86.0
23128.56176981636,68.0
23128.56183231319,40.0
23128.56189481002,19.0
23128.56195730685,13.0
23128.562019803685,22.0
23128.562082300516,49.0
23128.562144797346,97.0
23128.562207294177,137.0
23128.562269791008,182.0
23128.56233228784,145.0
23128.562394784673,118.0
23128.562457281503,100.0
23128.562519778334,98.0
23128.562582275164,145.0
23128.562644772,115.0
23128.56270726883,118.0
23128.56276976566,118.0
23128.56283226249,102.0
23128.56289475932,95.0
23128.562957256156,83.0
23128.563019752986,65.0
23128.563082249817,45.0
23128.563144746648,19.0
23128.563207243482,9.0
23128.563269740313,0.0
23128.563332237143,-49.0
23128.563394733974,-40.0
23128.563457230804,-80.0
23128.563519727635,-120.0
23128.56358222447,-49.0
23128.5636447213,-50.0
23128.56370721813,-46.0
23128.56376971496,-32.0
23128.563832211796,-42.0
23128.563894708626,-57.0
23128.563957205457,-80.0
23128.564019702288,-59.0
23128.56408219912,-36.0
23128.564144695953,-69.0
23128.564207192783,-63.0
23128.564269689614,-19.0
23128.564332186445,-35.0
23128.56439468328,-10.0
23128.56445718011,-10.0
23128.56451967694,-67.0
23128.56458217377,-56.0
23128.5646446706,-70.0
23128.564707167432,-84.0
23128.564769664266,-81.0
23128.564832161097,-98.0
23128.564894657928,-114.0
23128.56495715476,-114.0
23128.565019651593,-112.0
23128.565082148423,-96.0
23128.565144645254,-102.0
23128.565207142085,-110.0
23128.565269638915,-88.0
23128.56533213575,-78.0
23128.56539463258,-53.0
23128.56545712941,-43.0
23128.56551962624,-30.0
23128.565582123076,-10.0
23128.565644619906,-36.0
23128.565707116737,-64.0
23128.565769613568,-71.0
23128.5658321104,-51.0
23128.56589460723,-60.0
23128.565957104063,-62.0
23128.566019600894,-40.0
23128.566082097725,-68.0
23128.566144594555,-67.0
23128.56620709139,-77.0
23128.56626958822,-95.0
23128.56633208505,-75.0
23128.56639458188,-67.0
23128.566457078712,-87.0
23128.566519575546,-90.0
23128.566582072377,-55.0
23128.566644569208,-79.0
23128.56670706604,-80.0
23128.566769562873,-80.0
23128.566832059703,-94.0
23128.566894556534,-67.0
23128.566957053365,-53.0
23128.567019550195,-60.0
23128.567082047026,-56.0
23128.56714454386,-49.0
23128.56720704069,-56.0
23128.56726953752,-50.0
23128.567332034352,-32.0
23128.567394531186,-32.0
23128.567457028017,-67.0
23128.567519524848,-48.0
23128.56758202168,-13.0
23128.56764451851,-39.0
23128.567707015343,-41.0
23128.567769512174,-54.0
23128.567832009005,-60.0
23128.567894505835,-50.0
23128.56795700267,-55.0
23128.5680194995,-52.0
23128.56808199633,-40.0
23128.56814449316,-29.0
23128.568206989992,-18.0
23128.568269486823,-33.0
23128.568331983657,-54.0
23128.568394480488,-46.0
23128.56845697732,-53.0
23128.56851947415,-41.0
23128.568581970983,-11.0
23128.568644467814,-49.0
23128.568706964645,-71.0
23128.568769461475,-23.0
23128.568831958306,-25.0
23128.56889445514,-50.0
23128.56895695197,-15.0
23128.5690194488,-24.0
23128.569081945632,-32.0
23128.569144442466,-20.0
23128.569206939297,-19.0
23128.569269436128,-3.0
23128.56933193296,-17.0
23128.56939442979,-12.0
23128.56945692662,1.0
23128.569519423454,-28.0
23128.569581920285,10.0
23128.569644417115,36.0
23128.569706913946,-6.0
23128.56976941078,-25.0
23128.56983190761,19.0
23128.56989440444,-131.0
23128.569956901272,-323.0
23128.570019398103,-302.0
23128.570081894937,-294.0
23128.570144391768,-282.0
23128.5702068886,-260.0
23128.57026938543,-209.0
23128.570331882263,-172.0
23128.570394379094,-178.0
23128.570456875925,-190.0
23128.570519372755,-210.0
23128.570581869586,-202.0
23128.570644366417,-214.0
23128.57070686325,-217.0
23128.57076936008,-178.0
23128.570831856912,-153.0
23128.570894353743,-149.0
23128.570956850577,-164.0
23128.571019347408,-186.0
23128.57108184424,-209.0
23128.57114434107,-164.0
23128.5712068379,-107.0
23128.571269334734,-103.0
23128.571331831565,-97.0
23128.571394328395,-95.0
23128.571456825226,-121.0
23128.57151932206,-127.0
23128.57158181889,-59.0
23128.57164431572,-64.0
23128.571706812552,-58.0
23128.571769309383,-20.0
23128.571831806214,-8.0
23128.571894303048,4.0
23128.57195679988,36.0
23128.57201929671,25.0
23128.57208179354,-49.0
23128.572144290374,-104.0
23128.572206787205,-132.0
23128.572269284035,-130.0
23128.572331780866,-122.0
23128.572394277697,-128.0
23128.57245677453,-140.0
23128.57251927136,-149.0
23128.572581768192,-108.0
23128.572644265023,-74.0
23128.572706761857,-72.0
23128.572769258688,-108.0
23128.57283175552,-115.0
23128.57289425235,-121.0
23128.57295674918,-92.0
23128.57301924601,-39.0
23128.573081742845,-38.0
23128.573144239675,-60.0
23128.573206736506,-35.0
23128.573269233337,18.0
23128.57333173017,45.0
23128.573394227,60.0
23128.573456723832,17.0
23128.573519220663,7.0
23128.573581717494,64.0
23128.573644214328,71.0
23128.57370671116,83.0
23128.57376920799,90.0
23128.57383170482,55.0
23128.573894201654,61.0
23128.573956698485,73.0
23128.574019195315,81.0
23128.574081692146,81.0
23128.574144188977,40.0
23128.574206685807,34.0
23128.57426918264,43.0
23128.574331679472,25.0
23128.574394176303,60.0
23128.574456673134,80.0
23128.574519169968,65.0
23128.5745816668,93.0
23128.57464416363,65.0
23128.57470666046,54.0
23128.57476915729,70.0
23128.574831654125,86.0
23128.574894150956,110.0
23128.574956647786,95.0
23128.575019144617,57.0
23128.57508164145,39.0
23128.57514413828,63.0
23128.575206635112,86.0
23128.575269131943,78.0
23128.575331628774,82.0
23128.575394125604,99.0
23128.57545662244,58.0
23128.57551911927,28.0
23128.5755816161,60.0
23128.57564411293,41.0
23128.575706609765,42.0
23128.575769106596,38.0
23128.575831603426,41.0
23128.575894100257,52.0
23128.575956597087,79.0
23128.57601909392,78.0
23128.576081590752,51.0
23128.576144087583,33.0
23128.576206584414,20.0
23128.576269081248,27.0
23128.57633157808,38.0
23128.57639407491,52.0
23128.57645657174,18.0
23128.57651906857,41.0
23128.5765815654,96.0
23128.576644062236,56.0
23128.576706559066,36.0
23128.576769055897,47.0
23128.576831552728,38.0
23128.57689404956,0.0
23128.576956546392,16.0
23128.577019043223,27.0
23128.577081540054,7.0
23128.577144036884,25.0
23128.57720653372,26.0
23128.57726903055,15.0
23128.57733152738,12.0
23128.57739402421,43.0
23128.577456521045,6.0
23128.577519017876,-15.0
23128.577581514706,36.0
23128.577644011537,6.0
23128.577706508368,-9.0
23128.5777690052,5.0
23128.577831502032,13.0
23128.577893998863,18.0
23128.577956495694,24.0
23128.578018992524,17.0
23128.57808148936,10.0
23128.57814398619,11.0
23128.57820648302,2.0
23128.57826897985,-4.0
23128.57833147668,-7.0
23128.578393973516,8.0
23128.578456470346,-7.0
23128.578518967177,-30.0
23128.578581464008,4.0
23128.578643960842,-3.0
23128.578706457673,-21.0
23128.578768954503,-27.0
23128.578831451334,-31.0
23128.578893948164,-32.0
23128.578956444995,-20.0
23128.57901894183,-16.0
23128.57908143866,-32.0
23128.57914393549,-35.0
23128.57920643232,-33.0
23128.579268929156,-54.0
23128.579331425986,-46.0
23128.579393922817,-49.0
23128.579456419648,-49.0
23128.57951891648,-41.0
23128.579581413313,-43.0
23128.579643910143,-44.0
23128.579706406974,-34.0
23128.579768903805,-28.0
23128.57983140064,-68.0
23128.57989389747,94.0
23128.5799563943,276.0
23128.58001889113,230.0
23128.58008138796,255.0
23128.580143884792,229.0
23128.580206381626,177.0
23128.580268878457,225.0
23128.580331375288,205.0
23128.58039387212,205.0
23128.580456368953,186.0
23128.580518865783,193.0
23128.580581362614,207.0
23128.580643859445,170.0
23128.580706356275,183.0
23128.58076885311,181.0
23128.58083134994,169.0
23128.58089384677,169.0
23128.5809563436,169.0
23128.581018840436,136.0
23128.581081337266,140.0
23128.581143834097,137.0
23128.581206330928,111.0
23128.58126882776,125.0
23128.58133132459,124.0
23128.581393821423,134.0
23128.581456318254,110.0
23128.581518815085,74.0
23128.581581311915,119.0
23128.58164380875,81.0
23128.58170630558,17.0
23128.58176880241,7.0
23128.58183129924,-2.0
23128.581893796072,-35.0
23128.581956292906,-18.0
23128.582018789737,15.0
23128.582081286568,44.0
23128.5821437834,99.0
23128.582206280233,115.0
23128.582268777063,122.0
23128.582331273894,118.0
23128.582393770725,114.0
23128.582456267555,78.0
23128.582518764386,88.0
23128.58258126122,143.0
23128.58264375805,136.0
23128.58270625488,105.0
23128.582768751712,86.0
23128.582831248546,74.0
23128.582893745377,78.0
23128.582956242208,100.0
23128.58301873904,69.0
23128.58308123587,43.0
23128.583143732703,16.0
23128.583206229534,-31.0
23128.583268726365,-64.0
23128.583331223195,-63.0
23128.58339372003,-27.0
23128.58345621686,-58.0
23128.58351871369,-92.0
23128.58358121052,-50.0
23128.583643707352,-95.0
23128.583706204183,-119.0
23128.583768701017,-116.0
23128.583831197848,-142.0
23128.58389369468,-117.0
23128.58395619151,-113.0
23128.584018688343,-135.0
23128.584081185174,-124.0
23128.584143682005,-76.0
23128.584206178835,-65.0
23128.584268675666,-90.0
23128.5843311725,-70.0
23128.58439366933,-107.0
23128.58445616616,-155.0
23128.584518662992,-142.0
23128.584581159826,-131.0
23128.584643656657,-139.0
23128.584706153488,-103.0
23128.58476865032,-93.0
23128.58483114715,-124.0
23128.58489364398,-137.0
23128.584956140814,-145.0
23128.585018637645,-144.0
23128.585081134475,-160.0
23128.585143631306,-161.0
23128.58520612814,-140.0
23128.58526862497,-129.0
23128.5853311218,-144.0
23128.585393618632,-140.0
23128.585456115463,-130.0
23128.585518612297,-152.0
23128.585581109128,-147.0
23128.58564360596,-168.0
23128.58570610279,-164.0
23128.585768599623,-119.0
23128.585831096454,-130.0
23128.585893593285,-135.0
23128.585956090115,-136.0
23128.586018586946,-149.0
23128.586081083777,-119.0
23128.58614358061,-82.0
23128.58620607744,-104.0
23128.586268574272,-131.0
23128.586331071103,-107.0
23128.586393567937,-79.0
23128.586456064768,-89.0
23128.5865185616,-84.0
23128.58658105843,-64.0
23128.58664355526,-84.0
23128.586706052094,-91.0
23128.586768548925,-88.0
23128.586831045755,-92.0
23128.586893542586,-103.0
23128.58695603942,-103.0
23128.58701853625,-73.0
23128.58708103308,-71.0
23128.587143529912,-66.0
23128.587206026743,-68.0
23128.587268523574,-88.0
23128.587331020408,-83.0
23128.58739351724,-76.0
23128.58745601407,-80.0
23128.5875185109,-84.0
23128.587581007734,-61.0
23128.587643504565,-60.0
23128.587706001395,-73.0
23128.587768498226,-76.0
23128.587830995057,-81.0
23128.58789349189,-94.0
23128.58795598872,-62.0
23128.588018485552,-66.0
23128.588080982383,-70.0
23128.588143479217,-35.0
23128.588205976048,-58.0
23128.58826847288,-81.0
23128.58833096971,-62.0
23128.58839346654,-41.0
23128.58845596337,-64.0
23128.588518460205,-66.0
23128.588580957035,-36.0
23128.588643453866,-70.0
23128.588705950697,-82.0
23128.58876844753,-63.0
23128.58883094436,-69.0
23128.588893441192,-57.0
23128.588955938023,-27.0
23128.589018434854,-28.0
23128.589080931688,-50.0
23128.58914342852,-61.0
23128.58920592535,-39.0
23128.58926842218,-42.0
23128.58933091901,-63.0
23128.589393415845,-39.0
23128.589455912675,-43.0
23128.589518409506,-51.0
23128.589580906337,-26.0
23128.589643403167,-21.0
23128.5897059,-26.0
23128.589768396832,-32.0
23128.589830893663,32.0
23128.589893390494,-143.0
23128.589955887328,-368.0
23128.59001838416,-308.0
23128.59008088099,-271.0
23128.59014337782,-247.0
23128.59020587465,-223.0
23128.590268371485,-254.0
23128.590330868316,-234.0
23128.590393365146,-214.0
23128.590455861977,-260.0
23128.590518358807,-257.0
23128.59058085564,-186.0
23128.590643352472,-203.0
23128.590705849303,-230.0
23128.590768346134,-172.0
23128.590830842964,-166.0
23128.5908933398,-130.0
23128.59095583663,-144.0
23128.59101833346,-170.0
23128.59108083029,-152.0
23128.591143327125,-149.0
23128.591205823956,-138.0
23128.591268320786,-122.0
23128.591330817617,-76.0
23128.591393314447,-58.0
23128.59145581128,-93.0
23128.591518308112,-92.0
23128.591580804943,-54.0
23128.591643301774,-82.0
23128.591705798604,-96.0
23128.59176829544,-14.0
23128.59183079227,38.0
23128.5918932891,39.0
23128.59195578593,52.0
23128.59201828276,50.0
23128.592080779596,-11.0
23128.592143276426,-84.0
23128.592205773257,-120.0
23128.592268270088,-118.0
23128.59233076692,-94.0
23128.592393263752,-77.0
23128.592455760583,-89.0
23128.592518257414,-86.0
23128.592580754244,-44.0
23128.59264325108,-78.0
23128.59270574791,-82.0
23128.59276824474,-42.0
23128.59283074157,-54.0
23128.5928932384,-61.0
23128.592955735236,-84.0
23128.593018232066,-108.0
23128.593080728897,-69.0
23128.593143225728,-32.0
23128.59320572256,6.0
23128.593268219392,39.0
23128.593330716223,39.0
23128.593393213054,44.0
23128.593455709884,40.0
23128.59351820672,68.0
23128.59358070355,112.0
23128.59364320038,104.0
23128.59370569721,79.0
23128.59376819404,90.0
23128.593830690876,106.0
23128.593893187706,89.0
23128.593955684537,94.0
23128.594018181368,61.0
23128.5940806782,33.0
23128.594143175033,93.0
23128.594205671863,108.0
23128.594268168694,103.0
23128.594330665524,89.0
23128.594393162355,79.0
23128.59445565919,81.0
23128.59451815602,134.0
23128.59458065285,203.0
23128.59464314968,134.0
23128.594705646516,105.0
23128.594768143346,133.0
23128.594830640177,132.0
23128.594893137008,139.0
23128.59495563384,130.0
23128.595018130673,122.0
23128.595080627503,116.0
23128.595143124334,138.0
23128.595205621164,168.0
23128.595268117995,144.0
23128.59533061483,122.0
23128.59539311166,122.0
23128.59545560849,79.0
23128.59551810532,115.0
23128.595580602152,208.0
23128.595643098986,146.0
23128.595705595817,111.0
23128.595768092648,117.0
23128.59583058948,70.0
23128.595893086313,70.0
23128.595955583143,128.0
23128.596018079974,130.0
23128.596080576805,102.0
23128.596143073635,80.0
23128.59620557047,71.0
23128.5962680673,61.0
23128.59633056413,70.0
23128.59639306096,100.0
23128.596455557792,66.0
23128.596518054626,72.0
23128.596580551457,94.0
23128.596643048288,56.0
23128.59670554512,45.0
23128.59676804195,39.0
23128.596830538783,37.0
23128.596893035614,36.0
23128.596955532445,59.0
23128.597018029275,59.0
23128.59708052611,47.0
23128.59714302294,62.0
23128.59720551977,60.0
23128.5972680166,45.0
23128.597330513432,27.0
23128.597393010266,55.0
23128.597455507097,51.0
23128.597518003928,37.0
23128.59758050076,103.0
23128.59764299759,94.0
23128.597705494423,82.0
23128.597767991254,81.0
23128.597830488085,57.0
23128.597892984915,46.0
23128.597955481746,47.0
23128.59801797858,65.0
23128.59808047541,80.0
23128.59814297224,65.0
23128.598205469072,76.0
23128.598267965906,68.0
23128.598330462737,76.0
23128.598392959568,113.0
23128.5984554564,59.0
23128.59851795323,38.0
23128.598580450063,74.0
23128.598642946894,68.0
23128.598705443725,62.0
23128.598767940555,49.0
23128.598830437386,45.0
23128.59889293422,69.0
23128.59895543105,77.0
23128.59901792788,63.0
23128.599080424712,58.0
23128.599142921543,58.0
23128.599205418377,74.0
23128.599267915208,73.0
23128.59933041204,72.0
23128.59939290887,75.0
23128.599455405703,15.0
23128.599517902534,8.0
23128.599580399365,78.0
23128.599642896195,48.0
23128.599705393026,46.0
23128.59976788986,55.0
23128.59983038669,28.0
23128.59989288352,222.0
23128.599955380352,360.0
23128.600017877183,312.0
23128.600080374017,289.0
23128.600142870848,257.0
23128.60020536768,255.0
23128.60026786451,238.0
23128.60033036134,193.0
23128.600392858174,239.0
23128.600455355005,245.0
23128.600517851835,217.0
23128.600580348666,244.0
23128.6006428455,209.0
23128.60070534233,221.0
23128.60076783916,237.0
23128.600830335992,228.0
23128.600892832823,212.0
23128.600955329657,192.0
23128.601017826488,177.0
23128.60108032332,200.0
23128.60114282015,186.0
23128.60120531698,199.0
23128.601267813814,188.0
23128.601330310645,163.0
23128.601392807475,181.0
23128.601455304306,133.0
23128.601517801137,147.0
23128.60158029797,220.0
23128.6016427948,192.0
23128.601705291632,157.0
23128.601767788463,139.0
23128.601830285297,120.0
23128.601892782128,84.0
23128.60195527896,87.0
23128.60201777579,109.0
23128.60208027262,125.0
23128.602142769454,161.0
23128.602205266285,181.0
23128.602267763115,196.0
23128.602330259946,185.0
23128.602392756777,203.0
23128.60245525361,155.0
23128.60251775044,126.0
23128.602580247272,192.0
23128.602642744103,149.0
23128.602705240934,144.0
23128.602767737768,161.0
23128.6028302346,150.0
23128.60289273143,164.0
23128.60295522826,131.0
23128.603017725094,72.0
23128.603080221925,39.0
23128.603142718755,28.0
23128.603205215586,1.0
23128.603267712417,-21.0
23128.60333020925,-16.0
23128.60339270608,-37.0
23128.603455202912,-79.0
23128.603517699743,-57.0
23128.603580196574,8.0
23128.603642693408,-53.0
23128.60370519024,-92.0
23128.60376768707,-94.0
23128.6038301839,-115.0
23128.60389268073,-96.0
23128.603955177565,-83.0
23128.604017674395,-68.0
23128.604080171226,-61.0
23128.604142668057,-63.0
23128.60420516489,-68.0
23128.60426766172,-95.0
23128.604330158552,-94.0
23128.604392655383,-64.0
23128.604455152214,-113.0
23128.604517649048,-150.0
23128.60458014588,-104.0
23128.60464264271,-116.0
23128.60470513954,-156.0
23128.60476763637,-160.0
23128.604830133205,-150.0
23128.604892630035,-139.0
23128.604955126866,-134.0
23128.605017623697,-145.0
23128.605080120527,-154.0
23128.60514261736,-162.0
23128.605205114192,-131.0
23128.605267611023,-133.0
23128.605330107854,-159.0
23128.605392604688,-145.0
23128.60545510152,-183.0
23128.60551759835,-195.0
23128.60558009518,-144.0
23128.60564259201,-129.0
23128.605705088845,-122.0
23128.605767585675,-105.0
23128.605830082506,-107.0
23128.605892579337,-149.0
23128.605955076167,-143.0
23128.606017573,-125.0
23128.606080069832,-129.0
23128.606142566663,-115.0
23128.606205063494,-120.0
23128.606267560324,-128.0
23128.60633005716,-126.0
23128.60639255399,-98.0
23128.60645505082,-84.0
23128.60651754765,-76.0
23128.606580044485,-42.0
23128.606642541316,-48.0
23128.606705038146,-59.0
23128.606767534977,-56.0
23128.606830031807,-58.0
23128.60689252864,-63.0
23128.606955025472,-49.0
23128.607017522303,-56.0
23128.607080019134,-52.0
23128.607142515964,-63.0
23128.6072050128,-72.0
23128.60726750963,-58.0
23128.60733000646,-48.0
23128.60739250329,-21.0
23128.60745500012,-39.0
23128.607517496956,-53.0
23128.607579993786,-13.0
23128.607642490617,-35.0
23128.607704987448,-43.0
23128.60776748428,-18.0
23128.607829981112,-39.0
23128.607892477943,-55.0
23128.607954974774,-41.0
23128.608017471604,-27.0
23128.60807996844,-49.0
23128.60814246527,-38.0
23128.6082049621,-18.0
23128.60826745893,-47.0
23128.60832995576,-39.0
23128.608392452596,-11.0
23128.608454949426,-36.0
23128.608517446257,-54.0
23128.608579943088,-25.0
23128.60864243992,-14.0
23128.608704936752,-29.0
23128.608767433583,-39.0
23128.608829930414,-46.0
23128.608892427244,-51.0
23128.60895492408,-39.0
23128.60901742091,-21.0
23128.60907991774,-50.0
23128.60914241457,-60.0
23128.6092049114,-36.0
23128.609267408236,-37.0
23128.609329905066,-46.0
23128.609392401897,-26.0
23128.609454898728,-38.0
23128.60951739556,-54.0
23128.609579892393,-11.0
23128.609642389223,-22.0
23128.609704886054,-46.0
23128.609767382884,-42.0
23128.609829879715,1.0
23128.60989237655,-192.0
23128.60995487338,-432.0
23128.61001737021,-338.0
23128.61007986704,-288.0
23128.610142363876,-279.0
23128.610204860706,-243.0
23128.610267357537,-267.0
23128.610329854368,-274.0
23128.6103923512,-221.0
23128.610454848033,-202.0
23128.610517344863,-257.0
23128.610579841694,-237.0
23128.610642338524,-190.0
23128.610704835355,-216.0
23128.61076733219,-241.0
23128.61082982902,-240.0
23128.61089232585,-203.0
23128.61095482268,-211.0
23128.611017319512,-238.0
23128.611079816346,-236.0
23128.611142313177,-218.0
23128.611204810008,-188.0
23128.61126730684,-185.0
23128.611329803673,-199.0
23128.611392300503,-188.0
23128.611454797334,-168.0
23128.611517294165,-110.0
23128.611579790995,-87.0
23128.61164228783,-102.0
23128.61170478466,-53.0
23128.61176728149,-2.0
23128.61182977832,28.0
23128.611892275152,34.0
23128.611954771986,11.0
23128.612017268817,-42.0
23128.612079765648,-76.0
23128.61214226248,-100.0
23128.61220475931,-105.0
23128.612267256143,-109.0
23128.612329752974,-109.0
23128.612392249805,-84.0
23128.612454746635,-83.0
23128.61251724347,-76.0
23128.6125797403,-28.0
23128.61264223713,-71.0
23128.61270473396,-111.0
23128.612767230792,-89.0
23128.612829727626,-94.0
23128.612892224457,-72.0
23128.612954721288,-15.0
23128.61301721812,22.0
23128.61307971495,29.0
23128.613142211783,35.0
23128.613204708614,55.0
23128.613267205445,46.0
23128.613329702275,20.0
23128.613392199106,74.0
23128.61345469594,103.0
23128.61351719277,92.0
23128.6135796896,141.0
23128.613642186432,125.0
23128.613704683266,78.0
23128.613767180097,55.0
23128.613829676928,77.0
23128.61389217376,91.0
23128.61395467059,79.0
23128.614017167423,111.0
23128.614079664254,95.0
23128.614142161085,48.0
23128.614204657915,57.0
23128.614267154746,71.0
23128.61432965158,87.0
23128.61439214841,127.0
23128.61445464524,100.0
23128.614517142072,76.0
23128.614579638903,93.0
23128.614642135737,99.0
23128.614704632568,114.0
23128.6147671294,142.0
23128.61482962623,109.0
23128.614892123063,47.0
23128.614954619894,40.0
23128.615017116725,68.0
23128.615079613555,96.0
23128.615142110386,93.0
23128.61520460722,97.0
23128.61526710405,79.0
23128.61532960088,34.0
23128.615392097712,93.0
23128.615454594543,117.0
23128.615517091377,65.0
23128.615579588208,86.0
23128.61564208504,80.0
23128.61570458187,88.0
23128.6157670787,126.0
23128.615829575534,117.0
23128.615892072365,79.0
23128.615954569195,50.0
23128.616017066026,71.0
23128.61607956286,109.0
23128.61614205969,82.0
23128.61620455652,45.0
23128.616267053352,30.0
23128.616329550183,11.0
23128.616392047017,58.0
23128.616454543848,66.0
23128.61651704068,49.0
23128.61657953751,67.0
23128.61664203434,27.0
23128.616704531174,35.0
23128.616767028005,58.0
23128.616829524835,69.0
23128.616892021666,48.0
23128.616954518497,39.0
23128.61701701533,63.0
23128.61707951216,56.0
23128.617142008992,45.0
23128.617204505823,35.0
23128.617267002657,33.0
23128.617329499488,28.0
23128.61739199632,25.0
23128.61745449315,9.0
23128.61751698998,8.0
23128.617579486814,58.0
23128.617641983645,16.0
23128.617704480475,-7.0
23128.617766977306,1.0
23128.617829474137,22.0
23128.61789197097,27.0
23128.6179544678,9.0
23128.618016964632,34.0
23128.618079461463,36.0
23128.618141958294,21.0
23128.618204455128,31.0
23128.61826695196,18.0
23128.61832944879,-11.0
23128.61839194562,12.0
23128.618454442454,2.0
23128.618516939285,-27.0
23128.618579436115,27.0
23128.618641932946,8.0
23128.618704429777,-19.0
23128.61876692661,-5.0
23128.61882942344,-23.0
23128.618891920272,-26.0
23128.618954417103,-7.0
23128.619016913934,-14.0
23128.619079410768,-21.0
23128.6191419076,-16.0
23128.61920440443,-23.0
23128.61926690126,-16.0
23128.61932939809,-6.0
23128.619391894925,0.0
23128.619454391755,-10.0
23128.619516888586,-4.0
23128.619579385417,32.0
23128.61964188225,-2.0
23128.61970437908,25.0
23128.619766875912,17.0
23128.619829372743,-44.0
23128.619891869574,180.0
23128.619954366408,316.0
23128.62001686324,232.0
23128.62007936007,234.0
23128.6201418569,203.0
23128.62020435373,172.0
23128.620266850565,181.0
23128.620329347395,175.0
23128.620391844226,169.0
23128.620454341057,162.0
23128.620516837887,180.0
23128.62057933472,175.0
23128.620641831552,143.0
23128.620704328383,171.0
23128.620766825214,179.0
23128.620829322048,177.0
23128.62089181888,160.0
23128.62095431571,145.0
23128.62101681254,150.0
23128.62107930937,133.0
23128.621141806205,105.0
23128.621204303035,95.0
23128.621266799866,85.0
23128.621329296697,56.0
23128.621391793527,64.0
23128.62145429036,64.0
23128.621516787192,43.0
23128.621579284023,83.0
23128.621641780854,71.0
23128.621704277684,23.0
23128.62176677452,21.0
23128.62182927135,-5.0
23128.62189176818,-53.0
23128.62195426501,-41.0
23128.622016761845,-14.0
23128.622079258676,33.0
23128.622141755506,83.0
23128.622204252337,122.0
23128.622266749167,121.0
23128.622329246,100.0
23128.622391742832,137.0
23128.622454239663,99.0
23128.622516736494,62.0
23128.622579233324,125.0
23128.62264173016,83.0
23128.62270422699,65.0
23128.62276672382,99.0
23128.62282922065,63.0
23128.62289171748,56.0
23128.622954214316,42.0
23128.623016711146,25.0
23128.623079207977,23.0
23128.623141704807,-22.0
23128.62320420164,-47.0
23128.623266698472,-25.0
23128.623329195303,-50.0
23128.623391692134,-67.0
23128.623454188964,-57.0
23128.6235166858,-65.0
23128.62357918263,-62.0
23128.62364167946,-80.0
23128.62370417629,-94.0
23128.62376667312,-111.0
23128.623829169956,-81.0
23128.623891666786,-108.0
23128.623954163617,-114.0
23128.624016660448,-99.0
23128.624079157278,-127.0
23128.624141654112,-134.0
23128.624204150943,-136.0
23128.624266647774,-115.0
23128.624329144604,-124.0
23128.62439164144,-90.0
23128.62445413827,-106.0
23128.6245166351,-167.0
23128.62457913193,-143.0
23128.62464162876,-150.0
23128.624704125596,-186.0
23128.624766622426,-189.0
23128.624829119257,-202.0
23128.624891616088,-206.0
23128.62495411292,-162.0
23128.625016609752,-132.0
23128.625079106583,-146.0
23128.625141603414,-159.0
23128.625204100244,-154.0
23128.625266597075,-147.0
23128.62532909391,-158.0
23128.62539159074,-140.0
23128.62545408757,-132.0
23128.6255165844,-131.0
23128.625579081236,-97.0
23128.625641578066,-91.0
23128.625704074897,-105.0
23128.625766571728,-126.0
23128.62582906856,-136.0
23128.625891565393,-133.0
23128.625954062223,-137.0
23128.626016559054,-112.0
23128.626079055884,-101.0
23128.626141552715,-115.0
23128.62620404955,-112.0
23128.62626654638,-106.0
23128.62632904321,-84.0
23128.62639154004,-76.0
23128.626454036872,-109.0
23128.626516533706,-104.0
23128.626579030537,-62.0
23128.626641527368,-61.0
23128.6267040242,-75.0
23128.626766521033,-85.0
23128.626829017863,-88.0
23128.626891514694,-105.0
23128.626954011525,-98.0
23128.627016508355,-111.0
23128.62707900519,-126.0
23128.62714150202,-97.0
23128.62720399885,-101.0
23128.62726649568,-102.0
23128.627328992512,-116.0
23128.627391489346,-127.0
23128.627453986177,-124.0
23128.627516483008,-129.0
23128.62757897984,-100.0
23128.62764147667,-95.0
23128.627703973503,-99.0
23128.627766470334,-97.0
23128.627828967165,-90.0
23128.627891463995,-103.0
23128.62795396083,-88.0
23128.62801645766,-60.0
23128.62807895449,-76.0
23128.62814145132,-64.0
23128.628203948152,-56.0
23128.628266444986,-56.0
23128.628328941817,-49.0
23128.628391438648,-71.0
23128.62845393548,-98.0
23128.62851643231,-84.0
23128.628578929143,-42.0
23128.628641425974,-59.0
23128.628703922805,-83.0
23128.628766419635,-73.0
23128.628828916466,-75.0
23128.6288914133,-93.0
23128.62895391013,-85.0
23128.62901640696,-69.0
23128.629078903792,-49.0
23128.629141400626,-41.0
23128.629203897457,-70.0
23128.629266394288,-81.0
23128.62932889112,-78.0
23128.62939138795,-68.0
23128.629453884783,-70.0
23128.629516381614,-55.0
23128.629578878445,-25.0
23128.629641375275,-40.0
23128.629703872106,-42.0
23128.62976636894,-74.0
23128.62982886577,-35.0
23128.6298913626,-187.0
23128.629953859432,-379.0
23128.630016356263,-306.0
23128.630078853097,-281.0
23128.630141349928,-283.0
23128.63020384676,-266.0
23128.63026634359,-249.0
23128.630328840423,-230.0
23128.630391337254,-223.0
23128.630453834085,-254.0
23128.630516330915,-262.0
23128.630578827746,-225.0
23128.63064132458,-231.0
23128.63070382141,-246.0
23128.63076631824,-267.0
23128.630828815072,-254.0
23128.630891311903,-233.0
23128.630953808737,-236.0
23128.631016305568,-214.0
23128.6310788024,-204.0
23128.63114129923,-198.0
23128.63120379606,-191.0
23128.631266292894,-188.0
23128.631328789725,-184.0
23128.631391286555,-141.0
23128.631453783386,-140.0
23128.63151628022,-147.0
23128.63157877705,-95.0
23128.63164127388,-89.0
23128.631703770712,-81.0
23128.631766267543,-45.0
23128.631828764377,-3.0
23128.631891261208,25.0
23128.63195375804,3.0
23128.63201625487,-20.0
23128.6320787517,-39.0
23128.632141248534,-73.0
23128.632203745365,-97.0
23128.632266242195,-122.0
23128.632328739026,-143.0
23128.632391235857,-125.0
23128.63245373269,-136.0
23128.63251622952,-146.0
23128.632578726352,-114.0
23128.632641223183,-132.0
23128.632703720017,-162.0
23128.632766216848,-146.0
23128.63282871368,-93.0
23128.63289121051,-75.0
23128.63295370734,-86.0
23128.633016204174,-47.0
23128.633078701005,2.0
23128.633141197835,15.0
23128.633203694666,34.0
23128.633266191497,64.0
23128.63332868833,63.0
23128.63339118516,39.0
23128.633453681992,46.0
23128.633516178823,33.0
23128.633578675654,63.0
23128.633641172488,78.0
23128.63370366932,52.0
23128.63376616615,56.0
23128.63382866298,79.0
23128.633891159814,103.0
23128.633953656645,92.0
23128.634016153475,79.0
23128.634078650306,85.0
23128.634141147137,79.0
23128.63420364397,56.0
23128.6342661408,35.0
23128.634328637632,35.0
23128.634391134463,60.0
23128.634453631294,60.0
23128.634516128128,60.0
23128.63457862496,104.0
23128.63464112179,90.0
23128.63470361862,76.0
23128.63476611545,58.0
23128.634828612285,38.0
23128.634891109115,42.0
23128.634953605946,52.0
23128.635016102777,76.0
23128.63507859961,73.0
23128.63514109644,61.0
23128.635203593272,40.0
23128.635266090103,28.0
23128.635328586934,15.0
23128.635391083768,42.0
23128.6354535806,59.0
23128.63551607743,57.0
23128.63557857426,76.0
23128.63564107109,40.0
23128.635703567925,42.0
23128.635766064755,40.0
23128.635828561586,58.0
23128.635891058417,92.0
23128.635953555247,56.0
23128.63601605208,31.0
23128.636078548912,47.0
23128.636141045743,5.0
23128.636203542574,-1.0
23128.636266039408,71.0
23128.63632853624,85.0
23128.63639103307,30.0
23128.6364535299,-11.0
23128.63651602673,12.0
23128.636578523565,70.0
23128.636641020395,56.0
23128.636703517226,50.0
23128.636766014057,59.0
23128.636828510887,46.0
23128.63689100772,61.0
23128.636953504552,64.0
23128.637016001383,48.0
23128.637078498214,42.0
23128.637140995044,55.0
23128.63720349188,44.0
23128.63726598871,42.0
23128.63732848554,55.0
23128.63739098237,57.0
23128.637453479205,36.0
23128.637515976036,12.0
23128.637578472866,80.0
23128.637640969697,56.0
23128.637703466527,20.0
23128.63776596336,29.0
23128.637828460192,27.0
23128.637890957023,39.0
23128.637953453854,40.0
23128.638015950684,44.0
23128.63807844752,45.0
23128.63814094435,50.0
23128.63820344118,38.0
23128.63826593801,35.0
23128.63832843484,43.0
23128.638390931676,51.0
23128.638453428506,7.0
23128.638515925337,10.0
23128.638578422167,61.0
23128.638640919,9.0
23128.638703415832,8.0
23128.638765912663,25.0
23128.638828409494,12.0
23128.638890906324,28.0
23128.63895340316,28.0
23128.63901589999,37.0
23128.63907839682,35.0
23128.63914089365,23.0
23128.63920339048,33.0
23128.639265887316,36.0
23128.639328384146,25.0
23128.639390880977,40.0
23128.639453377808,30.0
23128.639515874638,10.0
23128.639578371472,60.0
23128.639640868303,50.0
23128.639703365134,24.0
23128.639765861964,38.0
23128.6398283588,12.0
23128.63989085563,190.0
23128.63995335246,393.0
23128.64001584929,351.0
23128.64007834612,311.0
23128.640140842956,274.0
23128.640203339786,250.0
23128.640265836617,246.0
23128.640328333448,211.0
23128.64039083028,238.0
23128.640453327112,225.0
23128.640515823943,222.0
23128.640578320774,291.0
23128.640640817604,240.0
23128.640703314435,215.0
23128.64076581127,227.0
23128.6408283081,205.0
23128.64089080493,179.0
23128.64095330176,189.0
23128.641015798596,215.0
23128.641078295426,213.0
23128.641140792257,206.0
23128.641203289088,206.0
23128.64126578592,202.0
23128.641328282753,190.0
23128.641390779583,182.0
23128.641453276414,141.0
23128.641515773244,128.0
23128.641578270075,163.0
23128.64164076691,137.0
23128.64170326374,69.0
23128.64176576057,28.0
23128.6418282574,29.0
23128.641890754232,25.0
23128.641953251066,39.0
23128.642015747897,76.0
23128.642078244728,105.0
23128.64214074156,118.0
23128.642203238393,161.0
23128.642265735223,181.0
23128.642328232054,169.0
23128.642390728884,174.0
23128.642453225715,150.0
23128.64251572255,128.0
23128.64257821938,167.0
23128.64264071621,132.0
23128.64270321304,97.0
23128.642765709872,105.0
23128.642828206706,96.0
23128.642890703537,74.0
23128.642953200368,70.0
23128.6430156972,56.0
23128.64307819403,17.0
23128.643140690863,3.0
23128.643203187694,6.0
23128.643265684525,-10.0
23128.643328181355,-30.0
23128.64339067819,-70.0
23128.64345317502,-113.0
23128.64351567185,-87.0
23128.64357816868,-48.0
23128.643640665512,-88.0
23128.643703162346,-66.0
23128.643765659177,-68.0
23128.643828156008,-83.0
23128.64389065284,-50.0
23128.64395314967,-38.0
23128.644015646503,-54.0
23128.644078143334,-68.0
23128.644140640165,-33.0
23128.644203136995,-25.0
23128.644265633826,-20.0
23128.64432813066,-23.0
23128.64439062749,-30.0
23128.64445312432,-72.0
23128.644515621152,-63.0
23128.644578117986,-43.0
23128.644640614817,-90.0
23128.644703111648,-94.0
23128.64476560848,-90.0
23128.64482810531,-83.0
23128.644890602143,-84.0
23128.644953098974,-91.0
23128.645015595805,-91.0
23128.645078092635,-83.0
23128.645140589466,-104.0
23128.6452030863,-121.0
23128.64526558313,-121.0
23128.64532807996,-114.0
23128.645390576792,-119.0
23128.645453073623,-144.0
23128.645515570457,-95.0
23128.645578067288,-74.0
23128.64564056412,-89.0
23128.64570306095,-70.0
23128.645765557783,-93.0
23128.645828054614,-91.0
23128.645890551445,-82.0
23128.645953048275,-92.0
23128.646015545106,-72.0
23128.64607804194,-93.0
23128.64614053877,-101.0
23128.6462030356,-69.0
23128.646265532432,-57.0
23128.646328029263,-36.0
23128.646390526097,-25.0
23128.646453022928,-45.0
23128.64651551976,-32.0
23128.64657801659,2.0
23128.64664051342,-27.0
23128.646703010254,-32.0
23128.646765507085,-16.0
23128.646828003915,-10.0
23128.646890500746,-23.0
23128.64695299758,-23.0
23128.64701549441,-8.0
23128.64707799124,-8.0
23128.647140488072,-12.0
23128.647202984903,-22.0
23128.647265481737,-36.0
23128.647327978568,-41.0
23128.6473904754,-16.0
23128.64745297223,1.0
23128.64751546906,-33.0
23128.647577965894,-25.0
23128.647640462725,-28.0
23128.647702959555,-48.0
23128.647765456386,-53.0
23128.647827953217,-25.0
23128.64789045005,3.0
23128.64795294688,-6.0
23128.648015443712,13.0
23128.648077940543,-7.0
23128.648140437377,-31.0
23128.648202934208,-2.0
23128.64826543104,1.0
23128.64832792787,-6.0
23128.6483904247,8.0
23128.648452921534,0.0
23128.648515418365,-18.0
23128.648577915195,11.0
23128.648640412026,-18.0
23128.648702908857,-28.0
23128.64876540569,-11.0
23128.64882790252,-12.0
23128.648890399352,-24.0
23128.648952896183,7.0
23128.649015393014,23.0
23128.649077889848,-10.0
23128.64914038668,-20.0
23128.64920288351,-13.0
23128.64926538034,-7.0
23128.649327877174,4.0
23128.649390374005,33.0
23128.649452870835,-12.0
23128.649515367666,-10.0
23128.649577864497,54.0
23128.64964036133,36.0
23128.64970285816,5.0
23128.649765354992,1.0
23128.649827851823,40.0
23128.649890348654,-175.0
23128.649952845488,-384.0
23128.65001534232,-326.0
23128.65007783915,-293.0
23128.65014033598,-229.0
23128.65020283281,-185.0
23128.650265329645,-203.0
23128.650327826475,-191.0
23128.650390323306,-138.0
23128.650452820137,-170.0
23128.65051531697,-208.0
23128.6505778138,-152.0
23128.650640310632,-156.0
23128.650702807463,-193.0
23128.650765304294,-168.0
23128.650827801128,-174.0
23128.65089029796,-188.0
23128.65095279479,-125.0
23128.65101529162,-119.0
23128.65107778845,-107.0
23128.651140285285,-84.0
23128.651202782115,-85.0
23128.651265278946,-49.0
23128.651327775777,-49.0
23128.651390272607,-41.0
23128.65145276944,-63.0
23128.651515266272,-100.0
23128.651577763103,-65.0
23128.651640259934,-62.0
23128.651702756768,-36.0
23128.6517652536,-4.0
23128.65182775043,1.0
23128.65189024726,8.0
23128.65195274409,6.0
23128.652015240925,-18.0
23128.652077737755,-62.0
23128.652140234586,-103.0
23128.652202731417,-116.0
23128.652265228247,-132.0
23128.65232772508,-181.0
23128.652390221912,-138.0
23128.652452718743,-128.0
23128.652515215574,-139.0
23128.652577712404,-87.0
23128.65264020924,-115.0
23128.65270270607,-116.0
23128.6527652029,-105.0
23128.65282769973,-127.0
23128.652890196565,-115.0
23128.652952693395,-72.0
23128.653015190226,-38.0
23128.653077687057,-16.0
23128.653140183887,-3.0
23128.65320268072,44.0
23128.653265177552,53.0
23128.653327674383,34.0
23128.653390171214,78.0
23128.653452668044,72.0
23128.65351516488,73.0
23128.65357766171,117.0
23128.65364015854,124.0
23128.65370265537,142.0
23128.6537651522,142.0
23128.653827649036,150.0
23128.653890145866,160.0
23128.653952642697,131.0
23128.654015139527,125.0
23128.65407763636,124.0
23128.654140133192,149.0
23128.654202630023,153.0
23128.654265126854,90.0
23128.654327623684,105.0
23128.65439012052,155.0
23128.65445261735,140.0
23128.65451511418,162.0
23128.65457761101,221.0
23128.65464010784,209.0
23128.654702604676,211.0
23128.654765101506,226.0
23128.654827598337,203.0
23128.654890095168,193.0
23128.654952591998,198.0
23128.655015088832,174.0
23128.655077585663,150.0
23128.655140082494,146.0
23128.655202579324,136.0
23128.65526507616,139.0
23128.65532757299,179.0
23128.65539006982,182.0
23128.65545256665,138.0
23128.65551506348,149.0
23128.655577560316,198.0
23128.655640057146,164.0
23128.655702553977,123.0
23128.655765050808,110.0
23128.65582754764,80.0
23128.655890044472,94.0
23128.655952541303,147.0
23128.656015038134,140.0
23128.656077534964,136.0
23128.656140031795,171.0
23128.65620252863,139.0
23128.65626502546,95.0
23128.65632752229,74.0
23128.65639001912,79.0
23128.656452515956,56.0
23128.656515012786,46.0
23128.656577509617,118.0
23128.656640006448,112.0
23128.65670250328,92.0
23128.656765000113,102.0
23128.656827496943,101.0
23128.656889993774,67.0
23128.656952490604,57.0
23128.657014987435,67.0
23128.65707748427,64.0
23128.6571399811,57.0
23128.65720247793,67.0
23128.65726497476,86.0
23128.657327471592,74.0
23128.657389968426,98.0
23128.657452465257,63.0
23128.657514962088,51.0
23128.65757745892,133.0
23128.657639955753,65.0
23128.657702452583,48.0
23128.657764949414,81.0
23128.657827446244,89.0
23128.657889943075,112.0
23128.65795243991,93.0
23128.65801493674,101.0
23128.65807743357,126.0
23128.6581399304,108.0
23128.658202427232,109.0
23128.658264924066,107.0
23128.658327420897,86.0
23128.658389917728,99.0
23128.65845241456,86.0
23128.65851491139,82.0
23128.658577408223,119.0
23128.658639905054,97.0
23128.658702401885,95.0
23128.658764898715,109.0
23128.65882739555,100.0
23128.65888989238,85.0
23128.65895238921,108.0
23128.65901488604,94.0
23128.659077382872,70.0
23128.659139879706,83.0
23128.659202376537,63.0
23128.659264873368,74.0
23128.6593273702,59.0
23128.65938986703,52.0
23128.659452363863,40.0
23128.659514860694,20.0
23128.659577357525,63.0
23128.659639854355,30.0
23128.659702351186,46.0
23128.65976484802,49.0
23128.65982734485,15.0
23128.65988984168,256.0
23128.659952338512,359.0
23128.660014835346,281.0
23128.660077332177,307.0
23128.660139829008,280.0
23128.66020232584,285.0
23128.66026482267,261.0
23128.660327319503,196.0
23128.660389816334,193.0
23128.660452313165,159.0
23128.660514809995,183.0
23128.660577306826,270.0
23128.66063980366,247.0
23128.66070230049,213.0
23128.66076479732,197.0
23128.660827294152,175.0
23128.660889790983,178.0
23128.660952287817,196.0
23128.661014784648,201.0
23128.66107728148,203.0
23128.66113977831,177.0
23128.661202275143,124.0
23128.661264771974,97.0
23128.661327268805,63.0
23128.661389765635,90.0
23128.661452262466,108.0
23128.6615147593,114.0
23128.66157725613,159.0
23128.66163975296,111.0
23128.661702249792,52.0
23128.661764746623,11.0
23128.661827243457,-34.0
23128.661889740288,-49.0
23128.66195223712,-15.0
23128.66201473395,36.0
23128.66207723078,61.0
23128.662139727614,107.0
23128.662202224445,136.0
23128.662264721275,133.0
23128.662327218106,137.0
23128.66238971494,146.0
23128.66245221177,109.0
23128.6625147086,78.0
23128.662577205432,126.0
23128.662639702263,120.0
23128.662702199097,128.0
23128.662764695928,142.0
23128.66282719276,113.0
23128.66288968959,84.0
23128.66295218642,96.0
23128.663014683254,84.0
23128.663077180085,24.0
23128.663139676915,-4.0
23128.663202173746,-6.0
23128.663264670577,-42.0
23128.66332716741,-76.0
23128.66338966424,-46.0
23128.663452161072,-98.0
23128.663514657903,-112.0
23128.663577154737,-33.0
23128.663639651568,-78.0
23128.6637021484,-89.0
23128.66376464523,-48.0
23128.66382714206,-63.0
23128.663889638894,-75.0
23128.663952135725,-39.0
23128.664014632555,-39.0
23128.664077129386,-50.0
23128.664139626217,-45.0
23128.66420212305,-85.0
23128.66426461988,-82.0
23128.664327116712,-104.0
23128.664389613543,-109.0
23128.664452110374,-116.0
23128.664514607208,-145.0
23128.66457710404,-84.0
23128.66463960087,-129.0
23128.6647020977,-157.0
23128.664764594534,-113.0
23128.664827091365,-129.0
23128.664889588195,-130.0
23128.664952085026,-125.0
23128.665014581857,-136.0
23128.66507707869,-133.0
23128.66513957552,-151.0
23128.665202072352,-158.0
23128.665264569183,-146.0
23128.665327066014,-128.0
23128.665389562848,-106.0
23128.66545205968,-146.0
23128.66551455651,-155.0
23128.66557705334,-114.0
23128.66563955017,-143.0
23128.665702047005,-137.0
23128.665764543835,-104.0
23128.665827040666,-119.0
23128.665889537497,-155.0
23128.66595203433,-128.0
23128.66601453116,-101.0
23128.666077027992,-108.0
23128.666139524823,-70.0
23128.666202021654,-45.0
23128.666264518488,-47.0
23128.66632701532,-61.0
23128.66638951215,-63.0
23128.66645200898,-89.0
23128.66651450581,-99.0
23128.666577002645,-55.0
23128.666639499475,-69.0
23128.666701996306,-55.0
23128.666764493137,-60.0
23128.666826989967,-59.0
23128.6668894868,-22.0
23128.666951983632,-35.0
23128.667014480463,-35.0
23128.667076977294,-18.0
23128.667139474128,-22.0
23128.66720197096,-28.0
23128.66726446779,-12.0
23128.66732696462,-6.0
23128.66738946145,-5.0
23128.667451958285,-14.0
23128.667514455115,-15.0
23128.667576951946,1.0
23128.667639448777,1.0
23128.667701945607,7.0
23128.66776444244,-13.0
23128.667826939272,-7.0
23128.667889436103,-7.0
23128.667951932934,-22.0
23128.668014429764,-22.0
23128.6680769266,-5.0
23128.66813942343,-21.0
23128.66820192026,-9.0
23128.66826441709,7.0
23128.668326913925,-33.0
23128.668389410755,0.0
23128.668451907586,-5.0
23128.668514404417,-20.0
23128.668576901247,24.0
23128.66863939808,-5.0
23128.668701894912,-26.0
23128.668764391743,-9.0
23128.668826888574,-4.0
23128.668889385404,-10.0
23128.66895188224,-5.0
23128.66901437907,-12.0
23128.6690768759,-49.0
23128.66913937273,-35.0
23128.66920186956,0.0
23128.669264366396,6.0
23128.669326863226,-2.0
23128.669389360057,-16.0
23128.669451856887,-34.0
23128.66951435372,-33.0
23128.669576850552,1.0
23128.669639347383,-23.0
23128.669701844214,-36.0
23128.669764341044,-30.0
23128.66982683788,-13.0
23128.66988933471,-225.0
23128.66995183154,-403.0
23128.67001432837,-304.0
23128.6700768252,-275.0
23128.670139322036,-272.0
23128.670201818866,-240.0
23128.670264315697,-194.0
23128.670326812527,-209.0
23128.670389309358,-222.0
23128.670451806192,-220.0
23128.670514303023,-249.0
23128.670576799854,-189.0
23128.670639296684,-156.0
23128.67070179352,-197.0
23128.67076429035,-186.0
23128.67082678718,-182.0
23128.67088928401,-228.0
23128.67095178084,-222.0
23128.671014277676,-220.0
23128.671076774506,-212.0
23128.671139271337,-153.0
23128.671201768168,-127.0
23128.671264264998,-93.0
23128.671326761832,-90.0
23128.671389258663,-109.0
23128.671451755494,-129.0
23128.671514252324,-126.0
23128.671576749155,-91.0
23128.67163924599,-123.0
23128.67170174282,-93.0
23128.67176423965,-48.0
23128.67182673648,-25.0
23128.671889233316,2.0
23128.671951730146,6.0
23128.672014226977,-13.0
23128.672076723808,-79.0
23128.67213922064,-126.0
23128.672201717472,-141.0
23128.672264214303,-161.0
23128.672326711134,-171.0
23128.672389207964,-176.0
23128.672451704795,-172.0
23128.67251420163,-152.0
23128.67257669846,-125.0
23128.67263919529,-140.0
23128.67270169212,-136.0
23128.672764188952,-108.0
23128.672826685786,-115.0
23128.672889182617,-112.0
23128.672951679448,-73.0
23128.67301417628,-46.0
23128.673076673113,-44.0
23128.673139169943,-57.0
23128.673201666774,-39.0
23128.673264163604,4.0
23128.673326660435,25.0
23128.67338915727,63.0
23128.6734516541,29.0
23128.67351415093,-11.0
23128.67357664776,76.0
23128.673639144592,46.0
23128.673701641426,17.0
23128.673764138257,49.0
23128.673826635088,16.0
23128.67388913192,-1.0
23128.67395162875,-4.0
23128.674014125583,16.0
23128.674076622414,14.0
23128.674139119245,-2.0
23128.674201616075,12.0
23128.67426411291,21.0
23128.67432660974,2.0
23128.67438910657,37.0
23128.6744516034,37.0
23128.674514100232,20.0
23128.674576597066,89.0
23128.674639093897,87.0
23128.674701590728,78.0
23128.67476408756,78.0
23128.67482658439,78.0
23128.674889081223,85.0
23128.674951578054,92.0
23128.675014074885,100.0
23128.675076571715,72.0
23128.675139068546,79.0
23128.67520156538,73.0
23128.67526406221,100.0
23128.67532655904,108.0
23128.675389055872,77.0
23128.675451552706,53.0
23128.675514049537,22.0
23128.675576546368,70.0
23128.6756390432,60.0
23128.67570154003,21.0
23128.675764036863,39.0
23128.675826533694,42.0
23128.675889030525,44.0
23128.675951527355,74.0
23128.676014024186,72.0
23128.67607652102,102.0
23128.67613901785,100.0
23128.67620151468,94.0
23128.676264011512,110.0
23128.676326508343,100.0
23128.676389005177,111.0
23128.676451502008,70.0
23128.67651399884,52.0
23128.67657649567,89.0
23128.676638992503,83.0
23128.676701489334,61.0
23128.676763986165,83.0
23128.676826482995,94.0
23128.676888979826,115.0
23128.67695147666,129.0
23128.67701397349,103.0
23128.67707647032,96.0
23128.677138967152,80.0
23128.677201463983,56.0
23128.677263960817,52.0
23128.677326457648,64.0
23128.67738895448,72.0
23128.67745145131,4.0
23128.67751394814,-20.0
23128.677576444974,34.0
23128.677638941805,-18.0
23128.677701438635,-38.0
23128.677763935466,-24.0
23128.6778264323,-53.0
23128.67788892913,-52.0
23128.67795142596,-29.0
23128.678013922792,-30.0
23128.678076419623,-38.0
23128.678138916457,-24.0
23128.678201413288,-20.0
23128.67826391012,-28.0
23128.67832640695,-21.0
23128.67838890378,-21.0
23128.678451400614,-46.0
23128.678513897445,-36.0
23128.678576394275,15.0
23128.678638891106,2.0
23128.678701387937,-5.0
23128.67876388477,-15.0
23128.6788263816,-24.0
23128.678888878432,-27.0
23128.678951375263,-56.0
23128.679013872097,-27.0
23128.679076368928,-15.0
23128.67913886576,-30.0
23128.67920136259,-17.0
23128.67926385942,-19.0
23128.679326356254,-24.0
23128.679388853085,-24.0
23128.679451349915,-35.0
23128.679513846746,-11.0
23128.679576343577,23.0
23128.67963884041,-31.0
23128.67970133724,-18.0
23128.679763834072,-16.0
23128.679826330903,-24.0
23128.679888827734,173.0
23128.679951324568,250.0
23128.6800138214,233.0
23128.68007631823,270.0
23128.68013881506,214.0
23128.680201311894,159.0
23128.680263808725,172.0
23128.680326305555,207.0
23128.680388802386,236.0
23128.680451299217,205.0
23128.68051379605,179.0
23128.68057629288,176.0
23128.680638789712,219.0
23128.680701286543,257.0
23128.680763783374,223.0
23128.680826280208,201.0
23128.68088877704,177.0
23128.68095127387,176.0
23128.6810137707,199.0
23128.68107626753,198.0
23128.681138764365,133.0
23128.681201261195,116.0
23128.681263758026,115.0
23128.681326254857,106.0
23128.68138875169,178.0
23128.68145124852,153.0
23128.681513745352,69.0
23128.681576242183,108.0
23128.681638739014,110.0
23128.681701235848,48.0
23128.68176373268,70.0
23128.68182622951,57.0
23128.68188872634,-34.0
23128.68195122317,-36.0
23128.682013720005,-21.0
23128.682076216835,36.0
23128.682138713666,120.0
23128.682201210497,151.0
23128.682263707327,138.0
23128.68232620416,107.0
23128.682388700992,102.0
23128.682451197823,69.0
23128.682513694654,65.0
23128.682576191488,142.0
23128.68263868832,125.0
23128.68270118515,95.0
23128.68276368198,106.0
23128.68282617881,68.0
23128.682888675645,23.0
23128.682951172475,32.0
23128.683013669306,33.0
23128.683076166137,31.0
23128.683138662967,17.0
23128.6832011598,2.0
23128.683263656632,-27.0
23128.683326153463,-100.0
23128.683388650294,-100.0
23128.683451147124,-120.0
23128.68351364396,-163.0
23128.68357614079,-105.0
23128.68363863762,-117.0
23128.68370113445,-120.0
23128.683763631285,-96.0
23128.683826128115,-96.0
23128.683888624946,-130.0
23128.683951121777,-148.0
23128.684013618607,-124.0
23128.68407611544,-139.0
23128.684138612272,-164.0
23128.684201109103,-132.0
23128.684263605934,-109.0
23128.684326102764,-110.0
23128.6843885996,-97.0
23128.68445109643,-116.0
23128.68451359326,-126.0
23128.68457609009,-115.0
23128.68463858692,-145.0
23128.684701083755,-184.0
23128.684763580586,-189.0
23128.684826077417,-172.0
23128.684888574247,-154.0
23128.68495107108,-175.0
23128.685013567912,-188.0
23128.685076064743,-185.0
23128.685138561574,-195.0
23128.685201058404,-170.0
23128.68526355524,-163.0
23128.68532605207,-153.0
23128.6853885489,-125.0
23128.68545104573,-147.0
23128.68551354256,-145.0
23128.685576039396,-93.0
23128.685638536226,-105.0
23128.685701033057,-122.0
23128.685763529887,-155.0
23128.685826026718,-151.0
23128.685888523552,-127.0
23128.685951020383,-175.0
23128.686013517214,-176.0
23128.686076014044,-154.0
23128.68613851088,-131.0
23128.68620100771,-111.0
23128.68626350454,-99.0
23128.68632600137,-101.0
23128.6863884982,-115.0
23128.686450995036,-121.0
23128.686513491866,-94.0
23128.686575988697,-81.0
23128.686638485528,-133.0
23128.686700982358,-137.0
23128.686763479192,-132.0
23128.686825976023,-154.0
23128.686888472854,-134.0
23128.686950969684,-124.0
23128.687013466515,-137.0
23128.68707596335,-131.0
23128.68713846018,-132.0
23128.68720095701,-141.0
23128.68726345384,-139.0
23128.687325950676,-137.0
23128.687388447506,-138.0
23128.687450944337,-166.0
23128.687513441168,-149.0
23128.687575938,-94.0
23128.687638434832,-111.0
23128.687700931663,-129.0
23128.687763428494,-106.0
23128.687825925324,-87.0
23128.687888422155,-100.0
23128.68795091899,-99.0
23128.68801341582,-87.0
23128.68807591265,-80.0
23128.68813840948,-82.0
23128.688200906312,-80.0
23128.688263403146,-72.0
23128.688325899977,-87.0
23128.688388396808,-72.0
23128.68845089364,-77.0
23128.688513390473,-101.0
23128.688575887303,-62.0
23128.688638384134,-76.0
23128.688700880964,-87.0
23128.688763377795,-68.0
23128.68882587463,-67.0
23128.68888837146,-74.0
23128.68895086829,-81.0
23128.68901336512,-78.0
23128.689075861952,-72.0
23128.689138358786,-80.0
23128.689200855617,-88.0
23128.689263352448,-70.0
23128.68932584928,-88.0
23128.68938834611,-72.0
23128.689450842943,-52.0
23128.689513339774,-65.0
23128.689575836604,-38.0
23128.689638333435,-42.0
23128.68970083027,-42.0
23128.6897633271,-17.0
23128.68982582393,-33.0
23128.68988832076,-247.0
23128.689950817592,-355.0
23128.690013314426,-298.0
23128.690075811257,-297.0
23128.690138308088,-258.0
23128.69020080492,-281.0
23128.69026330175,-279.0
23128.690325798583,-217.0
23128.690388295414,-204.0
23128.690450792245,-211.0
23128.690513289075,-227.0
23128.690575785906,-175.0
23128.69063828274,-199.0
23128.69070077957,-241.0
23128.6907632764,-216.0
23128.690825773232,-180.0
23128.690888270066,-160.0
23128.690950766897,-167.0
23128.691013263728,-154.0
23128.69107576056,-151.0
23128.69113825739,-149.0
23128.691200754223,-126.0
23128.691263251054,-113.0
23128.691325747885,-116.0
23128.691388244715,-101.0
23128.691450741546,-119.0
23128.69151323838,-118.0
23128.69157573521,-53.0
23128.69163823204,-68.0
23128.691700728872,-56.0
23128.691763225703,-4.0
23128.691825722537,-12.0
23128.691888219368,-22.0
23128.6919507162,-18.0
23128.69201321303,-17.0
23128.692075709863,-44.0
23128.692138206694,-60.0
23128.692200703525,-56.0
23128.692263200355,-86.0
23128.692325697186,-130.0
23128.69238819402,-105.0
23128.69245069085,-86.0
23128.69251318768,-94.0
23128.692575684512,-48.0
23128.692638181343,-33.0
23128.692700678177,-58.0
23128.692763175008,-80.0
23128.69282567184,-76.0
23128.69288816867,-72.0
23128.6929506655,-63.0
23128.693013162334,-43.0
23128.693075659165,-19.0
23128.693138155995,17.0
23128.693200652826,45.0
23128.69326314966,73.0
23128.69332564649,64.0
23128.69338814332,88.0
23128.693450640152,96.0
23128.693513136983,83.0
23128.693575633817,120.0
23128.693638130648,120.0
23128.69370062748,115.0
23128.69376312431,78.0
23128.69382562114,90.0
23128.693888117974,113.0
23128.693950614805,73.0
23128.694013111635,104.0
23128.694075608466,129.0
23128.694138105297,103.0
23128.69420060213,126.0
23128.69426309896,117.0
23128.694325595792,104.0
23128.694388092623,135.0
23128.694450589457,90.0
23128.694513086288,77.0
23128.69457558312,138.0
23128.69463807995,135.0
23128.69470057678,127.0
23128.694763073614,119.0
23128.694825570445,97.0
23128.694888067275,89.0
23128.694950564106,104.0
23128.695013060937,92.0
23128.69507555777,103.0
23128.6951380546,108.0
23128.695200551432,95.0
23128.695263048263,122.0
23128.695325545094,97.0
23128.695388041928,97.0
23128.69545053876,63.0
23128.69551303559,51.0
23128.69557553242,147.0
23128.695638029254,97.0
23128.695700526085,48.0
23128.695763022915,66.0
23128.695825519746,68.0
23128.695888016577,92.0
23128.69595051341,104.0
23128.69601301024,78.0
23128.696075507072,88.0
23128.696138003903,77.0
23128.696200500734,66.0
23128.696262997568,86.0
23128.6963254944,65.0
23128.69638799123,72.0
23128.69645048806,30.0
23128.69651298489,17.0
23128.696575481725,54.0
23128.696637978555,44.0
23128.696700475386,35.0
23128.696762972217,26.0
23128.69682546905,26.0
23128.69688796588,39.0
23128.696950462712,58.0
23128.697012959543,63.0
23128.697075456374,68.0
23128.697137953208,70.0
23128.69720045004,49.0
23128.69726294687,40.0
23128.6973254437,50.0
23128.69738794053,69.0
23128.697450437365,41.0
23128.697512934195,11.0
23128.697575431026,55.0
23128.697637927857,42.0
23128.697700424687,26.0
23128.69776292152,37.0
23128.697825418352,30.0
23128.697887915183,38.0
23128.697950412014,57.0
23128.698012908848,69.0
23128.69807540568,56.0
23128.69813790251,24.0
23128.69820039934,40.0
23128.69826289617,34.0
23128.698325393005,-1.0
23128.698387889835,15.0
23128.698450386666,-6.0
23128.698512883497,-21.0
23128.698575380327,55.0
23128.69863787716,45.0
23128.698700373992,35.0
23128.698762870823,47.0
23128.698825367654,17.0
23128.698887864484,37.0
23128.69895036132,40.0
23128.69901285815,23.0
23128.69907535498,16.0
23128.69913785181,-4.0
23128.699200348645,28.0
23128.699262845475,32.0
23128.699325342306,15.0
23128.699387839137,50.0
23128.699450335967,-9.0
23128.6995128328,-27.0
23128.699575329632,70.0
23128.699637826463,20.0
23128.699700323294,11.0
23128.699762820124,33.0
23128.69982531696,35.0
23128.69988781379,257.0
23128.69995031062,340.0
23128.70001280745,286.0
23128.70007530428,303.0
23128.700137801115,298.0
23128.700200297946,291.0
23128.700262794777,255.0
23128.700325291607,243.0
23128.70038778844,227.0
23128.700450285272,177.0
23128.700512782103,213.0
23128.700575278934,258.0
23128.700637775764,202.0
23128.7007002726,164.0
23128.70076276943,167.0
23128.70082526626,188.0
23128.70088776309,228.0
23128.70095025992,227.0
23128.701012756756,170.0
23128.701075253586,152.0
23128.701137750417,128.0
23128.701200247247,134.0
23128.701262744078,162.0
23128.701325240912,163.0
23128.701387737743,156.0
23128.701450234574,87.0
23128.701512731404,89.0
23128.70157522824,163.0
23128.70163772507,129.0
23128.7017002219,74.0
23128.70176271873,27.0
23128.70182521556,-8.0
23128.701887712396,17.0
23128.701950209226,45.0
23128.702012706057,32.0
23128.702075202887,55.0
23128.702137699718,104.0
23128.702200196552,167.0
23128.702262693383,191.0
23128.702325190214,161.0
23128.702387687044,127.0
23128.702450183875,89.0
23128.70251268071,97.0
23128.70257517754,164.0
23128.70263767437,143.0
23128.7027001712,81.0
23128.702762668036,58.0
23128.702825164866,95.0
23128.702887661697,101.0
23128.702950158528,89.0
23128.703012655358,48.0
23128.703075152192,-13.0
23128.703137649023,-41.0
23128.703200145854,-61.0
23128.703262642684,-40.0
23128.703325139515,-38.0
23128.70338763635,-62.0
23128.70345013318,-104.0
23128.70351263001,-141.0
23128.70357512684,-126.0
23128.703637623672,-131.0
23128.703700120506,-88.0
23128.703762617337,-72.0
23128.703825114168,-126.0
23128.703887611,-145.0
23128.703950107832,-137.0
23128.704012604663,-120.0
23128.704075101494,-113.0
23128.704137598324,-80.0
23128.704200095155,-61.0
23128.70426259199,-90.0
23128.70432508882,-106.0
23128.70438758565,-131.0
23128.70445008248,-172.0
23128.704512579312,-179.0
23128.704575076146,-122.0
23128.704637572977,-128.0
23128.704700069808,-129.0
23128.70476256664,-141.0
23128.70482506347,-183.0
23128.704887560303,-189.0
23128.704950057134,-200.0
23128.705012553964,-189.0
23128.705075050795,-185.0
23128.70513754763,-181.0
23128.70520004446,-138.0
23128.70526254129,-121.0
23128.70532503812,-135.0
23128.705387534952,-140.0
23128.705450031786,-174.0
23128.705512528617,-175.0
23128.705575025448,-112.0
23128.70563752228,-138.0
23128.70570001911,-131.0
23128.705762515943,-87.0
23128.705825012774,-99.0
23128.705887509605,-96.0
23128.705950006435,-96.0
23128.706012503266,-76.0
23128.7060750001,-55.0
23128.70613749693,-64.0
23128.70619999376,-53.0
23128.706262490592,-30.0
23128.706324987426,-57.0
23128.706387484257,-59.0
23128.706449981088,-50.0
23128.70651247792,-72.0
23128.70657497475,-48.0
23128.706637471583,-26.0
23128.706699968414,-20.0
23128.706762465245,-17.0
23128.706824962075,7.0
23128.706887458906,4.0
23128.70694995574,-19.0
23128.70701245257,-15.0
23128.7070749494,-8.0
23128.707137446232,2.0
23128.707199943063,-2.0
23128.707262439897,6.0
23128.707324936728,10.0
23128.70738743356,12.0
23128.70744993039,8.0
23128.707512427223,-10.0
23128.707574924054,28.0
23128.707637420885,33.0
23128.707699917715,23.0
23128.707762414546,16.0
23128.70782491138,19.0
23128.70788740821,25.0
23128.70794990504,22.0
23128.708012401872,-5.0
23128.708074898703,-33.0
23128.708137395537,-10.0
23128.708199892368,26.0
23128.7082623892,23.0
23128.70832488603,-2.0
23128.70838738286,5.0
23128.708449879694,11.0
23128.708512376525,7.0
23128.708574873355,20.0
23128.708637370186,-4.0
23128.70869986702,-11.0
23128.70876236385,-16.0
23128.70882486068,-21.0
23128.708887357512,-18.0
23128.708949854343,-1.0
23128.709012351177,27.0
23128.709074848008,9.0
23128.70913734484,-11.0
23128.70919984167,11.0
23128.7092623385,4.0
23128.709324835334,-24.0
23128.709387332165,12.0
23128.709449828995,-1.0
23128.709512325826,-49.0
23128.709574822657,-8.0
23128.70963731949,14.0
23128.70969981632,-19.0
23128.709762313152,-18.0
23128.709824809983,1.0
23128.709887306817,-256.0
23128.709949803648,-376.0
23128.71001230048,-281.0
23128.71007479731,-307.0
23128.71013729414,-280.0
23128.710199790974,-238.0
23128.710262287805,-233.0
23128.710324784635,-237.0
23128.710387281466,-211.0
23128.710449778297,-240.0
23128.71051227513,-258.0
23128.71057477196,-194.0
23128.710637268792,-219.0
23128.710699765623,-239.0
23128.710762262453,-207.0
23128.710824759288,-222.0
23128.71088725612,-208.0
23128.71094975295,-190.0
23128.71101224978,-187.0
23128.711074746614,-179.0
23128.711137243445,-195.0
23128.711199740275,-185.0
23128.711262237106,-179.0
23128.711324733937,-168.0
23128.71138723077,-125.0
23128.7114497276,-151.0
23128.711512224432,-147.0
23128.711574721263,-93.0
23128.711637218094,-125.0
23128.711699714928,-98.0
23128.71176221176,-54.0
23128.71182470859,-65.0
23128.71188720542,-40.0
23128.71194970225,-12.0
23128.712012199085,-34.0
23128.712074695915,-82.0
23128.712137192746,-111.0
23128.712199689577,-163.0
23128.71226218641,-189.0
23128.71232468324,-154.0
23128.712387180072,-124.0
23128.712449676903,-136.0
23128.712512173734,-137.0
23128.712574670568,-120.0
23128.7126371674,-156.0
23128.71269966423,-140.0
23128.71276216106,-119.0
23128.71282465789,-111.0
23128.712887154725,-89.0
23128.712949651555,-89.0
23128.713012148386,-92.0
23128.713074645217,-67.0
23128.713137142047,-32.0
23128.71319963888,16.0
23128.713262135712,44.0
23128.713324632543,25.0
23128.713387129374,28.0
23128.713449626208,15.0
23128.71351212304,22.0
23128.71357461987,94.0
23128.7136371167,108.0
23128.71369961353,82.0
23128.713762110365,73.0
23128.713824607195,37.0
23128.713887104026,28.0
23128.713949600857,56.0
23128.714012097687,44.0
23128.71407459452,56.0
23128.714137091352,111.0
23128.714199588183,101.0
23128.714262085014,89.0
23128.714324581844,98.0
23128.71438707868,79.0
23128.71444957551,59.0
23128.71451207234,66.0
23128.71457456917,132.0
23128.714637066005,122.0
23128.714699562835,116.0
23128.714762059666,162.0
23128.714824556497,163.0
23128.714887053327,157.0
23128.71494955016,177.0
23128.715012046992,146.0
23128.715074543823,134.0
23128.715137040654,156.0
23128.715199537484,116.0
23128.71526203432,110.0
23128.71532453115,106.0
23128.71538702798,137.0
23128.71544952481,149.0
23128.71551202164,122.0
23128.715574518475,176.0
23128.715637015306,160.0
23128.715699512137,147.0
23128.715762008967,169.0
23128.7158245058,162.0
23128.715887002632,153.0
23128.715949499463,162.0
23128.716011996294,164.0
23128.716074493124,132.0
23128.71613698996,132.0
23128.71619948679,117.0
23128.71626198362,110.0
23128.71632448045,91.0
23128.71638697728,98.0
23128.716449474116,91.0
23128.716511970946,60.0
23128.716574467777,116.0
23128.716636964607,96.0
23128.716699461438,107.0
23128.716761958272,120.0
23128.716824455103,69.0
23128.716886951934,86.0
23128.716949448764,109.0
23128.7170119456,117.0
23128.71707444243,122.0
23128.71713693926,111.0
23128.71719943609,95.0
23128.71726193292,92.0
23128.717324429756,86.0
23128.717386926586,124.0
23128.717449423417,100.0
23128.717511920247,71.0
23128.717574417078,133.0
23128.717636913912,112.0
23128.717699410743,102.0
23128.717761907574,109.0
23128.717824404404,113.0
23128.717886901235,104.0
23128.71794939807,90.0
23128.7180118949,83.0
23128.71807439173,82.0
23128.71813688856,102.0
23128.718199385396,100.0
23128.718261882226,86.0
23128.718324379057,91.0
23128.718386875888,88.0
23128.718449372718,78.0
23128.718511869552,73.0
23128.718574366383,103.0
23128.718636863214,90.0
23128.718699360044,80.0
23128.718761856875,78.0
23128.71882435371,71.0
23128.71888685054,73.0
23128.71894934737,78.0
23128.7190118442,74.0
23128.719074341032,47.0
23128.719136837866,58.0
23128.719199334697,71.0
23128.719261831528,62.0
23128.71932432836,67.0
23128.719386825192,82.0
23128.719449322023,50.0
23128.719511818854,44.0
23128.719574315684,122.0
23128.719636812515,76.0
23128.71969930935,52.0
23128.71976180618,66.0
23128.71982430301,66.0
23128.71988679984,277.0
23128.719949296672,364.0
23128.720011793506,326.0
23128.720074290337,348.0
23128.720136787168,307.0
23128.720199284,315.0
23128.72026178083,314.0
23128.720324277663,271.0
23128.720386774494,252.0
23128.720449271324,203.0
23128.720511768155,203.0
23128.72057426499,256.0
23128.72063676182,270.0
23128.72069925865,281.0
23128.72076175548,310.0
23128.720824252312,271.0
23128.720886749146,225.0
23128.720949245977,224.0
23128.721011742808,208.0
23128.72107423964,216.0
23128.72113673647,205.0
23128.721199233303,214.0
23128.721261730134,197.0
23128.721324226964,165.0
23128.721386723795,178.0
23128.721449220626,128.0
23128.72151171746,93.0
23128.72157421429,148.0
23128.72163671112,159.0
23128.721699207952,129.0
23128.721761704786,81.0
23128.721824201617,58.0
23128.721886698448,24.0
23128.72194919528,34.0
23128.72201169211,103.0
23128.722074188943,145.0
23128.722136685774,162.0
23128.722199182605,161.0
23128.722261679435,142.0
23128.722324176266,154.0
23128.7223866731,179.0
23128.72244916993,160.0
23128.72251166676,121.0
23128.722574163592,131.0
23128.722636660423,94.0
23128.722699157257,98.0
23128.722761654088,156.0
23128.72282415092,126.0
23128.72288664775,85.0
23128.722949144583,83.0
23128.723011641414,50.0
23128.723074138245,30.0
23128.723136635075,66.0
23128.723199131906,44.0
23128.72326162874,-28.0
23128.72332412557,-64.0
23128.7233866224,-36.0
23128.723449119232,-54.0
23128.723511616063,-91.0
23128.723574112897,-54.0
23128.723636609728,-102.0
23128.72369910656,-111.0
23128.72376160339,-53.0
23128.72382410022,-54.0
23128.723886597054,-92.0
23128.723949093885,-112.0
23128.724011590715,-82.0
23128.724074087546,-56.0
23128.72413658438,-36.0
23128.72419908121,-58.0
23128.72426157804,-101.0
23128.724324074872,-94.0
23128.724386571703,-56.0
23128.724449068537,-81.0
23128.724511565368,-87.0
23128.7245740622,-59.0
23128.72463655903,-134.0
23128.72469905586,-144.0
23128.724761552694,-69.0
23128.724824049525,-54.0
23128.724886546355,-94.0
23128.724949043186,-81.0
23128.725011540017,-88.0
23128.72507403685,-116.0
23128.72513653368,-103.0
23128.725199030512,-96.0
23128.725261527343,-77.0
23128.725324024177,-78.0
23128.725386521008,-79.0
23128.72544901784,-109.0
23128.72551151467,-138.0
23128.7255740115,-79.0
23128.725636508334,-75.0
23128.725699005165,-63.0
23128.725761501995,-11.0
23128.725823998826,-28.0
23128.725886495657,-93.0
23128.72594899249,-96.0
23128.72601148932,-88.0
23128.726073986152,-88.0
23128.726136482983,-43.0
23128.726198979813,-65.0
23128.726261476648,-47.0
23128.72632397348,-29.0
23128.72638647031,-38.0
23128.72644896714,-43.0
23128.726511463974,-35.0
23128.726573960805,15.0
23128.726636457635,13.0
23128.726698954466,-5.0
23128.726761451297,-18.0
23128.72682394813,-38.0
23128.72688644496,-21.0
23128.726948941792,-23.0
23128.727011438623,-41.0
23128.727073935454,-19.0
23128.727136432288,-31.0
23128.72719892912,-23.0
23128.72726142595,-10.0
23128.72732392278,-37.0
23128.72738641961,-41.0
23128.727448916445,-49.0
23128.727511413275,-47.0
23128.727573910106,-15.0
23128.727636406937,-14.0
23128.72769890377,-15.0
23128.7277614006,-14.0
23128.727823897432,-29.0
23128.727886394263,-16.0
23128.727948891094,-11.0
23128.728011387928,-16.0
23128.72807388476,-14.0
23128.72813638159,1.0
23128.72819887842,-3.0
23128.72826137525,4.0
23128.728323872085,27.0
23128.728386368915,4.0
23128.728448865746,-17.0
23128.728511362577,-23.0
23128.728573859407,-5.0
23128.72863635624,-4.0
23128.728698853072,-26.0
23128.728761349903,-23.0
23128.728823846734,-5.0
23128.728886343568,9.0
23128.7289488404,12.0
23128.72901133723,7.0
23128.72907383406,-5.0
23128.72913633089,-13.0
23128.729198827725,-36.0
23128.729261324555,-20.0
23128.729323821386,-8.0
23128.729386318217,-29.0
23128.729448815047,-49.0
23128.72951131188,-56.0
23128.729573808712,-38.0
23128.729636305543,-22.0
23128.729698802374,-35.0
23128.729761299204,-32.0
23128.72982379604,-32.0
23128.72988629287,-287.0
23128.7299487897,-389.0
23128.73001128653,-314.0
23128.730073783365,-321.0
23128.730136280195,-299.0
23128.730198777026,-284.0
23128.730261273857,-261.0
23128.730323770687,-269.0
23128.73038626752,-242.0
23128.730448764352,-245.0
23128.730511261183,-274.0
23128.730573758014,-192.0
23128.730636254844,-180.0
23128.73069875168,-210.0
23128.73076124851,-232.0
23128.73082374534,-225.0
23128.73088624217,-181.0
23128.730948739,-190.0
23128.731011235835,-195.0
23128.731073732666,-216.0
23128.731136229497,-218.0
23128.731198726327,-151.0
23128.73126122316,-158.0
23128.731323719992,-175.0
23128.731386216823,-162.0
23128.731448713654,-170.0
23128.731511210484,-154.0
23128.73157370732,-128.0
23128.73163620415,-116.0
23128.73169870098,-42.0
23128.73176119781,4.0
23128.73182369464,-10.0
23128.731886191475,12.0
23128.731948688306,31.0
23128.732011185137,-22.0
23128.732073681967,-82.0
23128.732136178798,-90.0
23128.732198675632,-112.0
23128.732261172463,-127.0
23128.732323669294,-119.0
23128.732386166124,-92.0
23128.73244866296,-85.0
23128.73251115979,-109.0
23128.73257365662,-81.0
23128.73263615345,-86.0
23128.73269865028,-110.0
23128.732761147116,-87.0
23128.732823643946,-66.0
23128.732886140777,-52.0
23128.732948637607,-33.0
23128.733011134438,-12.0
23128.733073631272,-9.0
23128.733136128103,-7.0
23128.733198624934,41.0
23128.733261121764,48.0
23128.733323618595,66.0
23128.73338611543,127.0
23128.73344861226,77.0
23128.73351110909,56.0
23128.73357360592,118.0
23128.733636102756,75.0
23128.733698599586,73.0
23128.733761096417,128.0
23128.733823593248,145.0
23128.733886090078,136.0
23128.733948586912,100.0
23128.734011083743,79.0
23128.734073580574,61.0
23128.734136077404,64.0
23128.734198574235,83.0
23128.73426107107,91.0
23128.7343235679,91.0
23128.73438606473,100.0
23128.73444856156,91.0
23128.734511058392,67.0
23128.734573555226,150.0
23128.734636052057,181.0
23128.734698548888,135.0
23128.73476104572,122.0
23128.734823542552,99.0
23128.734886039383,78.0
23128.734948536214,96.0
23128.735011033044,140.0
23128.735073529875,156.0
23128.73513602671,123.0
23128.73519852354,114.0
23128.73526102037,126.0
23128.7353235172,53.0
23128.735386014032,53.0
23128.735448510866,90.0
23128.735511007697,66.0
23128.735573504528,124.0
23128.73563600136,116.0
23128.73569849819,61.0
23128.735760995023,62.0
23128.735823491854,75.0
23128.735885988684,66.0
23128.735948485515,51.0
23128.73601098235,60.0
23128.73607347918,64.0
23128.73613597601,76.0
23128.73619847284,124.0
23128.736260969672,112.0
23128.736323466506,66.0
23128.736385963337,67.0
23128.736448460168,42.0
23128.736510957,46.0
23128.73657345383,82.0
23128.736635950663,59.0
23128.736698447494,59.0
23128.736760944324,49.0
23128.736823441155,48.0
23128.736885937986,43.0
23128.73694843482,34.0
23128.73701093165,50.0
23128.73707342848,32.0
23128.737135925312,38.0
23128.737198422146,41.0
23128.737260918977,9.0
23128.737323415808,-5.0
23128.73738591264,17.0
23128.73744840947,-6.0
23128.737510906303,-33.0
23128.737573403134,35.0
23128.737635899965,24.0
23128.737698396795,3.0
23128.737760893626,34.0
23128.73782339046,24.0
23128.73788588729,16.0
23128.73794838412,19.0
23128.738010880952,15.0
23128.738073377783,23.0
23128.738135874617,16.0
23128.738198371448,-18.0
23128.73826086828,-10.0
23128.73832336511,14.0
23128.738385861943,7.0
23128.738448358774,-8.0
23128.738510855605,-20.0
23128.738573352435,15.0
23128.738635849266,7.0
23128.7386983461,-19.0
23128.73876084293,1.0
23128.73882333976,4.0
23128.738885836592,12.0
23128.738948333423,29.0
23128.739010830257,18.0
23128.739073327088,2.0
23128.73913582392,0.0
23128.73919832075,-11.0
23128.73926081758,-15.0
23128.739323314414,-9.0
23128.739385811245,-17.0
23128.739448308075,-33.0
23128.739510804906,-50.0
23128.73957330174,-9.0
23128.73963579857,-21.0
23128.7396982954,-21.0
23128.739760792232,-37.0
23128.739823289063,-29.0
23128.739885785897,217.0
23128.739948282728,282.0
23128.74001077956,199.0
23128.74007327639,210.0
23128.74013577322,186.0
23128.740198270054,189.0
23128.740260766885,191.0
23128.740323263715,177.0
23128.740385760546,166.0
23128.740448257377,141.0
23128.74051075421,148.0
23128.74057325104,160.0
23128.740635747872,147.0
23128.740698244703,145.0
23128.740760741537,156.0
23128.740823238368,144.0
23128.7408857352,126.0
23128.74094823203,130.0
23128.74101072886,170.0
23128.741073225694,193.0
23128.741135722525,141.0
23128.741198219355,139.0
23128.741260716186,154.0
23128.741323213017,106.0
23128.74138570985,102.0
23128.74144820668,85.0
23128.741510703512,58.0
23128.741573200343,119.0
23128.741635697173,103.0
23128.741698194008,51.0
23128.74176069084,55.0
23128.74182318767,29.0
23128.7418856845,-11.0
23128.741948181334,4.0
23128.742010678165,19.0
23128.742073174995,38.0
23128.742135671826,84.0
23128.742198168657,124.0
23128.74226066549,168.0
23128.74232316232,166.0
23128.742385659152,158.0
23128.742448155983,107.0
23128.742510652814,67.0
23128.742573149648,120.0
23128.74263564648,109.0
23128.74269814331,87.0
23128.74276064014,104.0
23128.74282313697,99.0
23128.742885633805,92.0
23128.742948130635,56.0
23128.743010627466,-2.0
23128.743073124297,-15.0
23128.74313562113,-38.0
23128.74319811796,-41.0
23128.743260614792,-20.0
23128.743323111623,-41.0
23128.743385608454,-71.0
23128.743448105288,-118.0
23128.74351060212,-151.0
23128.74357309895,-95.0
23128.74363559578,-91.0
23128.74369809261,-125.0
23128.743760589445,-148.0
23128.743823086275,-165.0
23128.743885583106,-172.0
23128.743948079937,-130.0
23128.744010576767,-70.0
23128.7440730736,-64.0
23128.744135570432,-103.0
23128.744198067263,-138.0
23128.744260564094,-133.0
23128.744323060928,-113.0
23128.74438555776,-95.0
23128.74444805459,-98.0
23128.74451055142,-159.0
23128.74457304825,-150.0
23128.744635545085,-139.0
23128.744698041915,-153.0
23128.744760538746,-139.0
23128.744823035577,-183.0
23128.744885532407,-211.0
23128.74494802924,-167.0
23128.745010526072,-140.0
23128.745073022903,-155.0
23128.745135519734,-188.0
23128.745198016564,-185.0
23128.7452605134,-158.0
23128.74532301023,-154.0
23128.74538550706,-120.0
23128.74544800389,-145.0
23128.745510500725,-194.0
23128.745572997555,-124.0
23128.745635494386,-97.0
23128.745697991217,-104.0
23128.745760488047,-113.0
23128.74582298488,-151.0
23128.745885481712,-145.0
23128.745947978543,-132.0
23128.746010475374,-120.0
23128.746072972204,-97.0
23128.74613546904,-56.0
23128.74619796587,-47.0
23128.7462604627,-92.0
23128.74632295953,-80.0
23128.74638545636,-59.0
23128.746447953195,-94.0
23128.746510450026,-95.0
23128.746572946857,-54.0
23128.746635443687,-55.0
23128.74669794052,-56.0
23128.746760437352,-59.0
23128.746822934183,-62.0
23128.746885431014,-66.0
23128.746947927844,-73.0
23128.74701042468,-53.0
23128.74707292151,-65.0
23128.74713541834,-79.0
23128.74719791517,-55.0
23128.747260412,-30.0
23128.747322908835,-46.0
23128.747385405666,-58.0
23128.747447902497,-65.0
23128.747510399327,-86.0
23128.747572896158,-43.0
23128.747635392992,-57.0
23128.747697889823,-89.0
23128.747760386654,-59.0
23128.747822883484,-65.0
23128.74788538032,-78.0
23128.74794787715,-75.0
23128.74801037398,-58.0
23128.74807287081,-65.0
23128.74813536764,-61.0
23128.748197864476,-24.0
23128.748260361306,-47.0
23128.748322858137,-73.0
23128.748385354967,-48.0
23128.748447851798,-46.0
23128.748510348632,-62.0
23128.748572845463,-11.0
23128.748635342294,-10.0
23128.748697839124,-55.0
23128.748760335955,-35.0
23128.74882283279,-29.0
23128.74888532962,-51.0
