Time,TrialID,LKnee_speed,LHeel_speed,RHeel_speed,RWrist_speed,RWrist_vert_vel,LElbow_speed,RHip_speed,Head_speed,RShoulder_speed,RElbow_speed,LWrist_speed,LWrist_vert_vel,LHip_speed,RKnee_speed,LShoulder_speed,LKnee_speed_movement,LKnee_speed_event,LHeel_speed_movement,LHeel_speed_event,RHeel_speed_movement,RHeel_speed_event,RWrist_speed_movement,RWrist_speed_event,LElbow_speed_movement,LElbow_speed_event,RHip_speed_movement,RHip_speed_event,Head_speed_movement,Head_speed_event,RShoulder_speed_movement,RShoulder_speed_event,RElbow_speed_movement,RElbow_speed_event,LWrist_speed_movement,LWrist_speed_event,LHip_speed_movement,LHip_speed_event,RKnee_speed_movement,RKnee_speed_event,LShoulder_speed_movement,LShoulder_speed_event,RWrist_vert_vel_movement,RWrist_vert_vel_movement_event,LWrist_vert_vel_movement,LWrist_vert_vel_movement_event
0.0,0_1_53_p1,4.968932477992646,1.1892791139046222,0.0,1.4348661843085293,1.4551102822648645,0.7447822140996844,2.418965440270098,2.68322064587246,4.995904088573283,4.391870966744078,3.5379948459205464,2.257475712911753,0.0,1.0903594029946178,4.529432699855755,0,0,0,0,0,0,0,0,0,0,0,0,0,0,0,0,0,0,0,0,0,0,0,0,0,0,0,0,0,0
16.6666666666666,0_1_53_p1,4.968932477992646,1.1892791139046222,0.0,1.4348661843085293,1.4551102822648645,0.7447822140996844,2.418965440270098,2.68322064587246,4.995904088573283,4.391870966744078,3.5379948459205464,2.257475712911753,0.0,1.0903594029946178,4.529432699855755,0,0,0,0,0,0,0,0,0,0,0,0,0,0,0,0,0,0,0,0,0,0,0,0,0,0,0,0,0,0
33.3333333333333,0_1_53_p1,4.904723257062872,1.2084940006803435,5.873047320705832,1.4442335851620822,1.3641097618287783,0.8285664872355081,2.46388256252949,2.7864939719617783,4.87008576838234,4.25731471745797,3.4686685262990533,2.095344465577104,4.70068524242878,1.2258256223127202,4.39347964216523,0,0,0,0,0,0,0,0,0,0,0,0,0,0,0,0,0,0,0,0,0,0,0,0,0,0,0,0,0,0
50.0,0_1_53_p1,4.840514036133098,1.227708887456065,5.873047320704853,1.4536009860156351,1.273109241392692,0.9123507603713318,2.5087996847888814,2.889767298051096,4.744267448191398,4.122758468171864,3.39934220667756,1.9332132182424544,4.700685242428242,1.3612918416308226,4.257526584474705,0,0,0,0,0,0,0,0,0,0,0,0,0,0,0,0,0,0,0,0,0,0,0,0,0,0,0,0,0,0
66.6666666666666,0_1_53_p1,4.776304815203324,1.246923774231787,5.873047320704923,1.4629683868691885,1.182108720956606,0.9961350335071556,2.553716807048273,2.9930406241404146,4.618449128000455,3.988202218885757,3.3300158870560663,1.771081970907805,4.700685242429244,1.4967580609489248,4.12157352678418,0,0,0,0,0,0,0,0,0,0,0,0,0,0,0,0,0,0,0,0,0,0,0,0,0,0,0,0,0,0
83.3333333333333,0_1_53_p1,4.712095594273551,1.2661386610075085,5.873047320704993,1.4723357877227412,1.0911082005205202,1.079919306642979,2.598633929307665,3.096313950229733,4.492630807809512,3.85364596959965,3.2606895674345733,1.6089507235731553,4.700685242429489,1.6322242802670273,3.985620469093656,0,0,0,0,0,0,0,0,0,0,0,0,0,0,0,0,0,0,0,0,0,0,0,0,0,0,0,0,0,0
99.9999999999999,0_1_53_p1,4.647886373343777,1.28535354778323,5.873047320705274,1.481703188576294,1.000107680084434,1.163703579778803,2.643551051567057,3.199587276319051,4.366812487618569,3.7190897203135433,3.19136324781308,1.4468194762385058,4.7006852424287,1.7676904995851297,3.8496674114031295,0,0,0,0,0,0,0,0,0,0,0,0,0,0,0,0,0,0,0,0,0,0,0,0,0,0,0,0,0,0
116.6666666666666,0_1_53_p1,4.583677152414003,1.3045684345589517,5.873047320704993,1.491070589429847,0.909107159648348,1.2474878529146265,2.688468173826448,3.3028606024083693,4.240994167427626,3.584533471027436,3.1220369281915867,1.2846882289038564,4.700685242428095,1.903156718903232,3.713714353712605,0,0,0,0,0,0,0,0,0,0,0,0,0,0,0,0,0,0,0,0,0,0,0,0,0,0,0,0,0,0
133.33333333333331,0_1_53_p1,4.519467931484229,1.3237833213346732,5.873047320705479,1.5004379902834002,0.8181066392122621,1.33127212605045,2.73338529608584,3.406133928497688,4.115175847236683,3.449977221741328,3.052710608570094,1.1225569815692067,4.700685242428484,2.0386229382213346,3.57776129602208,0,0,0,0,0,0,0,0,0,0,0,0,0,0,0,0,0,0,0,0,0,0,0,0,0,0,0,0,0,0
150.0,0_1_53_p1,4.455258710554455,1.3429982081103948,4.598054759597901,1.637912798293234,0.8465373328224377,1.4329870894509795,2.778302418345232,3.607009779905275,4.219774277304276,3.547831510346792,3.1708992935308014,1.2127528661153262,9.260079849326011,2.174089157539437,3.711543832238665,0,0,0,0,0,0,0,0,0,0,0,0,0,0,0,0,0,0,0,0,0,0,0,0,0,0,0,0,0,0
166.6666666666666,0_1_53_p1,4.391049489624681,1.3622130948861164,5.9469516009072745,1.598006761936171,0.772782105942726,1.4143375846646171,2.823219540604623,3.452854540979345,4.018036015446054,3.2495602765733222,3.0168468917924414,1.1485123535026984,6.244726509546517,2.3095553768575394,3.619674059933937,0,0,0,0,0,0,0,0,0,0,0,0,0,0,0,0,0,0,0,0,0,0,0,0,0,0,0,0,0,0
183.3333333333333,0_1_53_p1,4.326840268694907,1.381427981661838,7.742203347470796,1.5103948200866282,0.6789727343209521,1.3641829803105192,2.868136662864015,3.279283731296188,3.908168467255343,3.062323912838913,2.8251417084408663,1.0469750789874606,5.1967887581194905,2.445021596175642,3.625804020863146,0,0,0,0,0,0,0,0,0,0,0,0,0,0,0,0,0,0,0,0,0,0,0,0,0,0,0,0,0,0
199.9999999999999,0_1_53_p1,4.262631047765133,1.4006428684375596,7.900226270935765,1.4471291898533516,0.5652835308572163,1.356928203967946,2.913053785123407,3.1377174221336035,3.799878201976458,2.894759385937216,2.631130758815498,0.9191205850202115,2.674227750751352,2.5804878154937443,3.6797642240964334,0,0,0,0,0,0,0,0,0,0,0,0,0,0,0,0,0,0,0,0,0,0,0,0,0,0,0,0,0,0
216.6666666666666,0_1_53_p1,4.19842182683536,1.4198577552132812,6.389784847781527,1.4390783893071055,0.4435250446966005,1.4054760004118072,2.9579709073827987,3.0215741762497865,3.624885166014657,2.7109036730012144,2.498078536370793,0.79006350588614,4.09876046236956,2.7159540348118467,3.696143535341477,0,0,0,0,0,0,0,0,0,0,0,0,0,0,0,0,0,0,0,0,0,0,0,0,0,0,0,0,0,0
233.3333333333333,0_1_53_p1,4.134212605905586,1.4390726419890028,4.336500528049785,1.4628183762149076,0.3314990765427134,1.4808171468544655,3.00288802964219,2.958103092683176,3.468588355191358,2.588624722453422,2.41407010819014,0.6817524480901244,4.6987413465992285,2.851420254129949,3.6166950140664618,0,0,0,0,0,0,0,0,0,0,0,0,0,0,0,0,0,0,0,0,0,0,0,0,0,0,0,0,0,0
249.9999999999999,0_1_53_p1,4.070003384975812,1.4582875287647243,2.869958993881489,1.4636274628600314,0.2398554652850185,1.5282241686582432,3.047805151901582,2.9685011684188822,3.303947941724738,2.482114392377415,2.331133084311249,0.6092876276949268,3.4691300414516246,2.986886473448052,3.445146895185021,0,0,0,0,0,0,0,0,0,0,0,0,0,0,0,0,0,0,0,0,0,0,0,0,0,0,0,0,0,0
266.66666666666663,0_1_53_p1,4.005794164046038,1.477502415540446,2.142605833094361,1.4110892629703955,0.1710949352304571,1.5122358473498163,3.0927222741609737,3.042441481724814,3.042974397743047,2.3400106002377687,2.227816326905177,0.5748423241832098,2.088702672760109,3.122352692766154,3.222925334090775,0,0,0,0,0,0,0,0,0,0,0,0,0,0,0,0,0,0,0,0,0,0,0,0,0,0,0,0,0,0
283.3333333333333,0_1_53_p1,3.941584943116264,1.4967173023161675,1.5386968573804076,1.35339101474631,0.1312182771261805,1.4275478021673749,3.137639396420365,3.2306189263731486,2.716142605655031,2.1836535692446635,2.2263274658766496,0.6041863202864604,4.036940729327951,3.2578189120842564,2.917324136528997,0,0,0,0,0,0,0,0,0,0,0,0,0,0,0,0,0,0,0,0,0,0,0,0,0,0,0,0,0,0
300.0,0_1_53_p1,3.8773757221864895,1.515932189091889,1.2366458772420126,1.3673391134514523,0.1388545069960119,1.3687456282571049,3.182556518679757,3.3214167924801794,2.518425933905767,2.089206611835505,2.195933787473184,0.7226101187927741,6.653363138848065,3.393285131402359,2.684708617459923,0,0,0,0,0,0,0,0,0,0,0,0,0,0,0,0,0,0,0,0,0,0,0,0,0,0,0,0,0,0
316.6666666666666,0_1_53_p1,3.813166501256717,1.535147075867611,2.845824722341546,1.4498747142127304,0.1875430901244787,1.3923251153857483,3.2274736409391487,3.2780952668221914,2.306143864967415,1.9764577027869832,2.119619427304114,0.8900829367604236,7.876597281259769,3.5287513507204613,2.5104306222379846,0,0,0,0,0,0,0,0,0,0,0,0,0,0,0,0,0,0,0,0,0,0,0,0,0,0,0,0,0,0
333.3333333333333,0_1_53_p1,3.748957280326943,1.5543619626433325,5.091588456557924,1.5765440255997192,0.2602211550988335,1.5080642127000334,3.2723907631985405,3.1884606336183348,2.296890626580061,1.903629167964352,2.1202650985151683,1.1050466658466602,7.151982818274789,3.664217570038564,2.4588710753440424,0,0,0,0,0,0,0,0,0,0,0,0,0,0,0,0,0,0,0,0,0,0,0,0,0,0,0,0,0,0
350.0,0_1_53_p1,3.816585873094847,1.625799036662561,7.050155559996936,1.666082537954318,0.3364448515406771,1.6283760179806148,3.4282857684975228,3.1159369193371496,2.3596404930523285,1.963505102082126,2.249282730925067,1.364463134961173,5.390481987945432,3.901051450424902,2.474114943421755,0,0,0,0,0,0,0,0,0,0,0,0,0,0,0,0,0,0,0,0,0,0,0,0,0,0,0,0,0,0
366.6666666666666,0_1_53_p1,3.759945429397409,1.6618855378630133,8.25718799810565,1.6927911723600757,0.4029394366055223,1.712528389458607,3.512147452383067,3.1217144728675628,2.3718905887281885,2.0277870841597,2.452663707827788,1.6127245256892633,4.197476656312388,4.054441473933999,2.536995944304322,0,0,0,0,0,0,0,0,0,0,0,0,0,0,0,0,0,0,0,0,0,0,0,0,0,0,0,0,0,0
383.3333333333333,0_1_53_p1,3.7071027095894618,1.690292037271456,8.579090614140883,1.6599866857107182,0.4607998511352501,1.7699610471771898,3.59913732706667,3.230416403707838,2.298250442152939,2.048179944910983,2.6243102069834787,1.7707072247263838,4.087134072229697,4.23085685888087,2.5937642143009225,0,0,0,0,0,0,0,0,0,0,0,0,0,0,0,0,0,0,0,0,0,0,0,0,0,0,0,0,0,0
399.9999999999999,0_1_53_p1,3.658859320991701,1.722162572355805,8.28791365280257,1.6228757731587329,0.5236170786537014,1.805665445401576,3.6833760267413576,3.446410309427579,2.275790816545268,2.117028662113504,2.691781528663612,1.8101561580751064,4.5975761128262285,4.403680047011191,2.575148904754695,0,0,0,0,0,0,0,0,0,0,0,0,0,0,0,0,0,0,0,0,0,0,0,0,0,0,0,0,0,0
416.6666666666666,0_1_53_p1,3.6144576503781103,1.7617173321499795,8.004438774404589,1.6417327014765664,0.6043660858061642,1.81579435110283,3.7605290463494905,3.7552355702562528,2.174687141602715,2.282243114215933,2.677873110571657,1.7779368485910862,5.530660958130731,4.556523988498806,2.393435038244986,0,0,0,0,0,0,0,0,0,0,0,0,0,0,0,0,0,0,0,0,0,0,0,0,0,0,0,0,0,0
433.3333333333333,0_1_53_p1,3.5783879368238347,1.7934249450170454,8.061723808634806,1.713772143837848,0.7080069604642761,1.7949268899508246,3.83217683647835,4.035692019034683,2.009474451843337,2.321620545169048,2.623451404741069,1.737045244382305,6.843262700056086,4.691098631591513,2.178463451053565,0,0,0,0,0,0,0,0,0,0,0,0,0,0,0,0,0,0,0,0,0,0,0,0,0,0,0,0,0,0
449.9999999999999,0_1_53_p1,3.589064067836893,1.806280871146306,7.957874071934217,1.777483742618266,0.8360971558549599,1.7780603138717457,3.901991530347076,4.1943860545612806,1.885922263198364,2.375544475402523,2.581435554772754,1.7146059112266738,7.962066676679592,4.799769815575918,1.9519710076397705,0,0,0,0,0,0,0,0,0,0,0,0,0,0,0,0,0,0,0,0,0,0,0,0,0,0,0,0,0,0
466.6666666666666,0_1_53_p1,3.696972931820412,1.8208131280178663,7.000946788573528,1.8225617675941737,0.9846018386941772,1.724389231413194,3.974496930426222,4.211098531031883,1.7950418622854691,2.516611703830686,2.494935291443348,1.704335254408424,8.250531023423179,4.896726724457014,1.720779511422544,0,0,0,0,0,0,0,0,0,0,0,0,0,0,0,0,0,0,0,0,0,0,0,0,0,0,0,0,0,0
483.33333333333326,0_1_53_p1,3.8958929479958657,1.86349113019176,5.632181135923751,1.876505897667193,1.138122812457115,1.6305540548208484,4.01512966290083,4.089704257773352,1.6430411735990358,2.6371573692592394,2.359480315894217,1.6781752921305932,8.016348960172847,5.068016414028222,1.541488521112325,0,0,0,0,0,0,0,0,0,0,0,0,0,0,0,0,0,0,0,0,0,0,0,0,0,0,0,0,0,0
499.9999999999999,0_1_53_p1,4.128948224232063,1.929668915561116,4.921332097811994,1.9743556427875824,1.2770257495886628,1.5321091241532927,4.109902965044844,3.8943203966270055,1.495494163857635,2.7054940161447023,2.213623928752612,1.6080330578346642,7.889333501727068,5.30342856597636,1.452749128587054,0,0,0,0,0,0,0,0,0,0,0,0,0,0,0,0,0,0,0,0,0,0,0,0,0,0,0,0,0,0
516.6666666666666,0_1_53_p1,4.274454949877789,1.928064853289544,4.62702502325519,2.1268138000247543,1.38300163488714,1.4706614745922983,4.197961605775845,3.659742652177622,1.4490760529274482,2.728016651702668,2.071857782591996,1.4899945267715144,7.307439675371335,5.401394989295273,1.4196069499359998,0,0,0,0,0,0,0,0,0,0,0,0,0,0,0,0,0,0,0,0,0,0,0,0,0,0,0,0,0,0
533.3333333333334,0_1_53_p1,4.4131382523348215,2.0423580831817447,3.768704453817064,2.2950279117819763,1.4413143918424998,1.4711898967168775,4.313186747055868,3.4324302196623013,1.4392237391396696,2.726661860940708,1.9276490271527504,1.3436544903319174,5.023269788929076,5.5215311027816885,1.4022115864494014,0,0,0,0,0,0,0,0,0,0,0,0,0,0,0,0,0,0,0,0,0,0,0,0,0,0,0,0,0,0
550.0,0_1_53_p1,4.487436430596601,2.1435552524034858,2.0301411100497444,2.443923945912403,1.459501193955848,1.4555411031604075,4.449981310842671,3.2839905107810545,1.4417424609532272,2.735130712487156,1.7945270212114868,1.198666658177845,2.1694072212852205,5.595849522196425,1.3886241262438317,0,0,0,0,0,0,0,0,0,0,0,0,0,0,0,0,0,0,0,0,0,0,0,0,0,0,0,0,0,0
566.6666666666667,0_1_53_p1,4.543521816669154,2.2377306525643066,1.236290431009749,2.537370484378795,1.474368136110829,1.3909502909553844,4.602507710840392,3.244554552884833,1.5317869185497206,2.7978669233606017,1.6798872262328282,1.0725293365173652,3.341935286321222,5.668087766859037,1.4164045528269893,0,0,0,0,0,0,0,0,0,0,0,0,0,0,0,0,0,0,0,0,0,0,0,0,0,0,0,0,0,0
583.3333333333335,0_1_53_p1,4.612862481771762,2.3332182338349536,3.469127472676857,2.532927777476937,1.517260512857863,1.2372376592899377,4.726740104589757,3.2805941975046315,1.553490922233314,2.894534570860884,1.5607492519074528,0.9528181504364588,4.249413851335613,5.794814130033682,1.5082249527428775,0,0,0,0,0,0,0,0,0,0,0,0,0,0,0,0,0,0,0,0,0,0,0,0,0,0,0,0,0,0
600.0000000000002,0_1_53_p1,4.704516787791865,2.413978382930979,4.905263309963758,2.474259201565,1.583452944754388,1.0059621973387314,4.801845477551184,3.3587039790300506,1.5197704303774413,2.931558289671712,1.4233989642894789,0.8078651505031491,4.155758634479559,5.968950638074975,1.607246346874594,0,0,0,0,0,0,0,0,0,0,0,0,0,0,0,0,0,0,0,0,0,0,0,0,0,0,0,0,0,0
616.666666666667,0_1_53_p1,4.813088879959287,2.4781465505119846,6.106815141510924,2.4465027309219227,1.652910273850072,0.778234785875712,4.816588298948265,3.386996974179753,1.5050761167729056,2.933038234566862,1.287569639220836,0.6286782995076706,4.336661513161514,6.1386391143672645,1.6354897033619984,0,0,0,0,0,0,0,0,0,0,0,0,0,0,0,0,0,0,0,0,0,0,0,0,0,0,0,0,0,0
633.3333333333336,0_1_53_p1,4.902706859683002,2.5442152834852227,8.170258894800256,2.503393835973964,1.732038534687295,0.6371525563720309,4.787627904344869,3.291188170491709,1.5517146327517986,2.9023609826781938,1.240703598122902,0.4742863549680304,5.072862625913714,6.254233253415048,1.5858845751560344,0,0,0,0,0,0,0,0,0,0,0,0,0,0,0,0,0,0,0,0,0,0,0,0,0,0,0,0,0,0
650.0000000000003,0_1_53_p1,4.939777508862862,2.6297532341192014,10.491460987230584,2.690935072764065,1.8555653109858423,0.6723816140782902,4.75590845184873,3.0623345147696632,1.6032586784524372,2.8454070472893065,1.4027598306026947,0.4464256764063644,5.997817020108516,6.323669810300345,1.6122598957399312,0,0,0,0,0,0,0,0,0,0,0,0,0,0,0,0,0,0,0,0,0,0,0,0,0,0,0,0,0,0
666.6666666666671,0_1_53_p1,4.996790611770914,2.722551393471031,11.475308377095594,3.009363112449124,2.0422212984267434,0.9410540425531848,4.756965549430307,2.735393809341464,1.9034388284226365,2.850248195611794,1.8004302705688875,0.5981530324549466,6.836980760301598,6.425048706437395,1.844532304499427,0,0,0,0,0,0,0,0,0,0,0,0,0,0,0,0,0,0,0,0,0,0,0,0,0,0,0,0,0,0
683.3333333333338,0_1_53_p1,5.160228877041839,2.817588954699531,11.25520400080564,3.414981127669261,2.2795422566295027,1.387306061282006,4.803841650438301,2.5125050428954445,2.4079169007074364,2.930893416460136,2.367915589369654,0.9000840949427716,8.069601989644688,6.619653993385471,2.111709023990662,0,0,0,0,0,0,0,0,0,0,0,0,0,0,0,0,0,0,0,0,0,0,0,0,0,0,0,0,0,0
700.0000000000005,0_1_53_p1,5.421900331934152,2.92119349834047,10.946724765174071,3.9480727155502704,2.5733083512514323,1.7800792602518327,4.891785265149018,2.565424774991249,2.991546436027435,3.031579563567908,2.9555986325379915,1.288764911622596,9.526257495169238,6.884213633821043,2.359308768105845,0,0,0,0,0,0,0,0,0,0,0,0,0,0,0,0,0,0,0,0,0,0,0,0,0,0,0,0,0,0
716.6666666666672,0_1_53_p1,5.732240722510411,3.027980027798458,10.53457662576273,4.791844718249038,2.9789959995629047,2.0775095892516866,5.025791746056748,2.9408956305971525,3.605692086461605,3.118125289230013,3.533774051256006,1.7237947004570384,9.83779018567136,7.2029467903921525,2.598651755572009,0,0,0,0,0,0,0,0,0,0,0,0,0,0,0,0,0,0,0,0,0,0,0,0,0,0,0,0,0,0
733.3333333333339,0_1_53_p1,6.054830334845352,3.103818611380464,9.846069348313142,6.169309845940181,3.575371895511417,2.3424221350807097,5.230674220335298,3.58441144222694,4.186983019440394,3.235294305101915,4.144275885414001,2.2150982124389365,8.549323274001056,7.573380641703816,2.818702157995108,0,0,0,0,0,0,0,0,0,0,0,0,0,0,0,0,0,0,0,0,0,0,0,0,0,0,0,0,0,0
750.0000000000007,0_1_53_p1,6.372479496916655,3.139830571523253,9.863845733672065,8.18362530613949,4.437168608688135,2.645264328995603,5.51779750802657,4.352784599911909,4.634787500687168,3.557633222960624,4.876610104730912,2.808101219746056,6.772349896446041,7.965912554954241,2.998656356107483,0,0,0,0,0,0,0,0,0,0,0,0,0,0,0,0,0,0,0,0,0,0,0,0,0,0,0,0,0,0
766.6666666666674,0_1_53_p1,6.685599359978672,3.1714620393384143,11.163354111569232,10.75820370256458,5.627614584506587,2.996421211518847,5.877994534589693,5.155691120714298,4.8778451702383885,4.2407975176041335,5.896855050858102,3.5721166293588245,5.341513567569315,8.369815629331704,3.189797003385967,0,0,0,0,0,0,0,0,0,0,0,0,0,0,0,0,0,0,0,0,0,0,0,0,0,0,0,0,0,0
783.333333333334,0_1_53_p1,7.006697585144441,3.2181766919592345,13.351719197127236,13.731707795653854,7.17562865115268,3.3257863366666567,6.313260970571514,5.956570874486714,4.922384260310494,5.275350413618552,7.405479133068293,4.605301529005952,4.476757100150812,8.797704912277634,3.4346238761010754,0,0,0,0,0,0,0,0,0,0,0,0,0,0,0,0,0,0,0,0,0,0,0,0,0,0,0,0,0,0
800.0000000000008,0_1_53_p1,7.340359830915611,3.283741463413393,15.72887283193089,17.001444265999357,9.0476201926545,3.599708716090996,6.835394986677141,6.7531252839748666,4.918459658747827,6.602636842731289,9.534309318239533,5.991878360415383,4.508277091257022,9.232693793034294,3.685647164678743,0,0,0,0,1,1,0,0,0,0,0,0,0,0,0,0,0,0,0,0,0,0,0,0,0,0,0,0,0,0
816.6666666666675,0_1_53_p1,7.6911852231775075,3.3153588027181256,17.318301895782923,20.603339493445457,11.17320581375398,3.8488646739643446,7.361488645026626,7.573325764162309,4.881471025698968,8.189264071673998,12.287674997029663,7.761154401300463,5.535866738832797,9.626514168088123,3.871047112183653,0,0,0,0,1,1,0,0,0,0,0,0,0,0,0,0,0,0,0,0,0,0,0,0,0,0,0,0,0,0
833.3333333333343,0_1_53_p1,8.086474305747252,3.332730898976524,17.048530125955956,24.647753274433093,13.504975339761248,4.275312607301499,7.8854977954845955,8.44765729932198,4.789800486907477,9.919999391945735,15.671617954686678,9.943276543340769,6.991662690416103,9.986288996660766,3.9931711111289214,0,0,0,0,1,1,0,0,0,0,0,0,0,0,0,0,0,0,0,0,0,0,0,0,0,0,0,0,0,0
850.000000000001,0_1_53_p1,8.54402595186901,3.4040754665458204,14.073224125020367,29.214952473524395,16.03377622236642,4.922361336168339,8.422701486450272,9.3958709174092,4.755096279888236,11.545233314283667,19.76006606286368,12.618802629347842,8.018435375967204,10.355004074230258,4.129755060552887,0,0,0,0,0,0,0,0,0,0,0,0,0,0,0,0,0,0,0,0,0,0,0,0,0,0,0,0,0,0
866.6666666666677,0_1_53_p1,9.036143419107947,3.4775917579599325,8.472900720658727,34.31637343002902,18.752746635286726,5.697475170873462,8.904209350769284,10.427204257045934,4.884205794718892,12.867237917273435,24.51902339275033,15.835137325753047,8.221887181585219,10.727206091646226,4.365307332252128,0,0,0,0,0,0,1,1,0,0,0,0,0,0,0,0,0,0,0,0,0,0,0,0,0,0,0,0,0,0
883.3333333333344,0_1_53_p1,9.52224391924739,3.5377418331272112,3.814778735913408,39.79597579612857,21.63716826133756,6.498668523155901,9.309851621976913,11.556745596512588,5.126828818149087,13.90548592896844,29.649911064058752,19.510309323233987,8.17174253240001,11.063347680001073,4.703797473852248,0,0,0,0,0,0,1,1,0,0,0,0,0,0,0,0,0,0,0,0,0,0,0,0,0,0,0,0,0,0
900.0000000000011,0_1_53_p1,9.99460598116094,3.6079573285681352,6.130807024217465,45.38840948845439,24.68670283604416,7.2563065264053055,9.630088190084267,12.78226818995298,5.304720860990154,14.74760776493826,34.801873785783336,23.488074792073032,8.116292832652379,11.342587984036028,5.021088444224366,0,0,0,0,0,0,1,1,0,0,0,0,0,0,0,0,0,0,1,1,0,0,0,0,0,0,1,1,1,1
916.666666666668,0_1_53_p1,10.4654542345176,3.6850542801089534,7.406016519884342,50.99689728702303,27.958537310638576,7.997460736489386,9.862289109827833,14.05913624242385,5.336755864723558,15.48969053528735,39.90123251548344,27.66625637598081,7.013539609455248,11.573179391201029,5.249822475965085,0,0,0,0,0,0,1,1,0,0,0,0,0,0,0,0,0,0,1,1,0,0,0,0,0,0,1,1,1,1
933.3333333333346,0_1_53_p1,10.960730701653247,3.763484070022,6.751221752304384,56.64163246108671,31.48703504342699,8.848561634360584,10.03887150652303,15.166924360228226,5.283093797309764,16.18088839384684,45.127782982314,32.04309902645774,4.5504182112972975,11.778192645180098,5.417971147082072,0,0,0,0,0,0,1,1,0,0,0,0,0,0,0,0,0,0,1,1,0,0,0,0,0,0,1,1,1,1
950.0000000000013,0_1_53_p1,11.503274483519734,3.838742804395169,7.287343687486463,62.17130542953526,35.17849091397459,9.986935731440692,10.176189759818405,15.932198238042144,5.250358875209956,16.795930434251947,50.72501314348045,36.68497319527293,4.157183504006634,11.997613419628737,5.606200888073709,0,0,0,0,0,0,1,1,0,0,0,0,0,0,0,0,0,0,1,1,0,0,0,0,0,0,1,1,1,1
966.666666666668,0_1_53_p1,12.008649755783084,3.898176966998343,11.121891767446463,67.21873650375301,38.8495085050022,11.538807225210796,10.269682524763748,16.33309664287812,5.309058105500515,17.28512655938625,56.8337590155715,41.659146824337846,6.019090269346781,12.26070471804936,5.897438567400485,0,0,0,0,0,0,1,1,0,0,0,0,0,0,0,0,0,0,1,1,0,0,0,0,0,0,1,1,1,1
983.3333333333348,0_1_53_p1,12.37377166171622,3.937490518619508,16.235891892486155,71.41661033792661,42.33158882631388,13.480998582304933,10.316982598511393,16.448960240129658,5.482462499175466,17.56559870232007,63.37733965668,46.9544954532256,6.96391929208732,12.535184649066462,6.32236204330787,0,0,0,0,1,2,1,1,0,0,0,0,0,0,0,0,0,0,1,1,0,0,0,0,0,0,1,1,1,1
1000.0000000000014,0_1_53_p1,12.58485721019083,3.956509089897504,20.292781543743217,74.60480093635172,45.47481196291973,15.688782158331314,10.35041139684382,16.41363285925425,5.81561059155956,17.444918681575615,70.06993640882948,52.45105377956671,7.483830212009403,12.772480839770925,6.8856370608164505,0,0,0,0,1,2,1,1,0,0,0,0,0,0,0,0,0,0,1,1,0,0,0,0,0,0,1,1,1,1
1016.666666666668,0_1_53_p1,12.686324666369126,3.962520761512885,22.63700523165812,76.83955022358906,48.11742179516249,18.02716661674569,10.413127642748638,16.33511748446079,6.4059844930980825,16.73595487276923,76.49673822859889,57.93639952099879,8.204319043812571,12.953338949544271,7.569823947001108,0,0,0,0,1,2,1,1,0,0,0,0,0,0,0,0,0,0,1,1,0,0,0,0,0,0,1,1,1,1
1033.3333333333344,0_1_53_p1,12.740449829812624,3.958743413718596,24.280083486093275,78.2460747511412,50.15938747561702,20.375830279135823,10.529379157226083,16.270766307263123,7.295620432279839,15.788566644569554,82.22526360334776,63.14580391127044,9.094373619356288,13.064424782519826,8.345449229289205,0,0,0,0,1,2,1,1,0,0,0,0,0,0,0,0,0,0,1,1,0,0,0,0,0,0,1,1,1,1
1050.0000000000011,0_1_53_p1,12.776324452877066,3.938900728010801,27.27285902798834,78.92689633971615,51.65459523401092,22.61595767709285,10.72025905594254,16.252906644812526,8.304456898189203,14.984145046090129,86.95314484818871,67.85445690276677,10.61116677358902,13.11367436666332,9.214940572501384,0,0,0,0,1,2,1,1,0,0,0,0,0,0,0,0,0,0,1,1,0,0,0,0,0,0,1,1,1,1
1066.6666666666677,0_1_53_p1,12.808720774608483,3.91505000661426,32.38470328905702,78.98465128231588,52.75235094893135,24.52983959573467,10.988435317229271,16.29081187159927,9.31377164891758,14.282277483325446,90.56237988697282,71.93385784545262,13.561121843443113,13.120613483132582,10.193471780016065,0,0,0,0,1,2,1,1,1,1,0,0,0,0,0,0,0,0,1,1,0,0,0,0,0,0,1,1,1,1
1083.3333333333344,0_1_53_p1,12.843230681695552,3.902759978752651,37.64998280947832,78.44972868185083,53.557348390345965,25.851156986255127,11.30027346124118,16.378168221016555,10.28560187648675,13.616516986871394,92.97084179745086,75.27524949030675,16.99627328583391,13.084165009074429,11.270292697642311,0,0,0,0,1,2,1,1,1,1,0,0,0,0,0,0,0,0,1,1,0,0,0,0,0,0,1,1,1,1
1100.000000000001,0_1_53_p1,12.873251741213505,3.9091041089578646,40.98461431818462,77.19981825799493,54.09851266807176,26.63273138079936,11.6022127931563,16.49589068255703,11.18728626436546,13.044951689762328,94.09117206772214,77.75187028226861,19.846890670078217,13.000753744162944,12.403745830331976,0,0,0,0,1,2,1,1,1,1,0,0,0,0,0,0,0,0,1,1,0,0,0,0,0,0,1,1,1,1
1116.6666666666677,0_1_53_p1,12.868887761159758,3.9446568408543374,42.60769579731601,75.19641083248065,54.38692010929434,27.13969049770236,11.848956314579908,16.57308116551435,12.048614533739796,12.726127013834311,94.06644018793784,79.3432863893289,22.4219129821735,12.926938649504365,13.530300734888556,0,0,0,0,1,2,1,1,1,1,0,0,0,0,0,0,0,0,1,1,0,0,0,0,0,0,1,1,1,1
1133.3333333333342,0_1_53_p1,12.806718285528962,4.001343893746446,43.59599384354938,72.61405993993552,54.39384931250703,27.62952910595621,12.020432762253783,16.548411920340442,12.985126282565153,12.7202356266654,93.31257896706266,80.19837618740685,24.80301847109067,12.900641400752203,14.61668803155092,0,0,0,0,1,2,1,1,1,1,0,0,0,0,0,0,0,0,1,1,0,0,0,0,0,0,1,1,1,1
1150.000000000001,0_1_53_p1,12.703009960649464,4.060725664033428,44.171711688861215,69.59484213844408,53.96527275086218,28.194053083056566,12.124208932391262,16.495545427290576,13.987761816673835,12.933064372473876,92.21006376524517,80.49887542709592,26.028986137578325,12.841760398527404,15.64932255231814,0,0,0,0,1,2,1,1,1,1,0,0,0,0,0,0,0,0,1,1,0,0,0,0,1,1,1,1,1,1
1166.6666666666674,0_1_53_p1,12.596957253341696,4.121338539717959,44.05926153947111,66.09511759318062,52.88296561818565,28.717186555822707,12.183848763447674,16.570497491459598,14.868978993220084,13.253126765285971,90.84790394783158,80.31497640661154,25.589304168296103,12.710670969067,16.588743250425274,0,0,0,0,1,2,1,1,1,1,0,0,0,0,0,0,0,0,1,1,0,0,0,0,1,1,1,1,1,1
1183.333333333334,0_1_53_p1,12.53093186044193,4.1823341921425214,42.527982214145325,62.06422402251548,51.07073779067887,28.95199506711924,12.226032082927778,16.878311246459354,15.497879697973763,13.617471235973644,89.03522879267048,79.593473149077,23.901518580009345,12.567627082580769,17.38448591166652,0,0,0,0,1,2,1,1,1,1,0,0,0,0,0,0,0,0,1,1,0,0,0,0,1,1,1,1,1,1
1200.000000000001,0_1_53_p1,12.534685231822642,4.234371172947716,37.99998528423473,57.61714133798786,48.66190746653748,28.61493585030446,12.270230231909558,17.414079426697953,15.9117551433925,14.00393246749418,86.4748586073784,78.2074613788798,21.237383530350456,12.520893285491775,17.979829682144963,0,0,0,0,1,2,1,1,1,1,0,0,1,1,1,1,0,0,1,1,0,0,0,0,1,1,1,1,1,1
1216.6666666666672,0_1_53_p1,12.605907829790215,4.277819883108958,29.86969072960973,52.96899756542125,45.844937572350105,27.50126810472126,12.310408019138514,18.08639441994964,16.213415743517622,14.407910063078717,82.98743902003204,76.0339154746004,17.665787780252284,12.57222579144465,18.31647309509108,0,0,0,0,1,2,1,1,1,1,0,0,1,1,1,1,0,0,1,1,0,0,0,0,1,1,1,1,1,1
1233.333333333334,0_1_53_p1,12.69231802062484,4.313751397108553,20.76302496109497,48.336102613858685,42.75622613833731,25.649651308934896,12.339667612461168,18.788033100722178,16.462033872487634,14.859588157362282,78.65648689496908,73.06574011697431,13.696815629031404,12.62566967784279,18.373029132682028,0,0,0,0,1,2,1,1,1,1,0,0,1,1,1,1,0,0,1,1,0,0,0,0,1,1,1,1,1,1
1250.0000000000005,0_1_53_p1,12.73220532608607,4.335985372417844,14.534649110586264,43.887576875384944,39.56066761647195,23.41244433673733,12.373241322185528,19.437521579574923,16.634987654273825,15.419749104037674,73.76754038716072,69.45933445336817,10.31365511997785,12.591932374593426,18.14938849088364,0,0,0,0,1,2,1,1,1,1,0,0,1,1,1,1,0,0,1,1,0,0,0,0,1,1,1,1,1,1
1266.666666666667,0_1_53_p1,12.704071158001438,4.337690377754809,11.969211273480632,39.77325171034673,36.50290410580813,21.09365568088753,12.436511237656337,19.978614219854776,16.618708121581566,16.124907467107192,68.6390119670398,65.45763997659958,8.28356693544571,12.473063027375725,17.620080812505762,0,0,0,0,0,0,1,1,0,0,0,0,1,1,1,1,0,0,1,1,0,0,0,0,1,1,1,1,1,1
1283.3333333333337,0_1_53_p1,12.623163919765153,4.322159891948467,10.658565742254067,36.18462099440363,33.76437067740215,18.762669991037694,12.533797163668275,20.37196492085061,16.319165938438076,16.583291288907024,63.51925297769012,61.28303987228463,7.262345073166805,12.367712663741331,16.766728511626802,0,0,0,0,0,0,1,1,0,0,0,0,1,1,1,1,0,0,1,1,0,0,0,0,1,1,1,1,1,1
1300.0000000000005,0_1_53_p1,12.530239388873404,4.300467359078692,8.129160385399748,33.14336414297361,31.32024315679473,16.521726398645605,12.628278472185247,20.569459095700143,15.777628534424489,16.438087184286875,58.57467874667989,57.09291464020869,6.190350795825014,12.306142442387486,15.67403476026583,0,0,0,0,0,0,1,1,0,0,0,0,1,1,1,1,0,0,1,1,0,0,0,0,1,1,1,1,1,1
1316.666666666667,0_1_53_p1,12.471136351383535,4.270547345639366,4.555872558151519,30.44021986751701,29.011926446495423,14.683291967686428,12.672342893888644,20.465354603332933,15.06262382182124,15.837004774438055,53.92196195621019,52.98816918414754,5.605552249907189,12.243657474081273,14.557666167113911,0,0,0,0,0,0,0,0,0,0,0,0,1,1,0,0,0,0,1,1,0,0,0,0,0,0,1,1,1,1
1333.3333333333337,0_1_53_p1,12.40661900011627,4.221734948659472,4.934060079578153,27.86729076356296,26.70290760849108,13.44825989713434,12.665645784735876,19.93794573341586,14.232811425031931,15.101178182618405,49.656217702267085,49.03096834357374,7.326698446177352,12.140021865165536,13.467484710542896,0,0,0,0,0,0,0,0,0,0,0,0,1,1,0,0,0,0,1,1,0,0,0,0,0,0,1,1,1,1
1350.0,0_1_53_p1,12.269018743194792,4.149932886822803,8.520630864013395,25.3186251800189,24.30498727382522,12.66267310380016,12.661378864716388,19.00740476260152,13.39535610974815,14.427828228789451,45.78009391205735,45.23799739152596,10.30104919129368,12.004169616506886,12.387246670621115,0,0,0,0,0,0,0,0,0,0,0,0,1,1,0,0,0,0,1,1,0,0,0,0,0,0,1,1,1,1
1366.6666666666667,0_1_53_p1,12.062300995079289,4.071533942067721,12.843517116438822,22.68077313841985,21.75536230539756,11.973889105400154,12.70467451434267,17.903869908705218,12.435436916431083,13.746234192863389,42.12674994975303,41.56987042925847,13.361501269789803,11.827119695115888,11.294654788717072,0,0,0,0,0,0,0,0,0,0,0,0,1,1,0,0,0,0,1,1,0,0,0,0,0,0,0,0,1,1
1383.3333333333333,0_1_53_p1,11.81908743489232,4.016838588237022,18.160431351964863,20.14739720007106,19.10960488368476,11.074288954811822,12.783982065790608,16.896151829297835,11.2317101306745,12.94013542766994,38.52480697663382,37.96820525968462,16.240161786571047,11.613212946626744,10.186212746241232,0,0,0,0,1,3,0,0,0,0,0,0,0,0,0,0,0,0,1,1,0,0,0,0,0,0,0,0,1,1
1400.0,0_1_53_p1,11.55108626294063,3.9905764859617054,23.49317713949865,17.92009783816692,16.632196208545093,9.872443322838016,12.842084192213736,16.08682424456767,10.0426660627569,12.004498056537248,34.95983895867077,34.414648254948126,18.54894681399029,11.385967336090804,9.100098418655044,0,0,0,0,1,3,0,0,0,0,0,0,0,0,0,0,0,0,1,1,0,0,0,0,0,0,0,0,1,1
1416.6666666666663,0_1_53_p1,11.28545043908096,3.9848004528041736,26.7868832107884,15.985196158746934,14.673398358054373,8.489931722283602,12.84522979338636,15.391083988572692,8.952501612719692,10.904336449215718,31.47752156996601,30.94896004869721,19.69382619722297,11.164425496050152,8.094407743840403,0,0,0,0,1,3,0,0,0,0,0,0,0,0,0,0,0,0,0,0,0,0,0,0,0,0,0,0,1,1
1433.333333333333,0_1_53_p1,11.09143493595194,3.991500957352613,26.3962931993108,14.789236300763266,13.426162161014718,7.16640357112182,12.814775633092768,14.735060924594816,8.068528820507078,9.695539448259236,28.148196578531344,27.65051918902188,19.16206704306961,10.96677583025704,7.1936165871840805,0,0,0,0,1,3,0,0,0,0,0,0,0,0,0,0,0,0,0,0,0,0,0,0,0,0,0,0,1,1
1449.9999999999995,0_1_53_p1,10.95435297571211,3.966991052921806,22.261861643604966,14.5402395067746,12.860306682747678,6.149252856108138,12.785512231628015,14.172947935321906,7.389362255661566,8.650392611144557,25.124063825243702,24.630171620519,16.959563572505132,10.81475445779655,6.379432732043137,0,0,0,0,1,3,0,0,0,0,0,0,0,0,0,0,0,0,0,0,0,0,0,0,0,0,0,0,1,1
1466.6666666666663,0_1_53_p1,10.839574272638451,3.902293189098849,15.951835977384636,15.036831839139204,12.88646458791476,5.612976300527461,12.781938949778176,13.78054306988081,6.79488613225954,7.862622146944202,22.56220102897645,22.016111776856828,13.885106762023934,10.713676341482088,5.647587274527857,0,0,0,0,1,3,0,0,0,0,0,0,0,0,0,0,0,0,0,0,0,0,0,0,0,0,0,0,0,0
1483.333333333333,0_1_53_p1,10.7480786340446,3.917056345005071,10.155962837048564,16.090290837280946,13.473650313255948,5.6129396225064845,12.81918076256346,13.48267315353126,6.233120992973162,7.499628114899622,20.542662671969047,19.89269116197636,11.257642477629128,10.641579418012244,5.038913302204707,0,0,0,0,0,0,0,0,0,0,0,0,0,0,0,0,0,0,0,0,0,0,0,0,0,0,0,0,0,0
1499.9999999999995,0_1_53_p1,10.68343759008888,4.020739197231638,7.225010008803857,17.614034294113164,14.565121968185156,6.065931554405071,12.883754687785077,13.115562029824789,5.759287680153437,7.839745591916386,19.129577823402588,18.263159910434705,10.30648275681204,10.544306997704624,4.573088113930662,0,0,0,0,0,0,0,0,0,0,0,0,0,0,0,0,0,0,0,0,0,0,0,0,0,0,0,0,0,0
1516.666666666666,0_1_53_p1,10.626230800874556,4.166049578142701,7.303567795907536,19.488733199465003,15.993807311281197,6.9679288065101055,12.954149266021792,12.64743581830926,5.445240148134428,9.060673042949116,18.381952247832324,17.105405495030194,11.568373314821246,10.377800845483629,4.2536747034543705,0,0,0,0,0,0,0,0,0,0,0,0,0,0,0,0,0,0,0,0,0,0,0,0,0,0,0,0,0,0
1533.3333333333328,0_1_53_p1,10.566765600675694,4.327217797923974,8.695629077478564,21.495970481830188,17.598195881861383,8.447327840297591,13.043016921972216,12.215465145575555,5.289984397725956,11.047229914451222,18.300432291273747,16.4191031570302,13.92389644906863,10.156752997733204,4.113388761858317,0,0,0,0,0,0,0,0,0,0,0,0,0,0,0,0,0,0,0,0,0,0,0,0,0,0,0,0,0,0
1549.999999999999,0_1_53_p1,10.514802207037908,4.509749436868713,9.822980012944711,23.58066770725212,19.392640606217284,10.506909854573951,13.18384868130262,11.973330467126814,5.25128856978853,13.493015582871164,18.81439022962578,16.201460488893964,15.595681098440346,9.938269918801245,4.0758016451474965,0,0,0,0,0,0,0,0,0,0,0,0,0,0,0,0,0,0,0,0,0,0,0,0,0,0,0,0,0,0
1566.666666666666,0_1_53_p1,10.483171596086349,4.712379047204352,10.450417557665672,25.90577256070469,21.54647362770617,12.921825395599791,13.38495810607089,12.001268062480955,5.419934884208381,16.15032718517094,19.85006622131005,16.462004602971785,15.759082231375658,9.791377677178383,4.002825030814139,0,0,0,0,0,0,0,0,0,0,0,0,0,0,0,0,0,0,0,0,0,0,0,0,0,0,0,0,0,0
1583.3333333333326,0_1_53_p1,10.475497601161894,4.924985198703135,11.298168755994457,28.698008620984407,24.24629927637997,15.57696879310401,13.613350398402613,12.31031678836086,5.892289174902061,19.00005619959972,21.42777030402182,17.28346655768362,14.812846953237718,9.778469278647256,3.88460556545418,0,0,0,0,0,0,0,0,0,0,0,0,0,0,0,0,0,0,0,0,0,0,0,0,0,0,1,2,0,0
1599.999999999999,0_1_53_p1,10.490377576122247,5.130881179151335,13.067147577840249,32.216279411361455,27.65491303537576,18.63728321580898,13.833808570457878,12.854897100681224,6.564008720659048,22.32268316880957,23.679861460075664,18.79518192588056,13.921555108408947,9.923322170726577,3.758420693689014,0,0,0,0,0,0,1,2,0,0,0,0,0,0,0,0,0,0,0,0,0,0,0,0,0,0,1,2,0,0
1616.6666666666658,0_1_53_p1,10.539790358240674,5.327155398997318,15.091352025231078,36.66594875985861,31.90464999630276,22.34692461715302,14.04388423853542,13.54448860590999,7.486505078182621,26.484303763295216,26.728636071778944,21.04530742789205,13.71042893599269,10.186274019744006,3.6847655106110224,0,0,0,0,1,4,1,2,0,0,0,0,0,0,0,0,1,1,0,0,0,0,0,0,0,0,1,2,0,0
1633.3333333333323,0_1_53_p1,10.653510431083529,5.534934360580246,15.423081633060692,41.80494226131314,36.978918284859375,26.79552745042935,14.271407800531112,14.24438229149201,8.745244090137085,31.57218664691403,30.518136942325263,23.91719330228126,13.657548839314876,10.496664365497322,3.665496740613097,0,0,0,0,1,4,1,2,1,2,0,0,0,0,0,0,1,1,0,0,0,0,0,0,0,0,1,2,1,2
1649.999999999999,0_1_53_p1,10.868030462197192,5.765759875935,12.967293042010098,47.34462827510062,42.62517098371721,31.821636663046764,14.555360801695212,14.758690573878258,10.078938731175484,37.36259392106488,34.840312364851044,27.201553751973897,13.046145829460164,10.7954428163544,3.654698456303683,0,0,0,0,0,0,1,2,1,2,0,0,0,0,0,0,1,1,1,2,0,0,0,0,0,0,1,2,1,2
1666.6666666666656,0_1_53_p1,11.2051896052835,5.997890476925632,9.29006346950797,53.24010294175186,48.49022307312672,37.21438590729512,14.901383502951704,14.960069152409863,11.426338678161152,43.64628519465699,39.582777427034905,30.764006551639177,11.955444590292847,11.0519296490794,3.64788743568448,0,0,0,0,0,0,1,2,1,2,0,0,0,0,0,0,1,1,1,2,0,0,0,0,0,0,1,2,1,2
1683.3333333333323,0_1_53_p1,11.6472160202867,6.202922611537287,7.435819651110772,59.03575018973215,54.35962700928048,42.98683623725574,15.264493745716427,14.874969463880587,12.678476470816689,50.25084707069104,44.80532687262392,34.65480781464559,10.945190565013185,11.27444828721892,3.7137879913914817,0,0,0,0,0,0,1,2,1,2,0,0,0,0,0,0,1,1,1,2,0,0,0,0,0,0,1,2,1,2
1699.9999999999989,0_1_53_p1,12.13628758346196,6.3847032390018565,8.323634590024854,64.52083883551748,60.20577233469507,49.342476546319375,15.574545865964147,14.628157527753071,13.781302198606834,56.92974369093948,50.56611176617587,39.02629507331199,10.348303285076437,11.495261561120458,3.9118918427196734,0,0,0,0,0,0,1,2,1,2,0,0,0,0,0,0,1,1,1,2,0,0,0,0,0,0,1,2,1,2
1716.6666666666656,0_1_53_p1,12.61812129938571,6.571471348657407,9.666448199914054,69.80439939948792,65.98350557269039,56.30650814026569,15.77384423308031,14.32201887335916,14.8318449538692,63.61586777481202,56.78005755218094,43.89550014637122,10.013846788711769,11.731958870428633,4.230778499224449,0,0,0,0,0,0,1,2,1,2,0,0,0,0,0,0,1,1,1,2,0,0,0,0,0,0,1,2,1,2
1733.333333333332,0_1_53_p1,13.052777639548236,6.764583637977247,7.892059380187365,74.8220639285343,71.4815664520389,63.49991415662368,15.875607464043169,14.033834520600651,15.90170799692905,70.02167264507806,63.18282202344911,49.02963275984448,9.70289032664809,11.985851510306194,4.584814323413825,0,0,0,0,0,0,1,2,1,2,0,0,0,0,1,2,1,1,1,2,0,0,0,0,0,0,1,2,1,2
1749.9999999999989,0_1_53_p1,13.416886181475784,6.94967565449032,1.7692888755041951,79.35812200585316,76.45405941647647,70.33259186671268,15.956834002544165,13.86697997874566,16.929832515649977,75.63129668733254,69.38399754060904,54.07599776438668,10.62502487077868,12.262954584230965,4.893642291281377,0,0,0,0,0,0,1,2,1,2,0,0,0,0,1,2,1,1,1,2,0,0,0,0,0,0,1,2,1,2
1766.6666666666654,0_1_53_p1,13.71731661819739,7.104914641161711,6.275262715509147,83.32780475718982,80.82969204289695,76.38057857291058,16.0877904358157,13.872495626647446,17.773974450749872,80.09887732526838,75.04338475092095,58.73893320849069,13.852706270746006,12.565235640597717,5.143993959108467,0,0,0,0,0,0,1,2,1,2,0,0,0,0,1,2,1,1,1,2,0,0,0,0,0,0,1,2,1,2
1783.333333333332,0_1_53_p1,13.967325194182456,7.184707004919697,11.634332849681035,86.82991200532801,84.69339285618305,81.55328981700711,16.29759567394799,13.917262628173855,18.28824045205937,83.56031586909575,80.00314692446359,62.87295582069463,17.365639727402495,12.858955865487752,5.488383024673023,0,0,0,0,0,0,1,2,1,2,0,0,0,0,1,2,1,1,1,2,0,0,0,0,0,0,1,2,1,2
1799.9999999999984,0_1_53_p1,14.148931857837278,7.146951185256488,12.81668901509977,89.92330584446638,88.0575500638517,85.97687915925444,16.58087795605156,13.85297693439083,18.37367434892377,86.41752732721413,84.27287843350227,66.45058003608338,19.69759663007012,13.10865094355242,6.263183226431047,0,0,0,0,0,0,1,2,1,2,0,0,0,0,1,2,1,1,1,2,0,0,0,0,0,0,1,2,1,2
1816.6666666666647,0_1_53_p1,14.239063672020809,7.1009208205911225,11.866760475222462,92.42952715938272,90.72324994977647,89.71896788891792,16.900335130846152,13.689293136668397,17.976221072316516,88.86797579419832,87.86642183698166,69.3989733599325,21.60373287136305,13.320117766692624,7.453478976140659,0,0,0,0,0,0,1,2,1,2,0,0,0,0,1,2,1,1,1,2,0,0,0,0,0,0,1,2,1,2
1833.333333333332,0_1_53_p1,14.249712046905598,7.113292588556951,12.005618543352195,94.00219323045604,92.37517196285202,92.60319996949026,17.206830292525968,13.4336895041902,17.409444540240838,90.68965917898826,90.67056508067492,71.51829710226401,23.985350877862462,13.500194631808732,8.760490383458505,0,0,0,0,0,0,1,2,1,2,0,0,0,0,1,2,1,1,1,2,0,0,0,0,0,0,1,2,1,2
1849.9999999999984,0_1_53_p1,14.22036233522005,7.159197520746351,14.55146253595073,94.3328159787971,92.7344462439684,94.31676714997796,17.461241679712746,13.125016792626788,16.952447920816645,91.3817089907906,92.5068990997904,72.61026059553507,26.53885053596151,13.624097607265924,9.89604250775365,0,0,0,0,1,5,1,2,1,2,0,0,0,0,1,2,1,1,1,2,0,0,0,0,0,0,1,2,1,2
1866.666666666665,0_1_53_p1,14.201485893743966,7.214006041525604,18.61897953514996,93.29030309122788,91.6631720737076,94.64956050590123,17.628095017784865,12.871634209931502,16.65878297257786,90.54012796962414,93.27017141304027,72.6374996306733,28.51895098652076,13.649212037710935,10.788252154698776,0,0,0,0,1,5,1,2,1,2,0,0,0,0,1,2,1,1,1,2,0,0,0,0,0,0,1,2,1,2
1883.333333333332,0_1_53_p1,14.231105664783282,7.268830960185336,22.937086631236166,90.98188993606333,89.22576707293878,93.6540295443766,17.686829720185365,12.76830583272013,16.54258266023698,88.18874200802553,92.99211756182044,71.74954642745394,29.449552294623487,13.621491417542456,11.539275522757883,0,0,0,0,1,5,1,2,1,2,0,0,0,0,1,2,1,1,1,2,0,0,0,0,0,0,1,2,1,2
1899.999999999998,0_1_53_p1,14.321894233526512,7.337087324794719,27.04606479726601,87.65472282197365,85.6134696767093,91.62158184780588,17.64308336875853,12.862374545107087,16.566046258305477,84.68345489237477,91.79970127740349,70.17201595911953,29.22346792070256,13.6261653785682,12.251634692901009,0,0,0,0,1,5,1,2,1,2,0,0,0,0,1,2,1,1,1,2,0,0,0,0,0,0,1,2,1,2
1916.6666666666647,0_1_53_p1,14.467267654274258,7.443271333985459,30.657466581763707,83.4722427577986,80.97415935124448,88.79403245751925,17.542989679897687,13.072342918916664,16.678176295626024,80.41553625389547,89.80123787449554,68.02031777961129,28.310951175292374,13.721044790262086,12.96040602384199,0,0,0,0,1,5,1,2,1,2,0,0,0,0,1,2,1,1,1,2,0,0,0,0,0,0,1,2,1,2
1933.333333333332,0_1_53_p1,14.654253587309878,7.596966142128717,33.09724113076541,78.48866198545261,75.34738224606386,85.03667889901082,17.496026419666375,13.200116276313766,16.824481833987118,75.57681247602088,86.97567525411944,65.14545727237515,27.840581303145164,13.897981740884886,13.719302169603123,0,0,0,0,1,5,1,2,1,2,0,0,0,0,1,2,1,1,1,2,0,0,0,0,0,0,1,2,1,2
1949.999999999998,0_1_53_p1,14.88354684271829,7.785740129289503,33.8685109264938,72.8346020178358,68.77344782164461,79.96903644104216,17.529101504877996,13.09717721792628,16.985555531495315,70.1509103574559,83.10307497702736,61.218721575764384,28.375667744156832,14.0937791029932,14.690426126405756,0,0,0,0,1,5,1,2,1,2,0,0,0,0,1,2,1,1,1,2,0,0,0,0,0,0,1,2,1,2
1966.6666666666647,0_1_53_p1,15.169691056980309,7.994056933099316,32.87101624906473,66.83199171040843,61.45526708987212,73.54159436611178,17.65318093037652,12.860923632104138,17.191189560019385,64.14696337106466,77.92410458510724,56.09403393582427,29.321686793090823,14.330310431193316,16.02267424587163,0,0,0,0,1,5,1,2,1,2,0,0,0,0,1,2,1,1,1,2,0,0,0,0,1,2,1,2,1,2
1983.3333333333312,0_1_53_p1,15.50472068967668,8.210211874698429,29.70576117135764,60.86239787666427,53.77418195930011,66.35194461054803,17.889342480402004,12.7298353506506,17.487260336025805,57.74874880058272,71.63442413708968,50.02997041372466,30.63726384465832,14.654368315159582,17.66650152999465,1,1,0,0,1,5,1,2,1,2,0,0,0,0,1,2,1,1,1,2,0,0,0,0,1,2,1,2,1,2
1999.9999999999973,0_1_53_p1,15.87408894803916,8.419949295829868,24.729403407101792,55.062039486768015,46.09807887479792,59.11818606184,18.234190916294303,12.837161151752182,17.918777335533996,51.28742680169063,65.16632321182277,43.477389922988486,32.78098205184508,15.046583448052282,19.37393422734251,1,1,0,0,1,5,1,2,1,2,0,0,0,0,1,2,1,1,1,2,0,0,0,0,1,2,1,2,1,2
2016.6666666666645,0_1_53_p1,16.28292610631477,8.615691102101794,20.51350798261043,49.36294876661044,38.566639712086726,52.29405670294364,18.646017642479883,13.079115672933616,18.49451775738447,45.230778454362266,59.05852671728133,36.73850274280254,35.180946571450775,15.44025887849876,20.79926708838453,1,1,0,0,1,5,1,2,1,2,0,0,0,0,1,2,1,1,1,2,0,0,1,1,1,2,1,2,1,2
2033.333333333331,0_1_53_p1,16.740418898066135,8.803185530362175,18.126784628217973,43.95304830813114,31.07202882569909,46.28442821859891,19.060701077099463,13.29872383209809,19.174491491363703,39.98667887967405,53.45485769196119,29.85804431675713,36.60401521890027,15.829644098555578,21.498599942189465,1,1,0,0,1,5,1,2,1,2,0,0,0,0,1,2,1,1,1,2,1,1,1,1,1,2,1,2,1,2
2049.9999999999977,0_1_53_p1,17.245688434793582,8.990992109029294,15.924766466144876,39.18585934294243,23.45575968109818,41.0822745283768,19.4159595488466,13.430545694194723,19.9302624458406,35.49044351187477,48.55397259910188,22.7744726960488,36.51711616242702,16.237696966595703,21.19346637348217,1,1,0,0,1,5,1,2,1,2,0,0,0,0,1,2,1,1,1,2,1,1,1,1,1,2,1,2,1,2
2066.666666666664,0_1_53_p1,17.78254648470258,9.189387088926477,13.64611025513549,35.20564171078099,15.746733412983922,36.5840366857958,19.683523574188094,13.458688403579064,20.765465203646475,31.583387677346,44.3984525583184,15.55520977040264,35.84870443913634,16.67027324796082,20.46881120890526,1,1,0,0,0,0,1,2,1,2,0,0,0,0,1,2,1,1,1,2,1,1,1,1,1,2,0,0,0,0
2083.3333333333308,0_1_53_p1,18.280936205505043,9.38593739797619,13.09364123539472,32.089482205404686,8.226815217575197,32.78429172112142,19.8574864432756,13.435113817631857,21.387598206452985,28.291431733853493,40.917818706786,8.454152477713384,36.10652727357196,17.09922129554289,19.80453019025233,1,1,0,0,0,0,0,0,1,2,0,0,0,0,1,2,1,1,1,2,1,1,1,1,1,2,0,0,0,0
2099.999999999997,0_1_53_p1,18.631238302341245,9.547641192572142,17.068245329595857,29.83785819601924,1.2527561668530849,29.717914772470053,19.928897666280577,13.365559288202888,21.55043160759731,25.787636342665746,38.049539571968815,1.727522984314749,37.43388290354141,17.477937528844638,19.31070577521257,1,1,0,0,1,6,0,0,1,2,0,0,0,0,1,2,1,1,1,2,1,1,1,1,1,2,0,0,0,0
2116.666666666664,0_1_53_p1,18.84219041458927,9.687435349172986,23.391992778490533,28.4155718947241,-5.029478688458487,27.39991379533689,19.89303592059793,13.192047468277073,21.13058043919791,24.26629869982866,35.81421930541825,-4.550004744789742,39.246305736464194,17.78989333590112,19.02278646854783,1,1,0,0,1,6,0,0,1,2,0,0,0,0,1,2,1,1,1,2,1,1,1,1,1,2,0,0,0,0
2133.3333333333303,0_1_53_p1,18.9714781024119,9.80316701843504,29.140419680244165,27.80846751442761,-10.75862547060691,25.833792795282623,19.74077158322785,12.942870807595511,20.027156163854865,23.82613083653512,34.30469597722189,-10.475624193998794,41.19001425166004,18.06981837108608,19.04678023657183,1,1,0,0,1,6,0,0,1,2,0,0,0,0,1,2,1,1,1,2,1,1,1,1,1,2,0,0,0,0
2149.999999999997,0_1_53_p1,19.0385637334995,9.78327905409085,33.7333981230424,27.99460075523797,-16.09045029492558,25.009536274908903,19.461418257533964,12.72823569154506,19.03519657098708,24.49303244751371,33.55708923500137,-16.171248630245138,41.507767049165416,18.35997168793317,19.44112895928169,1,1,0,0,1,6,0,0,1,2,0,0,0,0,1,2,1,1,1,2,1,1,1,1,1,2,0,0,0,0
2166.666666666664,0_1_53_p1,19.030468301782584,9.631285782643866,37.293105059290966,28.91254002641939,-20.96563571767033,24.883133062298235,19.08301676381001,12.641102302476837,18.31808037481819,26.14873026376348,33.46637788641052,-21.6592204376301,38.27676059412084,18.67036791645,20.07254831484724,1,1,0,0,1,6,0,0,1,2,0,0,0,0,1,2,1,1,1,2,1,1,1,1,1,2,0,0,0,0
2183.3333333333303,0_1_53_p1,18.933633833392847,9.399673298616992,39.87911208952837,30.45091084598083,-25.225141872120087,25.499839572037256,18.65396318746461,12.721854239228776,17.82000433392565,28.563092593273986,33.93904030277586,-26.83561685287029,32.801950624676536,18.966516615156102,20.74911096489944,1,1,0,0,1,6,0,0,1,2,0,0,0,0,1,2,1,1,1,2,0,0,1,1,1,2,1,3,1,3
2199.9999999999973,0_1_53_p1,18.73500300782609,9.138741038044971,40.85986006385495,32.44162432260507,-28.855846869325603,27.04740590454061,18.194191647204395,12.915744299778355,17.443483174293476,31.59487358850388,35.11861032671333,-31.53981629149932,27.76127001493684,19.1948231094984,21.41088039122452,1,1,0,0,1,6,1,3,1,2,0,0,0,0,1,2,1,1,1,2,0,0,1,1,1,2,1,3,1,3
2216.666666666664,0_1_53_p1,18.44111520038346,8.864570278858395,39.54048589285517,34.71616221445376,-32.0613129529232,29.64498388038321,17.714249959179085,13.032081835348071,17.134844339584202,35.179832829349884,37.339929563963416,-35.695770190429826,23.61754072796825,19.332259910376592,22.14726887538536,1,1,0,0,1,6,1,3,1,2,0,0,0,0,1,2,1,1,1,2,0,0,1,1,1,2,1,3,1,3
2233.3333333333303,0_1_53_p1,18.08141246303589,8.602800902947012,36.25281218304518,37.22281344355861,-35.146031669570746,33.093844704670346,17.249121230337288,12.91459465832254,16.91943519592242,39.24700633368414,40.64933022061196,-39.38834407266656,19.239638425675,19.38128102552286,23.09073645738819,1,1,0,0,1,6,1,3,1,2,0,0,0,0,1,2,1,1,1,2,0,0,1,1,1,2,1,3,1,3
2249.999999999997,0_1_53_p1,17.67771426683121,8.355216712528359,32.234935651659924,40.060970291059306,-38.33282689651012,37.01283631670358,16.842260551671036,12.523079293893046,16.899560600129647,43.66573725932203,44.29755067004189,-42.75760500817562,14.04622818331697,19.31564102056825,24.32909629783592,1,1,0,0,1,6,1,3,1,2,0,0,0,0,1,2,1,1,1,2,0,0,1,1,1,2,1,3,1,3
2266.666666666664,0_1_53_p1,17.233294288088654,8.111966655055442,28.73626606489853,43.26368742642205,-41.62206035582629,40.94369187291094,16.540828585613756,11.911632656555174,17.215383373846635,48.07251520133551,47.75803451886286,-45.847566684455785,8.396624588339066,19.08413186597594,25.91213515337509,1,1,0,0,1,6,1,3,1,2,0,0,0,0,1,2,1,1,1,2,0,0,1,1,1,2,1,3,1,3
2283.3333333333303,0_1_53_p1,16.75564599892912,7.869309550984106,25.930154580336048,46.46771166037106,-44.80006295790362,44.33606535233009,16.34708528938576,11.228567361122671,17.96240632382378,51.99008495898544,50.90421303316744,-48.60320476516886,3.8712048417946834,18.65757302262983,27.91266643182,1,1,0,0,1,6,1,3,1,2,0,0,0,0,1,2,1,1,1,2,0,0,1,1,1,2,1,3,1,3
2299.999999999997,0_1_53_p1,16.26324336029003,7.628596630864598,22.937378136043524,49.19884704474766,-47.59414446792785,47.150867192977415,16.201839985605925,10.602570101345831,19.1155257775128,55.36606370024638,53.62698257594253,-50.974144974619264,6.512596241341393,18.054019722963684,30.27865412606043,1,1,0,0,1,6,1,3,1,2,0,0,0,0,1,2,1,1,1,2,0,0,1,1,1,2,1,3,1,3
2316.666666666664,0_1_53_p1,15.778808489601731,7.392923972638173,18.46188891827178,51.37532843076032,-49.86285960038785,49.5656240366237,16.03503986730822,10.084634773792075,20.56121747975749,58.34727950791856,55.963850970653375,-52.99790203249287,12.413563441269742,17.39641930082257,32.445468328029804,1,1,0,0,1,6,1,3,1,2,0,0,0,0,1,2,1,1,1,2,0,0,1,1,1,2,1,3,1,3
2333.33333333333,0_1_53_p1,15.32743709613525,7.172890986165615,12.013815214822577,53.13612637225569,-51.68561090034983,51.76446225000758,15.80976690690512,9.7378822165913,22.186794436248523,61.05126784623892,58.05949415351657,-54.80308048379358,19.761160502963303,16.84330604966357,34.20606618394979,0,0,0,0,0,0,1,3,1,2,0,0,0,0,1,2,1,1,1,2,0,0,1,1,1,2,1,3,1,3
2349.9999999999964,0_1_53_p1,14.920409214136802,6.989354326061348,7.763355535529432,54.67407592667477,-53.24795238865143,53.92425611539152,15.543711548920824,9.583141237260143,23.922951357538988,63.50045383527106,60.02231178111015,-56.49678891004632,28.097076658003168,16.36741653028042,35.68824478113953,0,0,0,0,0,0,1,3,1,2,0,0,0,0,1,2,1,1,1,2,0,0,1,1,1,2,1,3,1,3
2366.666666666664,0_1_53_p1,14.5593302551631,6.857741319745677,9.807485507911736,56.074253373910445,-54.63310751095232,56.10919510695401,15.292957531937288,9.600272294984348,25.7521800120841,65.5182311403676,61.82631209305494,-58.04212043475306,35.420611321253595,15.950184959380993,36.862071239177325,0,0,0,0,0,0,1,3,1,2,0,0,0,0,1,2,1,1,1,2,0,0,1,1,1,2,1,3,1,3
2383.33333333333,0_1_53_p1,14.256600962041531,6.77809313535367,10.160489829461678,57.278244198198365,-55.77441671019399,58.19220447024715,15.095817472420778,9.74997514166019,27.648344854860028,66.767425571324,63.373105504857385,-59.30220026429585,40.27762014487519,15.588471904712538,37.48916183293055,0,0,0,0,0,0,1,3,1,2,0,0,0,0,1,2,1,1,1,2,1,2,1,1,1,2,1,3,1,3
2399.9999999999964,0_1_53_p1,14.02313684900661,6.736666683717782,7.022241635504446,58.24393481666021,-56.60794975872151,59.9858192913224,14.93086403708147,9.946749747766624,28.83851387805726,66.99865777620617,64.6354202824341,-60.19903189848724,42.085000052277366,15.292921105973068,37.42742289394877,0,0,0,0,0,0,1,3,1,2,0,0,0,0,1,2,1,1,1,2,1,2,0,0,1,2,1,3,1,3
2416.666666666663,0_1_53_p1,13.848676021724796,6.714182252358728,3.759260207950851,59.080366462708575,-57.19778695412065,61.44560383835253,14.73911759400676,10.151315703743432,29.33183755511361,66.29341754852732,65.71360075355366,-60.76964038546841,41.07020672229623,15.07805093889107,36.83586518965607,0,0,0,0,0,0,1,3,1,2,0,0,0,0,1,2,1,1,1,2,1,2,0,0,1,2,1,3,1,3
2433.3333333333294,0_1_53_p1,13.702036716102764,6.705113797129801,4.647660379910258,59.9235315210448,-57.66871299198572,62.62444854523763,14.485561745994907,10.400805900521968,29.405162564466472,64.985249312513,66.67691430551983,-61.07586352243024,39.08216929330495,14.936069660772038,35.914161060151386,0,0,0,0,0,0,1,3,1,2,0,0,0,0,1,2,1,1,1,2,1,2,0,0,1,2,1,3,1,3
2449.9999999999964,0_1_53_p1,13.55516671085574,6.726248677495632,6.475336960905381,60.73860054243463,-58.04958749745037,63.48641824424156,14.19425658223162,10.77349793533587,29.25995486359439,63.334961039102126,67.42704155491313,-61.12709315230163,37.74491391163056,14.843323536139916,34.61206008431196,0,0,0,0,0,0,1,3,1,2,0,0,0,0,1,2,1,1,1,2,1,2,0,0,1,2,1,3,1,3
2466.666666666663,0_1_53_p1,13.414487338113268,6.797086721025305,8.716228058005074,61.31137044439687,-58.211278997549854,63.82481403606997,13.918404942297547,11.328203287031393,28.853687125349325,61.41202893131329,67.76798625249889,-60.894491919419,36.81205356696468,14.787624972196234,32.713035301579325,0,0,0,0,0,0,1,3,1,2,0,0,0,0,1,2,1,1,1,2,1,2,0,0,1,2,1,3,1,3
2483.3333333333294,0_1_53_p1,13.306944101464453,6.813251650157927,11.385541329335371,61.377537213682,-57.93794253741976,63.3860843831844,13.683546560766468,12.045322169548346,27.966134142416912,59.18157162805176,67.53438923490178,-60.35793291412139,35.6850600573346,14.78548501951039,30.243510897506187,0,0,0,0,0,0,1,3,1,2,0,0,0,0,1,2,1,1,1,2,0,0,0,0,1,2,1,3,1,3
2499.999999999996,0_1_53_p1,13.253849650758932,6.750100924127364,12.643540432780382,60.83174177587778,-57.07240189404203,62.14772310855445,13.487826588621044,12.853205103309296,26.37810787673579,56.60519734716746,66.75826720246911,-59.529666262203015,34.367443421617935,14.86611135538924,27.63645770554164,0,0,0,0,0,0,1,3,1,2,0,0,0,0,1,2,1,1,1,2,0,0,0,0,1,2,1,3,1,3
2516.6666666666624,0_1_53_p1,13.256996230773122,6.645604931111053,11.869676471542656,59.79956711014467,-55.64006178095544,60.361536636896,13.33188209125405,13.73587461898325,24.29676872307575,53.730653028010174,65.63411787359216,-58.42179480416033,32.25290482924749,15.039111803671425,25.25293543201872,0,0,0,0,0,0,1,3,1,2,0,0,0,0,1,2,1,1,1,2,0,0,0,0,1,2,1,3,1,3
2533.3333333333294,0_1_53_p1,13.28446003377812,6.524168509077617,10.904977199357266,58.48741343242512,-53.83174109730994,58.24471839936505,13.246474874518176,14.738104266417828,22.38661400872413,50.66868678976589,64.24739277435424,-56.98580163772708,28.884055418569403,15.278611843844764,23.22270959781665,0,0,0,0,0,0,1,3,1,2,0,0,0,0,1,2,1,1,1,2,0,0,0,0,1,2,1,3,1,3
2549.999999999996,0_1_53_p1,13.296100012085702,6.437867836285912,10.975086676566104,57.05598366336496,-51.85503002099138,55.82883006000508,13.2814770450136,15.896758006918848,20.764731725902102,47.493786815331006,62.51984178203799,-55.13277763553032,25.82487552242716,15.540565585514925,21.49484943759744,0,0,0,0,0,0,1,3,1,2,0,0,0,0,1,2,1,1,1,2,0,0,1,2,1,2,1,3,1,3
2566.6666666666624,0_1_53_p1,13.27449459058261,6.4045795110999295,11.063209453490916,55.56020781214198,-49.80729624684629,53.13268527786144,13.466886815785225,17.173999037837458,19.44732598279127,44.225594373084085,60.412719047514216,-52.82602710603136,24.540272694753725,15.802509972292771,19.94334741647285,0,0,0,0,0,0,1,3,1,2,0,0,0,0,1,2,1,1,1,2,0,0,1,2,1,2,1,3,1,3
2583.333333333329,0_1_53_p1,13.221032457472685,6.375332683949635,10.763569335603108,53.95249720906439,-47.67334176718804,50.24909275642563,13.757761772270658,18.438915762634643,18.38495155237784,40.864293904435655,58.00424869477143,-50.11874385244426,23.559092592362028,16.058294808745135,18.47423539909134,0,0,0,0,0,0,1,3,1,2,0,0,1,2,1,2,1,1,1,2,0,0,1,2,1,2,1,3,1,3
2599.999999999996,0_1_53_p1,13.149584911310386,6.292825515716673,11.122027011295748,52.16175953642259,-45.40066295930231,47.248688565746136,14.009628655321652,19.56909587283664,17.533680241973926,37.476665966782136,55.4018614875412,-47.13084661196356,20.48761153301377,16.28387477329758,17.066156251987724,0,0,0,0,0,0,1,3,1,2,0,0,1,2,1,2,1,1,1,2,0,0,1,2,1,2,1,3,1,3
2616.6666666666624,0_1_53_p1,13.070437097570354,6.134986483433266,12.208235149298565,50.1139933017617,-42.940089375175816,44.1736852990767,14.168974969997546,20.487982616965024,16.937047418514215,34.2361176111601,52.66058369628907,-44.00827522568162,15.31472076048444,16.43684995558151,15.780558896108603,0,0,0,0,0,0,1,3,1,2,0,0,1,2,1,2,1,1,1,2,0,0,1,2,1,2,1,3,1,3
2633.333333333329,0_1_53_p1,12.971513932433991,5.919531890998576,12.515605194614132,47.73990049388398,-40.26204006604543,41.1039910965421,14.24116601905647,21.14774728970569,16.700875884860615,31.321428677513744,49.78882183051006,-40.86202150921182,10.609959394606715,16.479129072049638,14.718727200140815,0,0,0,0,0,0,1,3,1,2,0,0,1,2,1,2,1,1,1,2,0,0,1,2,0,0,1,3,1,3
2649.9999999999955,0_1_53_p1,12.825689205272468,5.683570312805063,11.053111410541767,45.060318045949295,-37.39274389278487,38.11908463264539,14.21465406525149,21.60985511857921,16.855240791791577,28.74872724266581,46.79078448019199,-37.73564695855104,9.671548815258646,16.412640823098606,13.938706944256204,0,0,0,0,0,0,1,3,1,2,0,0,1,2,1,2,1,1,1,2,0,0,1,2,0,0,1,3,1,3
2666.666666666662,0_1_53_p1,12.60668190813087,5.456267962261915,8.586315886644908,42.2064207243662,-34.39757098358941,35.22958342809857,14.035482271212045,22.04787909087468,17.284779840582686,26.307484872383387,43.69614119912367,-34.63039252513423,11.403587100233125,16.295868547933573,13.433841601851874,0,0,0,0,0,0,1,3,1,2,0,0,1,2,1,2,1,1,1,2,0,0,1,2,0,0,1,3,1,3
2683.3333333333285,0_1_53_p1,12.303744308616832,5.259407661987658,6.728010103098715,39.295702427888045,-31.323423035937445,32.401209288687795,13.680326904889654,22.58987525734057,17.860139276195405,23.71609418468541,40.539577066564654,-31.540546133800465,12.854004467017178,16.207433186410054,13.202516882912551,0,0,0,0,0,0,1,3,1,2,0,0,1,2,1,2,1,1,1,2,0,0,1,2,0,0,1,3,1,3
2699.999999999996,0_1_53_p1,11.932848660204591,5.119085875897414,6.295422898059368,36.38732054344977,-28.212170024191227,29.623975957356464,13.221783992810389,23.22695501286952,18.58128310530393,21.063519843040982,37.37805376605102,-28.47200682073317,13.841420016795952,16.168289813389727,13.289849384301045,0,0,0,0,0,0,1,3,1,2,0,0,1,2,1,2,0,0,1,2,0,0,1,2,0,0,1,3,1,3
2716.666666666662,0_1_53_p1,11.53089250713644,5.053928365807909,6.237420763854477,33.53120987989301,-25.16283793052972,26.981923321241048,12.767272125954008,23.89059219788097,19.535817743012664,18.77693717057851,34.2901862651608,-25.45537832516884,15.131913869657994,16.11694139697346,13.734510495037773,0,0,0,0,0,0,1,3,1,2,0,0,1,2,1,2,0,0,1,2,0,0,1,2,0,0,1,3,1,3
2733.3333333333285,0_1_53_p1,11.145226792391302,5.055270738360191,5.624110236341989,30.792334736571608,-22.329954365659173,24.635970846342943,12.373714037127266,24.527368302966494,20.76714441754517,16.900996365496425,31.34389661586,-22.54530798566574,16.7871008389271,15.995323222213152,14.4220346436879,0,0,0,0,0,0,0,0,1,2,0,0,1,2,1,2,0,0,0,0,0,0,1,2,0,0,0,0,1,3
2749.999999999995,0_1_53_p1,10.8182500224407,5.103519242276412,5.318938033434797,28.279984370674747,-19.832124327628065,22.69705747357615,12.046392631440716,25.114678284717947,22.22503463754464,15.483131107835025,28.60780606226101,-19.80286076293408,18.07296075516086,15.807555784042917,15.07979081541119,0,0,0,0,0,0,0,0,0,0,0,0,1,2,1,2,0,0,0,0,0,0,1,2,0,0,0,0,0,0
2766.666666666661,0_1_53_p1,10.562885556463918,5.1944633988424505,7.204797257606092,26.09931040994249,-17.657520658861984,21.18117094479264,11.795223383949413,25.62142368264621,23.58082265757187,14.55552346064336,26.180882065197604,-17.296038964689696,18.358717574545043,15.575943477805415,15.623765677273925,0,0,0,0,0,0,0,0,0,0,0,0,1,2,1,2,0,0,0,0,0,0,1,2,1,3,0,0,0,0
2783.3333333333285,0_1_53_p1,10.364101043049862,5.340513587135779,10.257722467472677,24.24914862470668,-15.678289175975417,20.07255104361684,11.635070191819898,25.93769535205133,24.287466130298387,14.082992169023838,24.149330202019627,-15.112437141305808,18.009170599518225,15.30143361828608,16.06759780523929,0,0,0,0,0,0,0,0,0,0,0,0,1,2,1,2,0,0,0,0,0,0,0,0,1,3,0,0,0,0
2799.999999999995,0_1_53_p1,10.203036226777048,5.546232349610214,11.31504767435054,22.68255545901288,-13.772737067083783,19.33632040432487,11.567085094176017,25.93075940387184,24.396287292553662,13.965585440987503,22.5365817771488,-13.329496368430105,17.725661871858147,14.97967436021243,16.412505098967998,0,0,0,0,0,0,0,0,0,0,0,0,1,2,1,2,0,0,0,0,0,0,0,0,1,3,0,0,0,0
2816.666666666661,0_1_53_p1,10.074970871464302,5.793119883238092,9.470468350221434,21.35236417359205,-11.923617013564934,18.885870552057337,11.579246408656326,25.59660448208089,23.968189387556222,14.088261998466422,21.28346595145358,-11.956618042706085,17.99818388555554,14.617720373947858,16.705018827725215,0,0,0,0,0,0,0,0,0,0,0,0,1,2,1,2,0,0,0,0,0,0,0,0,1,3,0,0,0,0
2833.333333333328,0_1_53_p1,9.98974881507312,6.064067983000659,6.514853865316279,20.22427952942789,-10.207173699278124,18.59192352040732,11.654583349461332,25.076438265374524,23.11535313827984,14.387994642379136,20.26385865162208,-10.918582710561576,18.405211663902644,14.23761663914408,17.037875876039077,0,0,0,0,0,0,0,0,0,0,0,0,1,2,1,2,0,0,0,0,0,0,0,0,1,3,0,0,0,0
2849.9999999999945,0_1_53_p1,9.961080925788078,6.348643585500378,4.343975289319812,19.32502344139891,-8.729855833976492,18.30993708066991,11.792345765163295,24.515185092810377,22.010186513346888,14.862718539374102,19.389795162504065,-10.100209419615304,17.768016411641455,13.873109782007512,17.497376911992244,0,0,0,0,0,0,0,0,0,0,0,0,1,2,1,2,0,0,0,0,0,0,0,0,1,3,0,0,0,0
2866.666666666661,0_1_53_p1,9.991023998267794,6.626785811809587,3.7578869627804248,18.74706643262686,-7.583754808687035,17.91825338236341,12.016711493942562,23.90619490207929,20.77518555944143,15.532289701191388,18.714219038769617,-9.42201840743393,15.959829865850422,13.543253715172598,18.143618044606274,0,0,0,0,0,0,0,0,0,0,0,0,1,2,1,2,0,0,0,0,0,0,0,0,1,3,0,0,0,0
2883.333333333328,0_1_53_p1,10.054656897230249,6.898472503349377,5.015209371161623,18.52588358617889,-6.799609987040371,17.420368858864215,12.333739568656108,23.09950424946699,19.45530206997324,16.373130133830276,18.33997777963809,-8.869363942626043,14.202687600535848,13.22923049784671,18.989201728766595,0,0,0,0,0,0,0,0,0,0,0,0,1,2,1,2,0,0,0,0,0,0,0,0,1,3,0,0,0,0
2899.9999999999945,0_1_53_p1,10.108587276891187,7.156188548607257,7.620706712076238,18.508629320528485,-6.302485336370893,16.91361211782851,12.713679370069842,22.001119632780146,18.11752765646394,17.29954849059371,18.231483383164587,-8.432898129013287,14.285519980187804,12.911809875355855,19.95205812238916,0,0,0,0,0,0,0,0,0,0,0,0,1,2,1,2,0,0,0,0,0,0,0,0,1,3,0,0,0,0
2916.666666666661,0_1_53_p1,10.125121230691809,7.406283142346239,10.416167053307566,18.42967148623618,-5.957342083928963,16.38963135490615,13.12788636185869,20.746831107095574,16.893629850225928,18.23852237883965,18.198834264895183,-8.069940530918476,16.347272860989943,12.674204998960972,20.85655691087394,0,0,0,0,0,0,0,0,0,0,0,0,1,2,1,2,0,0,0,0,0,0,0,0,1,3,0,0,0,0
2933.333333333328,0_1_53_p1,10.14053890261795,7.660007239944167,12.719702849184694,18.144631698044662,-5.679087629849304,15.790749474297533,13.520492504450392,19.528631531073973,15.891670254464335,19.165841558786507,18.101818614754453,-7.756578279727282,18.43361886289259,12.616824266363745,21.50193117200876,0,0,0,0,0,0,0,0,0,0,0,0,1,2,1,2,0,0,0,0,0,0,0,0,1,3,0,0,0,0
2949.9999999999945,0_1_53_p1,10.211451543729488,7.936327328440525,14.297216266053145,17.69056505650035,-5.458842806367512,15.196501535648617,13.832607474503046,18.41141466708149,15.134779796261531,19.85959053764581,17.953738009778924,-7.529610390300607,18.704400533467112,12.767165847818797,21.724771473844086,0,0,0,0,1,7,0,0,0,0,0,0,1,2,0,0,0,0,0,0,0,0,0,0,1,3,0,0,0,0
2966.666666666661,0_1_53_p1,10.309072777249307,8.238568394887471,14.59056123502761,17.162282876518123,-5.289641703153035,14.8411870849009,14.070136213723035,17.419188234931394,14.601304666926591,19.96399869768229,17.859991624829856,-7.4454795847928095,17.088055197303884,13.087731396226884,21.45170843995508,0,0,0,0,1,7,0,0,0,0,0,0,1,2,0,0,0,0,0,0,0,0,0,0,1,3,0,0,0,0
2983.333333333328,0_1_53_p1,10.390594514209791,8.544739478517709,12.445099218625687,16.619472570770178,-5.121915397607975,14.874865365958742,14.298421659178914,16.57189496833059,14.298445879097711,19.5873045115993,17.90691793011179,-7.507373974989266,14.520061846087309,13.458406798160503,20.775790377595715,0,0,0,0,0,0,0,0,0,0,0,0,0,0,0,0,0,0,0,0,0,0,0,0,1,3,0,0,0,0
2999.999999999994,0_1_53_p1,10.438627496105562,8.833012240452506,8.191127573614512,16.045984214274828,-4.912774331840407,15.33882989470318,14.572199731911034,15.90508546852279,14.29580028862531,18.81044764599231,18.052022469576485,-7.65086774766181,11.88112887357023,13.763765899756027,20.03722281346677,0,0,0,0,0,0,0,0,0,0,0,0,0,0,0,0,0,0,0,0,0,0,0,0,1,3,0,0,0,0
3016.666666666661,0_1_53_p1,10.455841469338926,9.081261983535478,5.226612776836148,15.414074653806056,-4.696496765606579,16.21644366422696,14.889334621874962,15.457530966418563,14.660834541210338,17.9515842725241,18.1642956476568,-7.805463251269077,9.94956063221496,14.080096544968988,19.45703037226604,0,0,0,0,0,0,0,0,0,0,0,0,0,0,0,0,0,0,0,0,0,0,0,0,1,3,0,0,0,0
3033.333333333328,0_1_53_p1,10.450871937125669,9.2615764162091,4.9686998634047,14.81069874682623,-4.57285095084769,17.3808168686332,15.20421480688394,15.228225151734138,15.35108074535138,17.19265922714929,18.17414150654757,-7.951167016451879,9.179228472263064,14.438073179477566,19.00289112746782,0,0,0,0,0,0,0,0,0,0,0,0,0,0,0,0,0,0,0,0,0,0,0,0,1,3,0,0,0,0
3049.999999999994,0_1_53_p1,10.438111802871475,9.352457097004132,5.483050012296018,14.271956220044428,-4.621493343352565,18.589330726675737,15.479488600019142,15.173012609951703,16.23578489414065,16.452544735074007,18.10163116505922,-8.113765876803546,10.101019823638412,14.82166449744274,18.59975497848389,0,0,0,0,0,0,0,0,0,0,0,0,0,0,1,3,0,0,0,0,0,0,0,0,1,3,0,0,0,0
3066.6666666666606,0_1_53_p1,10.45182778925263,9.346898999735345,5.772411030987286,13.775663128012388,-4.845434985910669,19.613280454165608,15.711125467043844,15.247549918658688,17.23051007871926,15.693093934903446,18.03265241786536,-8.32695989282299,11.239845712917802,15.204060566696649,18.22192252790508,0,0,0,0,0,0,0,0,0,0,0,0,0,0,1,3,0,0,0,0,0,0,0,0,1,3,0,0,0,0
3083.333333333328,0_1_53_p1,10.528975470767593,9.265307384818309,5.968068509629702,13.343471612558105,-5.188439130301118,20.39816116484345,15.905858358044195,15.416080359773792,18.352582703016942,14.96178494117183,18.094110069559733,-8.617969115163012,11.166289756281492,15.56115036569605,17.901960942709206,0,0,0,0,0,0,0,0,0,0,0,0,0,0,1,3,0,0,0,0,0,0,1,3,1,3,0,0,0,0
3099.999999999994,0_1_53_p1,10.67164188822634,9.16829483963494,8.092953273295324,12.966188804294356,-5.580661657738615,21.13327091563926,16.055674638107444,15.64873655133793,19.64371581287422,14.307302187846208,18.418736069285693,-9.03270865815599,11.461160025962482,15.873504740720362,17.69524575095758,0,0,0,0,0,0,0,0,0,0,0,0,0,0,1,3,0,0,0,0,0,0,1,3,1,3,0,0,0,0
3116.6666666666606,0_1_53_p1,10.832955188389104,9.120616169049626,8.495713083747154,12.579587676681095,-5.974465254296362,22.126275740182727,16.127141758421725,15.979764504136233,21.08184719824064,13.747410508664608,19.08661285228383,-9.648680030559824,13.366173794835968,16.117362829436857,17.634225748648817,0,0,0,0,0,0,0,0,0,0,0,0,0,0,1,3,0,0,0,0,0,0,1,3,1,3,0,0,0,0
3133.333333333327,0_1_53_p1,10.943700431763505,9.135021047929865,8.024137271816658,12.2027911762582,-6.392170293560569,23.52194403187983,16.075921413452125,16.513581968659622,22.574901452009644,13.31854094331717,20.126854814090173,-10.559078077916109,15.212952900268492,16.268910529073114,17.721000154805463,0,0,0,0,0,0,0,0,1,3,0,0,0,0,1,3,0,0,0,0,0,0,1,3,1,3,0,0,0,0
3149.9999999999936,0_1_53_p1,10.963466719946553,9.189291054396836,8.703485274802913,12.046366965859642,-6.967521962952221,25.21705305450771,15.890834879643194,17.263607323366585,23.99816544745302,13.107593465857434,21.593124341736072,-11.862429651304184,14.076823386646188,16.309124848472507,17.937588779742843,0,0,0,0,0,0,0,0,1,3,0,0,0,0,1,3,0,0,0,0,0,0,1,3,1,3,0,0,0,0
3166.66666666666,0_1_53_p1,10.893850530172124,9.246539542007138,10.296483700104847,12.398202278829327,-7.88877324527981,27.082292587300937,15.640712901388872,17.99394702743934,25.199297259596225,13.281118281197376,23.54586790132189,-13.629569788739804,9.948393721346008,16.224669536,18.26258472977144,0,0,0,0,0,0,0,0,1,3,0,0,1,3,1,3,0,0,0,0,0,0,1,3,1,3,0,0,0,0
3183.333333333327,0_1_53_p1,10.763858793105898,9.302518219312518,11.639519760097537,13.44336316228024,-9.266733383698629,29.04091543960723,15.45303752022684,18.43994249130008,25.99423896447532,14.015050959306985,25.961931684718657,-15.841840095741794,7.080894706441123,16.02246402278835,18.684237710742654,0,0,0,0,0,0,0,0,1,3,0,0,1,3,1,3,0,0,0,0,0,0,1,3,1,3,0,0,0,0
3199.999999999993,0_1_53_p1,10.611819727908262,9.360806824159113,11.405717116062116,15.255029572210033,-11.088173465120144,30.987271159401764,15.321245717019783,18.544839157055392,26.252846071897697,15.323359575650452,28.72008040796242,-18.3899890491954,8.215546784032385,15.741860077517444,19.212972560145253,0,0,0,0,0,0,0,0,1,3,0,0,1,3,1,3,0,0,0,0,0,0,1,3,1,3,0,0,0,0
3216.66666666666,0_1_53_p1,10.469333454809298,9.382298920666464,10.32683210558066,17.86942228577886,-13.293333747117805,32.708813267624805,15.209190500975913,18.3834206211576,26.00752983251655,17.078785564626937,31.671565852448868,-21.16356862558911,12.12178039638466,15.42708681904684,19.883134551070423,0,0,0,0,0,0,0,0,1,3,0,0,1,3,1,3,0,0,0,0,0,0,1,3,1,3,0,0,0,0
3233.3333333333267,0_1_53_p1,10.351260933605689,9.345067678599012,10.100869413788864,21.268265867123457,-15.844828159136888,34.038191917542775,15.08984987563431,18.07558902068969,25.41984104159269,19.19732090787288,34.73425870657342,-24.13206757030721,17.24485098058122,15.087769802185507,20.657183640184485,0,0,0,0,0,0,0,0,1,3,0,0,1,3,1,3,0,0,1,3,0,0,0,0,1,3,0,0,1,4
3249.999999999993,0_1_53_p1,10.246579975770445,9.290215390678696,11.460724044295077,25.29830922546205,-18.716702590650883,34.90420209529571,14.962892157096364,17.664121388654554,24.636300947602347,21.65376750889328,37.95770805095104,-27.334020554755146,22.64526014866789,14.719988375864922,21.262391607033766,0,0,0,0,0,0,0,0,1,3,0,0,1,3,1,3,0,0,1,3,0,0,0,0,1,3,0,0,1,4
3266.66666666666,0_1_53_p1,10.162049054487982,9.27695404627601,11.259987239886472,29.693128871235626,-21.86050024889436,35.32414281893364,14.847434664853276,17.10100071784129,23.721180515976023,24.087784047854434,41.48368686708208,-30.81531061617292,27.37528103073584,14.352538681721558,21.54673844706416,0,0,0,0,0,0,0,0,1,3,0,0,0,0,1,3,1,2,1,3,0,0,0,0,1,3,0,0,1,4
3283.3333333333267,0_1_53_p1,10.113163936170375,9.33157056207788,8.557360909290942,34.17367283880676,-25.20473815570368,35.47657129938565,14.746146183698029,16.415164400552754,22.777349375214893,26.242855720111407,45.46655056152663,-34.58967233611455,30.09136499841177,14.019491301762574,21.6626922447364,0,0,0,0,0,0,1,4,1,3,0,0,0,0,1,3,1,2,1,3,0,0,0,0,1,3,1,4,1,4
3299.999999999993,0_1_53_p1,10.092549739084944,9.434638784615643,9.348078820738149,38.64027338164016,-28.68667679107715,35.69147314848705,14.633312012485606,15.76097120627529,22.00447036416238,28.22406750202268,49.971162578929565,-38.617530116492894,30.746224112804047,13.746082353281684,21.79412361015884,0,0,0,0,0,0,1,4,1,3,0,0,0,0,1,3,1,2,1,3,0,0,0,0,1,3,1,4,1,4
3316.66666666666,0_1_53_p1,10.110718248901186,9.554280932968885,11.42175677219383,43.1604868256074,-32.28236597094612,36.22627486880205,14.505501584415567,15.23205635525259,21.50240599330544,30.203181043195176,54.83753838535705,-42.804304770952456,30.99352895272895,13.542678218891938,21.9381158224646,0,0,0,0,0,0,1,4,1,3,0,0,0,0,1,3,1,2,1,3,0,0,0,0,1,3,1,4,1,4
3333.333333333326,0_1_53_p1,10.180546046948338,9.6751536953522,12.06946526027432,47.824495090539806,-36.00568662396065,37.07497062363252,14.40677366144168,14.765576752470228,21.09925881127016,32.22973562919931,59.74593949325131,-47.04329904038705,31.78968550108748,13.381463090331042,21.91788650520877,0,0,0,0,0,0,1,4,1,3,0,0,0,0,1,3,1,2,1,3,0,0,0,0,1,3,1,4,1,4
3349.999999999993,0_1_53_p1,10.29307159392467,9.7755134167609,12.58029000175434,52.711226927381496,-39.87212097477912,38.0116198076951,14.367937806646644,14.260375779678489,20.50982886606458,34.188608132709646,64.41238482970294,-51.23899263116076,32.154092608092505,13.225016984673482,21.549485723719275,0,0,0,0,0,0,1,4,1,3,0,0,0,0,1,3,1,2,1,3,0,0,0,0,1,3,1,4,1,4
3366.66666666666,0_1_53_p1,10.43326428524651,9.812395772943333,11.791943071014389,57.852421351348674,-43.84600794002809,38.74411431758755,14.365329570631454,13.662480437109656,19.585208312006024,35.905260697878866,68.6441575787735,-55.267577947886366,31.17072596895594,13.084057011756814,20.75476289200729,0,0,0,0,0,0,1,4,1,3,0,0,0,0,1,3,1,2,1,3,0,0,0,0,1,3,1,4,1,4
3383.333333333326,0_1_53_p1,10.58853046285703,9.750904449952438,10.068429629453622,63.13824622993404,-47.79381697710724,39.06086111335672,14.360348918741789,12.96416768607676,18.322391672164507,37.25778360314055,72.29927074675913,-58.95738389909622,29.98819007769525,13.004962173483287,19.622515499601413,0,0,0,0,0,0,1,4,1,3,0,0,0,0,1,3,1,2,1,3,0,0,0,0,1,3,1,4,1,4
3399.9999999999927,0_1_53_p1,10.743091215431694,9.601201584768155,9.086373506759672,68.27412931564713,-51.48575623292705,38.92370780976256,14.340977903728412,12.226080839223334,16.79455669966103,38.16782527880584,75.31958335795171,-62.14332114734268,30.51870449529836,12.99379736698072,18.321340838074345,0,0,0,0,0,0,1,4,1,3,0,0,0,0,1,3,1,2,1,3,0,0,0,0,1,3,1,4,1,4
3416.6666666666592,0_1_53_p1,10.886075422192224,9.395369529627144,8.766966748550141,72.88345264172327,-54.68831175456943,38.45830007002697,14.32966341121016,11.573144167731629,15.20276803739043,38.50303272928717,77.79095566807845,-64.74113336621284,32.347277314892786,13.003278571290933,16.940317350945385,0,0,0,0,0,0,1,4,1,3,0,0,0,0,0,0,1,2,1,3,0,0,0,0,1,3,1,4,1,4
3433.333333333326,0_1_53_p1,11.022949553627834,9.127107464331488,7.201712758466203,76.63645589618176,-57.2715689080769,37.83039418767767,14.329278629519294,11.094624304203396,13.769543026974375,38.1752364125142,79.87186067837824,-66.76403581172468,32.82712102717504,12.998632596420045,15.577961838063624,0,0,0,0,0,0,1,4,1,3,0,0,0,0,0,0,1,2,1,3,0,0,0,0,1,3,1,4,1,4
3449.9999999999927,0_1_53_p1,11.164584395457284,8.794581235029769,4.633860113834121,79.26501222448104,-59.2080028300053,37.09232636203095,14.30982523211581,10.742752423435595,12.546700520154896,37.33088816485136,81.63883675597482,-68.25851348039684,30.71975197214766,12.996383466767178,14.395999554249691,0,0,0,0,0,0,1,4,1,3,0,0,0,0,0,0,1,2,1,3,0,0,0,0,0,0,1,4,1,4
3466.6666666666592,0_1_53_p1,11.31662995939594,8.481022475855827,2.2536906438186173,80.58639171984132,-60.50597310390063,36.15216470217714,14.25407816653712,10.366455770591386,11.554156930232535,36.185732326643766,83.0187159378817,-69.21200547228206,26.6881898272323,13.023055683352428,13.535213331983016,0,0,0,0,0,0,1,4,1,3,0,0,0,0,0,0,1,2,1,3,0,0,0,0,0,0,1,4,1,4
3483.3333333333258,0_1_53_p1,11.472992830505657,8.177010738351392,1.3951142914357508,80.65095675083239,-61.19179655130728,34.89285067170267,14.176165593861468,9.837268313054574,10.81583366887642,34.78951044532098,83.85940949963735,-69.53819589484979,21.055829262954383,13.056804995307372,13.025889227950248,0,0,0,0,0,0,1,4,1,3,0,0,0,0,0,0,1,2,1,3,0,0,0,0,0,0,1,4,1,4
3499.9999999999923,0_1_53_p1,11.606287750287343,7.889957608160052,4.393492895079008,79.7622482287914,-61.316561058874896,33.33247040013732,14.09530632965296,9.190078958309066,10.322906638150704,33.155294947725274,84.00811856940668,-69.1541429363442,14.334279169514506,13.027774560799388,12.785610544236402,0,0,0,0,0,0,1,4,1,3,0,0,0,0,0,0,1,2,1,3,0,0,0,0,0,0,1,4,1,4
3516.6666666666592,0_1_53_p1,11.67888737393621,7.637879568972141,6.353189138708421,78.24458861228229,-60.93778585774994,31.730664116455102,14.017020060098291,8.600355928430382,10.023978397527198,31.4205985152632,83.28989376873702,-68.02148786450076,8.781964453800496,12.904431668212226,12.7073972225621,0,0,0,0,0,0,1,4,1,3,0,0,0,0,0,0,1,2,1,3,0,0,0,0,0,0,1,4,1,4
3533.3333333333258,0_1_53_p1,11.671442088814004,7.3987047337971585,6.617889873435812,76.28204824911755,-60.10959253201904,30.30389973974247,13.926159430214042,8.199931201695584,9.854867557588612,29.737471203766287,81.50953657595218,-66.12794287423498,6.580112860847943,12.804757769973392,12.726689791332646,0,0,0,0,0,0,1,4,1,3,0,0,0,0,0,0,1,2,1,3,0,0,0,0,0,0,1,4,1,4
3549.9999999999923,0_1_53_p1,11.59724051218744,7.153369775078223,6.792215902933998,73.95016434395207,-58.88624590446939,29.01502445009117,13.78822367100648,7.985878667606146,9.774854615568572,28.13957225809981,78.6213762089797,-63.52866475936865,6.676170670071096,12.785434275864686,12.82423012099358,0,0,0,0,0,0,1,4,1,3,0,0,0,0,0,0,1,2,1,3,0,0,0,0,0,0,1,4,1,4
3566.666666666659,0_1_53_p1,11.502156973169743,6.898607532813025,8.100994986516408,71.26854602854803,-57.29905210074834,27.77353949190257,13.569745970211988,7.8726135703748925,9.79473325564428,26.56382007914084,74.89191905258926,-60.40600911932184,7.655923418732872,12.826279232991547,13.036131729180768,0,0,0,0,0,0,1,4,1,3,0,0,0,0,0,0,1,2,1,3,0,0,0,0,0,0,1,4,1,4
3583.333333333325,0_1_53_p1,11.447290310529958,6.636341429553951,10.479551466363803,68.19425157814749,-55.32178718216151,26.55852199162357,13.262069630507858,7.798728284934354,10.0070330942492,24.97587092356984,70.73009754599404,-56.98937826691057,9.042406093054415,12.857772718754791,13.45652398322644,0,0,0,0,0,0,1,4,1,3,0,0,0,0,0,0,1,2,1,3,0,0,0,0,0,0,1,4,1,4
3599.9999999999923,0_1_53_p1,11.42322991846557,6.359626658889266,13.202730025708242,64.65431614847459,-52.90945747828856,25.414489052082445,12.902214897211438,7.744175864025587,10.528950110528106,23.42994195586687,66.39051324237529,-53.42507273306414,10.09073840695787,12.822201896237363,14.13417224055666,0,0,0,0,0,0,1,4,1,3,0,0,0,0,0,0,1,2,1,3,0,0,0,0,0,0,1,4,1,4
3616.6666666666574,0_1_53_p1,11.350100073847484,6.093224056770629,14.665600341686844,60.65525485792948,-50.10744995170589,24.38783827399685,12.554817300464617,7.705384999891101,11.386516080875,22.006973841878978,61.96845164508484,-49.78641761126997,10.092530020614008,12.73206884015774,14.971253599287522,0,0,0,0,1,8,1,4,1,3,0,0,0,0,0,0,0,0,1,3,0,0,0,0,0,0,1,4,1,4
3633.333333333325,0_1_53_p1,11.223181654535772,5.842703291117667,14.007119579475589,56.32557221815915,-47.07949468864026,23.47464060508517,12.249016110256354,7.690188589962213,12.486161125707651,20.751480883572857,57.5176620722911,-46.135023720244526,9.21834591865314,12.637584686090744,15.758366251040776,0,0,0,0,0,0,1,4,1,3,0,0,0,0,0,0,0,0,1,3,0,0,0,0,1,4,1,4,1,4
3649.999999999992,0_1_53_p1,11.079018044365258,5.623445891555894,12.320068571617036,51.8589335824607,-44.00622155602721,22.641994750917902,11.959027508393882,7.69534624880622,13.665183058755222,19.68509406617241,53.01625232921209,-42.49195816265259,8.681438148304768,12.57214790627143,16.390044155102597,0,0,0,0,0,0,1,4,0,0,0,0,0,0,0,0,0,0,1,3,0,0,0,0,1,4,1,4,1,4
3666.6666666666574,0_1_53_p1,10.94919418773201,5.4568629982068,11.24221135423789,47.46395182549142,-40.99896066886694,21.86265479462213,11.64644203218548,7.697105326935633,14.751363733315928,18.877281671495087,48.39700611678574,-38.8264696618764,9.832872889569028,12.52832856973228,16.94927739400072,0,0,0,0,0,0,1,4,0,0,0,0,0,0,0,0,0,0,1,3,0,0,0,0,1,4,1,4,1,4
3683.333333333325,0_1_53_p1,10.849643136975248,5.345050588210785,11.001387694504812,43.37251188314919,-38.12518234803128,21.096895602434373,11.285311897258596,7.680502505925641,15.702164863902915,18.40957091761776,43.735889108185766,-35.152327212183415,12.520632373982757,12.488834026201872,17.44069153012145,0,0,0,0,0,0,1,4,0,0,0,0,0,0,1,4,0,0,1,3,0,0,0,0,1,4,1,4,1,4
3699.999999999992,0_1_53_p1,10.769833541594988,5.2800496493804365,10.402198115407662,39.848814738543794,-35.47105763832239,20.292258616820103,10.874026151533512,7.697235697282752,16.611212329603518,18.26330828400854,39.151053704541496,-31.59753771194589,16.40640949189386,12.465250915468063,17.726416445723565,0,0,0,0,0,0,1,4,0,0,0,0,0,0,1,4,0,0,1,3,0,0,0,0,1,4,1,4,1,4
3716.6666666666574,0_1_53_p1,10.689868842961886,5.260803303502865,8.925099124636272,37.07410261616064,-33.12073769896602,19.43866113092796,10.435517030979844,7.854133418706738,17.42143084693837,18.36800763636797,34.76556261631752,-28.345373413934887,20.50521667566451,12.487817089445509,17.74236448273269,0,0,0,0,0,0,1,4,0,0,0,0,0,0,1,4,0,0,1,3,0,0,0,0,1,4,1,4,1,4
3733.333333333325,0_1_53_p1,10.59870300788424,5.292293049328383,7.1582703092399855,34.97487793280118,-31.07619736086785,18.59742968465613,9.992146432573705,8.192382144814978,17.98280716754355,18.69694918614571,30.795493257383164,-25.523464940430927,22.320728684065138,12.551163277368866,17.574847492797637,0,0,0,0,0,0,1,4,0,0,0,0,0,0,1,4,0,0,0,0,0,0,0,0,1,4,1,4,1,4
3749.999999999992,0_1_53_p1,10.499485879579996,5.370627464508337,5.923459213151945,33.2718078720994,-29.24990862473616,17.933787329109744,9.55853894133848,8.608155919976703,18.25334619923156,19.20085553600031,27.36764646720526,-23.154481507703565,21.494511304260087,12.60367494323448,17.321959319113365,0,0,0,0,0,0,1,4,0,0,0,0,0,0,1,4,0,0,0,0,0,0,0,0,1,4,1,4,1,4
3766.6666666666574,0_1_53_p1,10.408296499782676,5.453358766252888,4.780330026838183,31.727925428935368,-27.539137073309263,17.428186811359563,9.177894352417276,8.97550387388824,18.303657853531185,19.74620250454602,24.51427319717381,-21.207482140129365,21.01199138383737,12.609520391978768,17.044943641587718,0,0,0,0,0,0,0,0,0,0,0,0,0,0,1,4,0,0,0,0,0,0,0,0,1,4,1,4,0,0
3783.333333333325,0_1_53_p1,10.349529057277149,5.477647566148942,3.107128389304377,30.246376434004745,-25.884063260133644,16.74655877583922,8.9094319454526,9.27249024967318,18.16326056549476,20.18424619249964,22.27314935206613,-19.66899630136417,23.030913238524366,12.594113956780967,16.72992406775208,0,0,0,0,0,0,0,0,0,0,0,0,0,0,1,4,0,0,0,0,0,0,0,0,1,4,1,4,0,0
3799.999999999992,0_1_53_p1,10.358756527969163,5.429941725131308,2.847000972751553,28.79753072120662,-24.272519948816605,15.838580504563794,8.74620797415537,9.564403404757028,17.793530041754124,20.41803980363821,20.635200675668464,-18.518927547133,26.16487918485593,12.6044603871773,16.31438161154464,0,0,0,0,0,0,0,0,0,0,0,0,0,0,1,4,0,0,0,0,0,0,0,0,1,4,1,4,0,0
3816.666666666658,0_1_53_p1,10.47651645414153,5.335935108717548,4.439304435287069,27.3687028660048,-22.720827081636056,14.880169476947067,8.66551007867939,9.973137420651591,17.167431512051312,20.412930862284885,19.456971502629507,-17.650793937116628,27.78383529254225,12.649752761916458,15.770208431960135,0,0,0,0,0,0,0,0,0,0,0,0,0,0,1,4,0,0,0,0,0,0,0,0,1,4,1,4,0,0
3833.333333333325,0_1_53_p1,10.71596203857631,5.221967624713134,7.094490049522069,25.976265082946348,-21.26682071215881,14.068458642053718,8.616418613001574,10.5811801075149,16.255739576473346,20.15717333047012,18.51925325464164,-16.89231391580672,27.053174986884,12.707160697764351,15.114469199912737,0,0,0,0,0,0,0,0,0,0,0,0,0,0,1,4,0,0,0,0,0,0,0,0,0,0,0,0,0,0
3849.999999999992,0_1_53_p1,11.020537819453214,5.104349979824852,10.566207903943129,24.665962988025694,-19.95286724701826,13.50118910410054,8.516641129744093,11.387425732677038,15.0519502985015,19.683449438462898,17.671648668779067,-16.117755321468657,24.93165192214036,12.76656378923217,14.41308751675303,0,0,0,0,0,0,0,0,0,0,0,0,0,0,0,0,0,0,0,0,0,0,0,0,0,0,0,0,0,0
3866.666666666658,0_1_53_p1,11.28435333028642,4.987308682270272,13.49836579676026,23.45918683247519,-18.77026748058306,13.194992323365437,8.397148005862508,12.3405659193203,13.674738012189543,19.09317112118345,16.862128859107827,-15.283962024269815,22.58033368511424,12.832607985370656,13.782435527723608,0,0,0,0,0,0,0,0,0,0,0,0,0,0,0,0,0,0,0,0,0,0,0,0,0,0,0,0,0,0
3883.333333333325,0_1_53_p1,11.432683685506774,4.868774596106834,14.57423297142788,22.33362381604321,-17.647838676565737,13.1255830813658,8.250092022086452,13.37719311871111,12.317719826932628,18.48626445161684,16.079233077405544,-14.400987592492555,20.21131023203017,12.89572087586065,13.311539094275275,0,0,0,0,1,9,0,0,0,0,0,0,0,0,0,0,0,0,0,0,0,0,0,0,0,0,0,0,0,0
3899.999999999991,0_1_53_p1,11.46879504145006,4.7472935909758265,14.035137239150794,21.25270679008888,-16.530941492951012,13.24130022956468,8.05820115902195,14.427881839705112,11.130688252975508,17.90987193512606,15.372793670506407,-13.54454171324466,17.57615543417443,12.931282501185413,12.981814296734504,0,0,0,0,0,0,0,0,0,0,0,0,0,0,0,0,0,0,0,0,0,0,0,0,0,0,0,0,0,0
3916.6666666666574,0_1_53_p1,11.451849285787524,4.616034841931122,13.389790997876093,20.17726865826621,-15.423578811602406,13.470043411928197,7.831026650685499,15.422303889812431,10.170429815802834,17.35807346037442,14.793889836242816,-12.816391456383684,15.417120107116112,12.918176190521171,12.710198019309464,0,0,0,0,0,0,0,0,0,0,0,0,0,0,0,0,0,0,0,0,0,0,0,0,0,0,0,0,0,0
3933.333333333324,0_1_53_p1,11.403709197172889,4.481310882383223,13.478761773553916,19.039344158692742,-14.315244579275092,13.724633241986028,7.60035884131947,16.31203120166879,9.38808260293976,16.767030450468212,14.194873302552882,-12.202208716744478,14.410608258487372,12.848882211660309,12.448535966893502,0,0,0,0,0,0,0,0,0,0,0,0,0,0,0,0,0,0,0,0,0,0,0,0,0,0,0,0,0,0
3949.999999999991,0_1_53_p1,11.31973936107776,4.358002432889494,13.871132362716155,17.743560656062904,-13.11109070819987,13.928377455247787,7.3896191651759855,17.055701554711572,8.690807030694726,16.04409725573416,13.394894548781844,-11.528197297645702,13.495972070146273,12.7527736321128,12.170377906541136,0,0,0,0,0,0,0,0,0,0,0,0,0,0,0,0,0,0,0,0,0,0,0,0,0,0,0,0,0,0
3966.6666666666574,0_1_53_p1,11.224799819551189,4.235288056443211,14.07296074503363,16.304719080470676,-11.693574401857488,14.064444397204886,7.214193482144385,17.617668897698483,8.019701509163111,15.179976409335849,12.580161059143505,-10.620033199552063,11.762697322591007,12.66726181656959,11.781744943818614,0,0,0,0,0,0,0,0,0,0,0,0,1,4,0,0,0,0,0,0,0,0,0,0,0,0,0,0,0,0
3983.333333333324,0_1_53_p1,11.1134303435238,4.095796688887892,14.06480649148703,14.870909293023292,-10.047089588721317,14.20628971120183,7.068936734630425,18.062953720596514,7.358609120046299,14.229866122064765,12.01024599011807,-9.46809673209304,10.170720700745973,12.596438244096037,11.24390824157576,0,0,0,0,0,0,0,0,0,0,0,0,1,4,0,0,0,0,0,0,0,0,0,0,0,0,0,0,0,0
3999.999999999991,0_1_53_p1,10.9491659878271,3.9327450444888807,13.341911846156473,13.551435550403566,-8.281931800807362,14.329545591646772,6.931055372662396,18.53629583501659,6.721683688605377,13.211202538878052,11.507050042427414,-8.207746388878338,9.320127326718136,12.510694975262254,10.660943876571828,0,0,0,0,0,0,0,0,0,0,0,0,1,4,0,0,0,0,0,0,0,0,0,0,0,0,0,0,0,0
4016.666666666658,0_1_53_p1,10.72910674706239,3.783814732456067,11.033071465554071,12.380363976900052,-6.552659439622985,14.323229673036902,6.776459457392993,19.121125037642862,6.131562021667888,12.158136540529872,10.95863295118193,-6.975743737208278,7.754866028696295,12.358881281580564,9.982757705000548,0,0,0,0,0,0,0,0,0,0,0,0,1,4,0,0,0,0,0,0,0,0,0,0,0,0,0,0,0,0
4033.333333333325,0_1_53_p1,10.484510743528912,3.691584969543121,7.610204623739013,11.336690995914877,-4.964730960204048,14.28096206883788,6.621662074552417,19.740449404507427,5.599655223229076,11.126904771223654,10.361288901953646,-5.810015235638828,4.721179784142064,12.08707741792621,9.16272124839769,0,0,0,0,0,0,0,0,0,0,0,0,1,4,0,0,0,0,0,0,0,0,0,0,0,0,0,0,0,0
4049.999999999991,0_1_53_p1,10.233776384059112,3.640930458912608,4.972878749573956,10.410404959871313,-3.525145773849013,14.14233436013627,6.482338740890398,20.152503070331463,5.170498090227132,10.156773533980909,9.757066315034404,-4.662635079989325,2.5282495162870102,11.680399576159996,8.250681145490127,0,0,0,0,0,0,0,0,0,0,0,0,1,4,0,0,0,0,0,0,0,0,0,0,0,0,0,0,0,0
4066.6666666666574,0_1_53_p1,9.97201372223338,3.6124989045171367,3.801321768730703,9.629917063778173,-2.180681137354758,13.84227872103994,6.3494431350553615,20.11125951152163,4.869536387726815,9.27672828116533,9.176897148458966,-3.4890850447330384,2.935252990070345,11.19069061076993,7.365001868247045,0,0,0,0,0,0,0,0,0,0,0,0,1,4,0,0,0,0,0,0,0,0,0,0,0,0,0,0,0,0
4083.333333333324,0_1_53_p1,9.686489115900226,3.60348798749372,2.128571611189418,9.018018978900674,-0.8957747065314854,13.469979065432277,6.212486978899976,19.580064268434505,4.677077682312208,8.481201319581169,8.646379987305282,-2.3103889825493464,3.707517755537649,10.742911960404395,6.547614580239517,0,0,0,0,0,0,0,0,0,0,0,0,1,4,0,0,0,0,0,0,0,0,0,0,0,0,0,0,0,0
4099.999999999991,0_1_53_p1,9.384284448371805,3.638142638225237,2.2956683278171206,8.56013311796465,0.3302450922561782,13.045825474250586,6.067972306523421,18.71954839407586,4.582638413369346,7.758871869766479,8.224044463541645,-1.1846807860445976,4.094688383562236,10.433116342101291,5.829934297859419,0,0,0,0,0,0,0,0,0,0,0,0,1,4,0,0,0,0,0,0,0,0,0,0,0,0,0,0,0,0
4116.666666666657,0_1_53_p1,9.087905294414968,3.724763729048284,5.508992052214382,8.228222456511908,1.4813353782635978,12.565729789962392,5.937861921577424,17.714910402928442,4.589119794347477,7.106006993443398,7.998921808159753,-0.1588846220479641,3.8264863766335786,10.24077194253334,5.268569529522042,0,0,0,0,0,0,0,0,0,0,0,0,1,4,0,0,0,0,0,0,0,0,0,0,0,0,0,0,0,0
4133.333333333324,0_1_53_p1,8.79010369290946,3.800423533550402,5.81868361465571,8.015966480970093,2.526528256113357,12.100141548357357,5.841726125255992,16.6595157955892,4.732051234243101,6.540047205897735,8.054868210167744,0.7513055741510488,2.7452069473129725,10.10462715878232,4.899610733695754,0,0,0,0,0,0,0,0,0,0,0,0,0,0,0,0,0,0,0,0,0,0,0,0,0,0,0,0,0,0
4149.999999999991,0_1_53_p1,8.486405317162022,3.901150468732975,3.809083912827152,7.938689329808897,3.446585042324309,11.775589342225048,5.766468292259502,15.587691048171491,5.060481941365128,6.10934654812271,8.409673792036225,1.5825161141757214,1.4379463751172954,10.011053052492947,4.694164170114036,0,0,0,0,0,0,0,0,0,0,0,0,0,0,0,0,0,0,0,0,0,0,0,0,0,0,0,0,0,0
4166.666666666657,0_1_53_p1,8.13130359947974,3.974262174105539,2.497249948744319,8.017341255188281,4.268536753236485,11.675881282326754,5.641371111791886,14.574550608046838,5.577115611129695,5.858029615173749,8.999890125856776,2.392993111103925,1.2801265166227211,9.840442446746014,4.599307602045567,0,0,0,0,0,0,0,0,0,0,0,0,0,0,0,0,0,0,0,0,0,0,0,0,0,0,0,0,0,0
4183.333333333324,0_1_53_p1,7.893794524307129,4.127084444300613,3.139386763207588,8.26158333777771,5.021217994835678,11.799473111841367,5.542065132068039,13.727076598153584,6.232549360714318,5.80368224576987,9.777653315361688,3.1631498686158537,2.014541708099694,9.862913750759777,4.606361619958007,0,0,0,0,0,0,0,0,0,0,0,0,0,0,0,0,0,0,0,0,0,0,0,0,0,0,0,0,0,0
4199.99999999999,0_1_53_p1,7.735623442929133,4.267000051032406,4.945188413804944,8.640729507962645,5.659565716177651,12.115047025529476,5.409364518916809,13.064730466819618,6.964936663943446,5.903262642325016,10.758175599925432,3.7763182022364186,2.512222795049273,9.894315322291495,4.763721923976961,0,0,0,0,0,0,0,0,0,0,0,0,0,0,0,0,0,0,0,0,0,0,0,0,0,0,0,0,0,0
4216.666666666657,0_1_53_p1,7.664423603967964,4.40607678685288,5.915360171757053,9.043791372243687,6.096601204876534,12.616827600687657,5.318784943726537,12.46546866538506,7.748448960878696,6.045715300073424,11.684821864759009,4.134722462937114,1.7616037159642948,9.885056121712807,5.12404918283518,0,0,0,0,0,0,0,0,0,0,0,0,0,0,0,0,0,0,0,0,0,0,0,0,0,0,0,0,0,0
4233.333333333324,0_1_53_p1,7.651907165379826,4.545416420428921,5.58888122387652,9.364770532403782,6.30816019658188,13.297435814456897,5.263831874106013,11.743781534812449,8.592371337554496,6.155775873515076,12.196939575623375,4.2604619236308094,1.97259770248652,9.844346550614684,5.621160655961885,0,0,0,0,0,0,0,0,0,0,0,0,0,0,0,0,0,0,0,0,0,0,0,0,0,0,0,0,0,0
4249.99999999999,0_1_53_p1,7.656451747170744,4.691228238845684,4.86094475913191,9.6096984790392,6.349386858727441,14.11704084304752,5.246304753662688,10.81711406056786,9.47946197449456,6.263272629928484,12.487617036417936,4.276851350840455,3.951568887985244,9.754961997521653,6.118968212364856,0,0,0,0,0,0,0,0,0,0,0,0,0,0,0,0,0,0,0,0,0,0,0,0,0,0,0,0,0,0
4266.666666666657,0_1_53_p1,7.650199252829112,4.852558740168545,4.240051638947556,9.8221111359965,6.288622607198888,15.020101710939244,5.2432621745864685,9.735577262630208,10.380935728717082,6.399555251886032,12.780291860571058,4.310183606267041,5.169267055301703,9.61149736170077,6.661681108903133,0,0,0,0,0,0,0,0,0,0,0,0,0,0,0,0,0,0,0,0,0,0,0,0,0,0,0,0,0,0
4283.333333333323,0_1_53_p1,7.639071331635608,4.983744713572041,4.317880094304965,10.073938909903037,6.164394006320875,15.975234185506157,5.230811094743499,8.60719130540986,11.325215565122033,6.591425999782661,13.13504690353392,4.398128298802599,5.616293752180363,9.42125130384009,7.284320821154339,0,0,0,0,0,0,0,0,0,0,0,0,0,0,0,0,0,0,0,0,0,0,0,0,0,0,0,0,0,0
4299.99999999999,0_1_53_p1,7.635938515388491,5.069316227473541,5.920111984921011,10.43327286730457,5.981336538649642,16.998150577413902,5.200004441424242,7.572052304149423,12.334675813167422,6.889672112563767,13.488262187750465,4.484837438907373,5.514507078978661,9.197150763854944,7.965783439768943,0,0,0,0,0,0,0,0,0,0,0,0,0,0,0,0,0,0,0,0,0,0,0,0,0,0,0,0,0,0
4316.666666666657,0_1_53_p1,7.641831765337775,5.113677143368597,8.653998941412961,10.905281537361445,5.735517469856815,17.971977444894353,5.149806855688691,6.732529546579408,13.40201066863946,7.323409644188269,13.809565655499837,4.504973657837932,4.8021631939330085,8.957480851131628,8.662454430092678,0,0,0,0,0,0,0,0,0,0,0,0,0,0,0,0,0,0,0,0,0,0,0,0,0,0,0,0,0,0
4333.333333333323,0_1_53_p1,7.546789911276692,5.128060165697563,9.748694488117104,11.45385031652264,5.4452778314579415,18.63391896648081,5.185946871145728,6.110680944066135,14.496038290915044,7.91819239032991,14.157665063651285,4.4530247818714015,3.8347086965961457,8.725592950674972,9.3864918723735,0,0,0,0,0,0,0,0,0,0,0,0,0,0,0,0,0,0,0,0,0,0,0,0,0,0,0,0,0,0
4349.99999999999,0_1_53_p1,7.356706203154545,5.156826210355493,6.8648047210422085,12.030712352703375,5.138282057782402,18.90236952592805,5.2582269020598025,5.654192259706144,15.502197939000284,8.639217493547935,14.551690081337329,4.369235705906713,3.5830740772141367,8.261817149761677,10.071057849261496,0,0,0,0,0,0,0,0,0,0,0,0,0,0,0,0,0,0,0,0,0,0,0,0,0,0,0,0,0,0
4366.666666666656,0_1_53_p1,7.166622495032399,5.185592255013422,1.8564540861558407,12.576516813266112,4.826920509094503,18.829302253463364,5.3305069329738775,5.262009093538999,16.248314737898994,9.378377715237756,14.869843821116833,4.294628279052271,4.860989812728993,7.798041348848381,10.566704441583235,0,0,0,0,0,0,0,0,0,0,0,0,0,0,1,5,0,0,0,0,0,0,0,0,0,0,0,0,0,0
4383.333333333323,0_1_53_p1,6.976538786910252,5.214358299671352,1.357425669277366,13.073396523869434,4.531665387781299,18.461485040361417,5.402786963887953,4.878417293612104,16.639048714479593,10.04334124391312,14.927871226094997,4.240360118317834,6.205617961922239,7.334265547935084,10.81515853085156,0,0,0,0,0,0,0,0,0,0,0,0,0,0,1,5,0,0,0,0,0,0,0,0,0,0,0,0,0,0
4399.99999999999,0_1_53_p1,6.786455078788105,5.243124344329281,1.3580120786230463,13.584136402194906,4.295924878699178,17.79570000218809,5.475066994802027,4.52480716304489,16.68918241327462,10.619840487394828,14.62610572217205,4.166153576176223,6.737255711189012,6.870489747021789,10.929058500516067,0,0,0,0,0,0,0,0,0,0,0,0,0,0,1,5,0,0,0,0,0,0,0,0,0,0,0,0,0,0
4416.666666666656,0_1_53_p1,6.596371370665958,5.271890388987211,2.6040697809437767,14.180325245267936,4.147438082662073,16.859075092623783,5.547347025716103,4.172056302286745,16.433181102795142,11.142360831776664,14.010765488990284,4.017835158011943,7.604634823928525,6.406713946108493,11.09568719775666,0,0,0,0,0,0,0,0,0,0,0,0,0,0,1,5,0,0,0,0,0,0,0,0,0,0,0,0,0,0
4433.333333333323,0_1_53_p1,6.406287662543812,5.300656433645141,2.605025244866919,14.742210745803408,3.971174269914693,15.627459069752202,5.619627056630177,3.803022250066144,16.050205283710582,11.482595646162594,13.195141728345192,3.7439233376471535,9.368404069492634,5.942938145195198,11.2594771065602,0,0,0,0,0,0,0,0,0,0,0,0,0,0,1,5,0,0,0,0,0,0,0,0,0,0,0,0,0,0
4449.999999999989,0_1_53_p1,6.216203954421665,5.329422478303071,3.0917923462228227,15.281527597191731,3.7934514828566894,14.458148003602505,5.691907087544253,3.3706496357715063,15.580480872330591,11.789949206099555,12.385913790857902,3.488177128184255,10.764866944357486,5.479162344281901,11.439284671250809,0,0,0,0,0,0,0,0,0,0,0,0,0,0,1,5,0,0,0,0,0,0,0,0,0,0,0,0,0,0
4466.666666666656,0_1_53_p1,6.026120246299518,5.358188522961,5.47733210258921,15.816401963125417,3.646238637912413,13.45561368235055,5.764187118458328,2.9962316461705063,15.089614130593546,12.106220018633325,11.678682053954818,3.294649974598464,10.277186905154236,5.015386543368605,11.636637089601535,0,0,0,0,0,0,0,0,0,0,0,0,0,0,0,0,0,0,0,0,0,0,0,0,0,0,0,0,0,0
4483.333333333323,0_1_53_p1,5.836036538177371,5.38695456761893,6.195964128115744,16.332957100516463,3.5344393774856906,12.598283937846617,5.836467149372403,2.787659662881432,14.617113840183013,12.43951361794202,11.113775888384914,3.1692675652866806,7.783037001758993,4.55161074245531,11.837659030677594,0,0,0,0,0,0,0,0,0,0,0,0,0,0,0,0,0,0,0,0,0,0,0,0,0,0,0,0,0,0
4499.999999999989,0_1_53_p1,5.645952830055225,5.41572061227686,5.670481840702214,16.831331946557246,3.4462023214429185,11.765988596385032,5.908747180286478,2.740471680641148,14.16839018351731,12.785605131769897,10.657955993449258,3.081011281083086,4.511628357321577,4.087834941542013,12.025576446044802,0,0,0,0,0,0,0,0,0,0,0,0,0,0,0,0,0,0,0,0,0,0,0,0,0,0,0,0,0,0
4516.666666666656,0_1_53_p1,5.455869121933079,5.44448665693479,5.013765209840853,17.33923972519934,3.3906666692211687,10.863668679739147,5.981027211200553,2.772451039242992,13.720258374573351,13.141083739751732,10.244499672705896,2.988027168461408,4.735912951418472,3.6240591406287184,12.196739155488514,0,0,0,0,0,0,0,0,0,0,0,0,0,0,0,0,0,0,0,0,0,0,0,0,0,0,0,0,0,0
4533.333333333322,0_1_53_p1,5.265785413810932,5.473252701592719,4.266379599547808,17.846538286466085,3.392726722887467,9.879485254464475,6.053307242114628,2.815461561457799,13.223478271796187,13.490202836814207,9.83488724777778,2.8804554488327545,3.926857571985337,3.1602833397154217,12.365844968592212,0,0,0,0,0,0,0,0,0,0,0,0,0,0,0,0,0,0,0,0,0,0,0,0,0,0,0,0,0,0
4549.999999999989,0_1_53_p1,5.075701705688784,5.5020187462506485,6.102268213472359,18.28425905592822,3.5405338434325992,8.6206790446873,6.125587273028703,2.888678238757648,12.276044991030323,13.694480366820551,9.177709612729188,2.7777959263640577,7.015158438760992,2.696507538802125,12.564853151044352,0,0,0,0,0,0,0,0,0,0,0,0,0,0,0,0,0,0,0,0,0,0,0,0,0,0,0,0,0,0
4566.666666666656,0_1_53_p1,4.885617997566638,5.530784790908578,6.102268213473095,18.72197982539036,3.68834096397773,7.361872834910125,6.197867303942778,2.961894916057496,11.328611710264456,13.898757896826895,8.520531977680596,2.6751364038953604,7.015158438760444,2.2327317378888303,12.763861333496491,0,0,0,0,0,0,0,0,0,0,0,0,0,0,0,0,0,0,0,0,0,0,0,0,0,0,0,0,0,0
4583.333333333322,0_1_53_p1,4.695534289444492,5.559550835566508,6.102268213473493,19.159700594852488,3.836148084522862,6.10306662513295,6.270147334856853,3.0351115933573447,10.381178429498592,14.103035426833245,7.863354342632005,2.572476881426663,7.015158438760931,1.7689559369755337,12.962869515948627,0,0,0,0,0,0,0,0,0,0,0,0,0,0,0,0,0,0,0,0,0,0,0,0,0,0,0,0,0,0
4599.999999999989,0_1_53_p1,4.505450581322345,5.588316880224438,6.102268213473095,19.597421364314624,3.9839552050679936,4.844260415355777,6.342427365770928,3.108328270657193,9.433745148732728,14.307312956839588,7.206176707583413,2.469817358957965,7.0151584387613575,1.305180136062237,13.161877698400763,0,0,0,0,0,0,0,0,0,0,0,0,0,0,0,0,0,0,0,0,0,0,0,0,0,0,0,0,0,0
4616.666666666655,0_1_53_p1,4.3153668732001975,5.617082924882368,6.102268213472992,20.03514213377676,4.131762325613124,3.5854542055786016,6.414707396685003,3.181544947957041,8.486311867966862,14.511590486845934,6.548999072534823,2.3671578364892683,7.015158438760871,0.841404335148944,13.3608858808529,0,0,0,0,0,0,0,0,0,0,0,0,0,0,0,0,0,0,0,0,0,0,0,0,0,0,0,0,0,0
4633.333333333322,0_1_53_p1,4.125283165078051,5.645848969540297,6.102268213472696,20.47286290323889,4.279569446158256,2.3266479958014266,6.486987427599079,3.25476162525689,7.538878587200998,14.71586801685228,5.891821437486231,2.264498314020571,7.015158438761175,0.3776285342356473,13.559894063305038,0,0,0,0,0,0,0,0,0,0,0,0,0,0,0,0,0,0,0,0,0,0,0,0,0,0,0,0,0,0
4649.999999999989,0_1_53_p1,3.935199456955905,5.674615014198227,6.102268213472712,20.910583672701023,4.427376566703387,1.0678417860242533,6.559267458513153,3.3279783025567387,6.591445306435132,14.920145546858626,5.23464380243764,2.1618387915518733,7.015158438760992,-0.0861472666776492,13.758902245757174,0,0,0,0,0,0,0,0,0,0,0,0,0,0,0,0,0,0,0,0,0,0,0,0,0,0,0,0,0,0
